[[-3.71399301e-01 -7.50294093e-01  6.61944154e-02  1.01585775e+00
  -8.91230613e-01 -6.70837973e-01  1.86685887e-01  8.71632849e-01
  -1.19769621e+00 -2.61009607e-01 -3.56846591e-01 -2.91423280e-01
   1.03492262e+00 -1.02637043e+00  3.48340635e-02 -8.03678917e-01
   5.98076677e-01 -1.39787313e+00  8.97145923e-02 -4.86735911e-03]
 [-9.18799216e-02 -8.40203865e-02  7.48076642e-01  8.89413096e-01
   2.03062820e-01  1.35640437e-01 -1.39290253e+00 -3.86567755e-01
   4.53454285e-01 -4.64305163e-01  1.41296600e+00 -7.37775571e-01
   1.12635476e-01 -1.00783183e+00 -1.86863578e-01  1.02575184e+00
  -7.62709817e-01 -3.18995125e-02 -5.13764524e-01  3.96769727e-01]
 [ 4.06326356e-01 -2.05139241e-01  4.74826257e-01 -4.28734464e-01
  -8.80242309e-01 -3.84465608e-01 -2.73327359e-01 -3.77746192e-01
   1.38813672e+00 -1.43421750e+00 -6.90618481e-01 -1.73689635e-01
  -6.27820416e-01 -4.72114978e-01 -7.76780364e-01  1.30255440e+00
  -7.42202527e-01 -4.65502171e-01  8.49314238e-01 -5.98078495e-01]
 [ 5.25530745e-01 -8.73033491e-02 -9.47269547e-01 -8.24292034e-01
  -1.14389691e+00  2.98805744e-02 -1.46366045e-01  4.91622044e-01
  -6.70300205e-01  9.64455343e-01  2.07380052e+00  8.58768393e-01
   2.19139309e-01  6.43756392e-01  1.35355813e+00 -9.70485959e-01
  -2.80997990e-01  5.78081119e-01 -8.00211591e-01 -6.90197805e-02]
 [-4.93377886e-01 -3.08665301e-02 -2.93529809e-01  1.00004927e+00
   1.69602609e-01  1.14287477e-01 -3.34253238e-02  9.66841890e-01
   6.40590582e-01 -7.27937941e-01 -9.95669620e-01  6.54053256e-01
  -1.33566212e+00 -1.37306619e+00  1.26283405e+00 -2.77514963e-01
  -4.55039547e-02 -4.14327022e-01 -1.61281570e-01 -6.33094607e-01]
 [ 7.79231630e-02 -7.32796282e-01  4.86678644e-02 -8.70961976e-01
   1.20179109e+00  1.84020580e-02 -3.15524976e-01  1.27635507e-01
   1.57138983e+00  4.34633113e-01  5.70150609e-01  2.08238410e-01
   1.10052584e+00 -1.28300725e+00 -1.25869645e+00 -1.30896582e+00
   9.99379253e-01 -6.54553975e-01 -7.90232089e-01  3.08013153e-01]
 [-9.19394755e-01 -6.41011997e-01  6.86853496e-01 -3.77599264e-01
  -1.57379835e-01  4.51362235e-01 -7.27127845e-01  1.24602667e+00
  -1.05130035e+00 -4.74491313e-01  1.42754421e-01  1.17059533e+00
  -8.80041400e-02  6.54322832e-01 -4.66461629e-02 -9.35472725e-01
  -2.25280172e-01  9.40111552e-01 -7.97649539e-01  2.42732408e-01]
 [-1.69085282e-01 -2.97847901e-01  2.06059721e-01  1.33473604e+00
   6.20965184e-01 -3.68180950e-02  8.96596696e-01 -2.64814069e-01
  -1.97764424e-02 -6.35766035e-01 -8.79458506e-01  4.07279804e-01
   7.92440046e-01 -1.08385578e+00 -3.71594596e-01 -5.23604984e-01
  -8.27942168e-01 -8.47616479e-01  1.18619826e+00  2.21194850e-01]
 [-3.76950530e-01  7.29129472e-01  6.25463549e-01  6.52347344e-01
   5.35160159e-01 -1.79170273e+00 -3.24702643e-01  1.30756191e-02
   6.39247992e-01  1.05454959e+00 -4.09046726e-01 -2.50240511e-01
   6.18765531e-01 -6.87672766e-01 -9.71020819e-01  7.82131935e-01
   2.77646717e-01  1.65952134e+00 -1.39562868e-01  1.18420116e-01]
 [-6.09576333e-01 -5.39111301e-01 -2.59480181e-01  4.30630040e-02
  -6.75715700e-01  1.22236191e+00  1.17452495e+00 -4.29514238e-01
   4.88148478e-01  2.30193453e-01  5.86088015e-01  2.22916534e-01
   8.67538663e-01 -7.54789627e-01  2.26138571e-01  1.93718014e-01
   2.00557609e-01  1.13670973e-01 -3.49974925e-01  5.67217353e-01]
 [-4.64427058e-01 -5.57638849e-01  1.43680292e+00  4.20075685e-01
  -9.46162296e-01 -6.75517403e-01 -1.35193171e+00  1.14874368e+00
  -4.84789102e-01 -7.64080697e-01  8.97330454e-01  5.79652296e-01
   1.35892327e+00 -1.32099643e+00 -1.02773681e-03 -3.17838379e-01
   2.62211572e-01  8.03833541e-01  8.51103629e-01  6.97210553e-01]
 [ 8.30134346e-01 -7.86894706e-01  6.01420877e-01 -3.91750058e-01
  -2.02904434e-02 -9.21771560e-01  3.03310690e-01  7.14055568e-02
   5.02398073e-01  1.42684974e+00 -3.26308610e-02 -2.53034750e-01
   4.29321975e-01 -4.05605915e-01 -7.70129182e-01  5.76328023e-01
  -7.50504235e-01  1.59359400e+00 -1.11234786e+00  1.20489120e+00]
 [ 1.06696715e+00 -1.39908385e+00 -1.72472748e-01 -5.43353514e-01
   2.54395381e-01 -9.34790992e-01  2.75830506e-02 -7.20205400e-01
   1.08061145e+00 -4.86148194e-01  4.48188632e-01 -7.80248162e-01
   1.68641089e-01  2.10207082e-01  8.14289505e-02  6.46095139e-01
  -3.78665263e-01  4.65227938e-01  2.06745823e+00  3.64972322e-01]
 [-1.06857080e+00  1.94926127e-02 -3.90738599e-01 -1.10504373e+00
   6.79810525e-01 -1.17994637e+00 -6.06465532e-01 -4.07578929e-01
   4.18278517e-01 -5.97459098e-01 -3.41927177e-01 -9.17100333e-02
   9.82073535e-01  1.56352254e+00  6.07731148e-01  8.59674564e-01
  -1.04601802e+00 -3.60958905e-01 -4.37440427e-01 -4.15870714e-01]
 [ 3.81157110e-01  5.92974534e-01 -6.81741616e-01  6.80532300e-01
  -3.81888157e-01 -1.19055189e+00 -1.73021130e-01 -7.23318277e-02
   4.60680625e-01 -1.09653032e+00  5.34736432e-02  9.29317037e-02
   4.04023457e-01 -7.72282661e-01  3.61514176e-01 -1.23441802e-01
   2.72066335e-01 -6.40371807e-01 -1.48436641e+00 -7.24242569e-02]
 [ 7.25487001e-01 -7.88456279e-01 -1.05185268e-03 -3.82458265e-01
  -4.14014326e-01  6.49344743e-01  1.52682247e+00  6.43148685e-01
   5.35671322e-01  1.57805228e+00 -2.22804247e-01 -1.90388440e-01
   8.46619199e-01  1.51454096e-01  4.76573427e-01 -1.34699796e+00
  -9.65699452e-01  1.23944994e+00  3.68244341e-01 -1.52446603e+00]
 [ 2.11912511e-01  6.92760190e-01  4.31644832e-01 -4.13429188e-01
   1.01379257e+00 -1.30693206e-01  1.24823772e+00 -1.32098654e-02
   1.41858478e-01  4.45958772e-01  2.14134910e-01  6.16145871e-01
  -9.82326719e-01 -2.67779917e-01 -6.55925433e-01  8.60707386e-01
  -4.28432174e-01 -6.73972195e-01  3.02533462e-01  1.51106055e-01]
 [-6.22879183e-01 -4.26922507e-01 -5.40281155e-01 -3.27709079e-01
  -3.80450282e-01 -9.42161029e-01  3.30870559e-01 -4.94432052e-01
   5.34294139e-01  6.45314725e-01 -6.96220954e-01 -2.30680130e-01
   1.76255238e-01  7.89997080e-01 -8.98650387e-02 -1.20572999e+00
  -6.22582947e-01  3.94046779e-01  1.01874618e+00  9.14844536e-01]
 [-4.12668690e-02 -1.50607805e+00  6.07162963e-01  5.06967863e-01
   8.59856805e-01  7.81199426e-01 -2.10532679e-01  6.96511336e-01
  -4.02783256e-01 -9.55606788e-01 -1.53833712e-01 -8.28513366e-01
   9.81271317e-01  5.09806765e-01 -6.05707866e-01 -6.12563424e-01
  -6.65956970e-01 -4.42930537e-02  5.58790654e-01  4.86637360e-01]
 [ 7.04466455e-01  3.77043282e-01 -5.07581641e-01  6.49928659e-01
  -3.59174477e-01 -8.18263272e-01 -2.09603951e-01  7.01740511e-02
  -1.94846173e-01 -9.96189883e-01 -1.74860584e-01  3.92523593e-01
  -5.35035445e-01  1.83616763e-01 -2.80733246e-02 -1.10330283e+00
  -5.64303726e-01 -1.23859282e-01 -6.30655557e-01  3.94754975e-02]
 [-3.01327374e-01 -2.95819594e-01 -7.14406934e-02 -5.13423566e-01
   3.43885189e-01 -1.52479511e+00 -8.14484638e-01  4.54833384e-01
  -5.91364358e-01  9.13208956e-02 -1.12535408e-01 -3.76639133e-01
   6.56613900e-01 -5.56438884e-01 -8.68996839e-01 -3.90467033e-01
   7.15991839e-02 -9.32517456e-01 -1.73781021e+00  1.11700950e+00]
 [ 1.97183722e-03 -3.75087587e-01  8.72336358e-01  2.78511983e-01
   1.60533530e-01  6.51581233e-01 -6.12190841e-02 -1.10854676e+00
   4.63531473e-01  6.60631669e-01 -1.21114889e+00  1.26544682e-01
   1.46653136e+00 -6.95209460e-01 -2.90192556e-01 -1.26117006e+00
   7.39160042e-01  5.14098281e-01  5.27950232e-01  2.84890436e-01]
 [ 1.23244139e-01 -9.62272146e-01  2.93371800e-01  8.43018268e-01
  -3.43719924e-01 -1.10041059e+00 -1.00087101e-01  1.42143451e+00
  -2.91992977e-02  5.42035131e-01 -1.75239565e-01  2.74648775e-01
  -1.12382302e+00  5.42083616e-01  3.07533903e-01  9.17022318e-01
  -2.01487919e-01 -6.70238807e-01  5.45463798e-02  2.26063477e-01]
 [ 1.23720810e+00 -2.78626768e-02  6.70529276e-01 -4.55526697e-01
  -8.05294443e-01 -1.23144178e+00 -6.20421521e-01  8.06838705e-01
  -4.87904424e-01 -8.17218855e-01  5.53367867e-01  2.29863338e-03
   3.18693743e-01  1.69469182e-01  5.88959029e-01  1.13450312e+00
  -3.17645906e-01 -6.09697694e-01 -1.28126811e-01 -6.58345485e-01]
 [-6.16568038e-01 -1.06600454e+00  7.15376665e-01  7.07245053e-02
  -7.43067300e-01 -3.14941683e-01 -5.76649866e-01 -1.26955957e+00
  -2.22934663e-01 -2.36217570e-01 -4.62199287e-01  5.93428653e-01
   1.58891939e-01  2.00766089e-01  9.20420947e-01 -3.56238212e-01
  -1.64675432e-01  6.47540442e-01  6.17533652e-01 -1.36486636e+00]
 [ 3.77578146e-01 -5.58999226e-01  6.19723631e-01  9.54802238e-01
  -9.83520950e-01 -2.09370440e-01  3.39944605e-01 -2.82498097e-01
  -1.04038946e+00 -1.14460294e+00 -2.87188282e-01  4.29709225e-02
  -1.75120384e-01 -4.03469992e-01 -9.92267352e-01 -2.18141439e-01
  -1.41833926e-01  1.67533924e-01  2.36685632e-01 -6.54426370e-01]
 [-4.59481514e-01  4.24509963e-01  7.29012218e-01  1.31402060e+00
   6.73993009e-01 -7.35387389e-01 -4.35099579e-01 -5.89865438e-01
  -2.44912153e-01  4.51776295e-02 -8.47174801e-01  2.11186011e-01
   1.32500052e-01 -5.86868149e-01  4.09964155e-01  8.33316978e-01
   2.82121253e-01  7.88749719e-01 -7.50952766e-01  4.53305968e-01]
 [ 2.64603004e-01  1.02038560e-01 -6.08287554e-01 -5.43313640e-01
  -1.33999150e+00 -1.11957218e-01  2.91162473e-01 -8.66651725e-01
  -6.59467711e-04 -1.25347503e+00 -6.16181362e-01  3.90088803e-01
  -4.61612384e-01  4.94618261e-02 -1.27889986e+00 -1.74155037e-01
  -7.72595757e-01  4.66992866e-01  6.39688078e-01  4.92504433e-01]
 [ 1.94020738e+00 -7.74641610e-03  3.85555615e-01 -4.33679133e-01
  -2.87987562e-01 -6.39717889e-01  1.42781932e-01  9.42973675e-01
  -7.38409942e-01  9.79692334e-01 -3.92462512e-02 -2.97389213e-01
  -9.98177718e-01 -3.81094883e-01  7.89267950e-01  4.01519294e-01
   3.14556481e-01  1.51663724e+00 -6.39402298e-03  1.50664951e-01]
 [ 9.40372038e-01  5.66095274e-01  7.35773676e-01  7.53534409e-01
  -6.56733954e-01 -4.57418079e-01 -1.63470853e+00 -1.30031155e+00
  -1.09716387e-01  1.43385415e-01 -5.60889173e-01  1.22119736e+00
   1.21229700e+00 -2.54948526e-01 -2.46614817e-01  8.48505654e-01
  -7.65856022e-01  6.19051755e-01 -4.63604511e-02 -3.47567387e-01]
 [-5.48561288e-02  8.44109026e-01 -9.31971219e-02  7.69526765e-01
  -5.02938302e-01 -9.75546763e-01 -5.59152874e-01  4.77832192e-01
   4.25638916e-01 -7.42258316e-01 -1.44449305e-01 -1.55631878e-01
  -2.50076839e-02 -3.69108311e-01 -2.75129346e-02  2.63838822e-01
   6.28422109e-01 -3.52639959e-01 -1.23211223e+00 -3.77562835e-01]
 [ 1.04003480e+00 -1.30529087e+00 -3.50360670e-01 -2.87053007e-02
  -9.87001242e-01 -1.39726698e+00 -2.58909256e-01  4.57659914e-01
   5.52930981e-01  6.77973762e-01 -1.61823247e+00 -1.21906001e+00
   4.39509694e-01  5.08638409e-01  7.50152986e-01 -7.33929307e-01
   2.89876679e-01  1.15971272e+00  4.24710989e-01  9.22363807e-01]
 [ 1.44197053e+00 -1.48010019e+00 -1.59606955e-01  1.99464087e-01
   1.42051332e-01 -8.69909985e-01 -1.35759268e-01 -3.26573373e-02
  -1.05158367e+00 -8.79051654e-01 -4.77057300e-01 -1.02540357e+00
  -6.49223422e-01  5.13337790e-02 -1.73189270e-01 -7.00365243e-01
  -1.95241939e-01 -7.26055092e-01 -1.32397175e+00 -4.95253747e-02]
 [-3.34935122e-01  1.10348146e+00  7.37520904e-01 -4.86857261e-01
  -7.74523021e-01  1.54600627e+00  1.01676985e-01  7.32321975e-01
   1.09316041e+00  3.00510731e-01  3.53989463e-01 -4.33275700e-01
  -1.10634452e-01  6.30929536e-01 -6.20072693e-01  6.26067602e-01
  -5.60498749e-03 -5.52477675e-01  3.21218751e-01  7.19804268e-01]
 [ 7.79604607e-01 -9.47792915e-01 -1.20609603e+00 -7.47256415e-01
  -8.69343354e-01  1.84725294e-01  1.05077793e+00  1.03674298e+00
   1.35598287e+00  5.95709162e-01  2.54173042e-01  4.98890164e-01
  -2.54767276e-01 -1.13764313e-01 -1.10301383e+00  2.56997671e-01
  -5.49777630e-01  5.21859170e-01  6.34183469e-01  7.48787381e-01]
 [ 1.38202703e+00  5.21226684e-01  3.53724473e-01 -4.97972860e-01
  -1.14693657e+00  1.13866447e+00 -1.71802030e-02 -3.37836067e-01
   5.82780294e-01  1.00905311e+00 -2.02892173e-02  6.37649278e-01
   8.90995225e-01  1.82803720e-01  4.54915565e-01  1.30774654e+00
  -1.08693073e+00  9.93908174e-01  2.52445943e-02 -4.68578779e-01]],[[-0.42548446  0.47535421 -0.08546754 -0.14158141 -0.21635549  0.87786117
   1.77834284  0.44206959  1.04276653 -1.24999939  1.4919709  -0.07101601
   0.53508379  0.63209011 -0.47428659  0.51841836]
 [ 0.53210088 -0.24503692  0.60843622  0.17415657 -1.04457407 -0.27847182
  -0.30017251  0.20848335 -0.92118212 -0.30818998  1.12609852  0.84738258
   0.41506113  2.56042539 -0.53835896 -0.75390208]
 [ 0.86172845 -0.22141847 -1.31369196 -1.01243567  0.69414243 -0.22026849
   0.07591144 -0.16760225 -0.5358054  -0.70917171  0.14726431 -0.42244941
   0.89027232  0.3001706  -0.10163659 -0.19500538]
 [-0.09936601  0.72123342  1.129812    0.20384876 -0.32286046 -1.0831595
   0.14410385 -0.13939308  1.4486146  -2.61301498 -0.91258781  0.60677555
   0.68923427 -0.49894472  0.85545458  0.0189522 ]
 [-0.43342712  0.41511484  0.31263105 -0.40111315 -1.04061226  0.4051488
  -0.68067507  2.19641891  0.6828884  -0.20194049 -0.34860259 -1.12206162
   1.33589965  1.28879675 -2.09180652 -0.5535113 ]
 [ 1.03063151  1.63918158  1.45874577  0.47181605  1.18071383  0.21690275
  -0.65441356 -0.12776342  0.76571836  0.04832127  1.49880066  0.38609322
  -1.48476335 -0.1052299  -0.15685709 -0.14500249]
 [ 0.65407051 -0.51905329  0.35682618  0.58323119  0.43154857  0.34424784
   1.18233582  1.31862261  1.24728529  0.9390311   0.3770077  -0.25121933
   0.50528644  0.35470171 -0.67488189  0.085038  ]
 [-1.43473775 -0.01493643 -0.06649454  0.16074207 -0.69698918 -0.1094283
   0.43149659 -1.03484302 -1.01775176  0.20444859  0.21787645  0.23549414
   0.26644593 -0.35953287  0.28023098 -0.63445459]
 [ 0.24924785  0.92400942  0.32053227  0.02232218  1.20482116  0.48217172
  -0.22171636 -0.85429528 -1.03397717  1.01442016 -0.2118095  -0.85370815
   0.53561903 -0.90947778 -0.71824245  0.57329763]
 [ 0.37452305  0.24150402  0.66032168 -0.25512972 -0.13967824  0.02969105
   1.52493905  0.74590825  0.17729889 -1.06909895 -0.30842251 -1.07147696
  -0.49977388  0.01090763  0.13825916 -1.519173  ]
 [-0.47231751  0.54500534  0.22221147 -0.49111831 -1.3419631   0.34423061
   0.60079542 -0.55619892 -0.15112347 -0.61614548  0.62954847  1.07470532
  -0.47443316 -0.60745232 -0.39391987 -0.50997549]
 [-0.48048215  0.20281763  1.06967596  0.68008071 -0.59975083  0.12410678
  -0.19688552  0.40817374 -1.07682124  0.74699746  0.17183706  1.41237373
  -0.29501654  0.03554652  0.24085432 -0.84433041]
 [-0.08231086 -1.41494831 -1.95896999  0.6956868   0.3639905  -0.48161954
  -0.04092458 -1.04339003  0.09298374  1.13024883 -0.09316798  0.3504652
  -0.37572337  0.64020225  1.06807738 -0.73929874]
 [ 0.40600402 -0.03504563  0.1996934  -0.81715349 -1.21909962  0.61472472
   1.04362529  1.00700573 -0.06403174 -1.12659338  0.17386834 -0.10390597
  -0.91316541 -1.17581239 -0.31971745 -1.79973986]
 [ 1.24865925 -1.70695833  0.13750008 -1.50048897  0.30326995 -1.03736631
  -0.26275499 -0.4305581  -0.99432568 -0.36413049  1.31841043 -0.7359839
  -1.01907019  0.12568096  0.56329739  1.73365002]
 [-0.37799849 -0.27537148 -0.14678823 -0.58224277  0.85313215 -0.25271207
  -0.56997197  1.3688189  -0.31942376 -0.01353676  0.74326809  0.62297688
  -0.76022527  1.3534512   0.14521395  1.02866343]
 [-0.35803446  0.08859972  2.10115806 -0.28833242  0.96989363 -0.41233118
  -0.06606355 -0.21957168  1.29088844 -0.77176675 -0.40293719 -0.92194191
   0.97333752  0.10620264  0.06468757  0.65123853]
 [ 0.88557389 -1.42564336  0.06316588  0.51840867 -0.36267186  0.26302767
  -0.48861191 -0.28402733 -0.07161677  0.73180088 -0.48321946  0.72503593
   0.45437841 -0.23150144 -0.12597182  1.03426462]
 [-1.69048035  0.56026442 -0.22912468 -1.31725938  0.63707599 -0.86923461
  -0.29835939 -0.03728175  1.35099128 -0.4385122  -0.77168191  0.97482321
  -0.65347664 -1.17279998 -1.84726688 -0.57335761]
 [ 0.01001099  0.87645974  0.43039498 -0.55859478 -0.24915742 -0.69782069
  -0.1160849  -0.41011949  0.2423189  -2.22166259 -0.96878567  0.03916897
  -0.29595536  0.71634226  1.12676658  0.63229971]]