[[ 5.84779153e-02 -8.74657459e-01  6.61944154e-02  1.31938430e+00
  -8.87509362e-01 -1.42259092e+00 -1.86705362e-01  8.71632849e-01
   5.89754664e-02 -4.86236123e-01 -9.39541697e-01 -5.33053409e-01
   1.46086652e+00 -6.22786407e-01 -4.23668307e-01 -1.31490738e+00
   9.31077878e-01 -9.07856107e-01  2.02194131e-01  1.52965535e-01]
 [-9.18799216e-02  4.96284007e-01  7.48076642e-01  7.93597400e-01
   2.77107017e-01 -5.56467871e-02 -1.80995542e+00  2.58239318e-01
   4.53454285e-01 -8.85711229e-01  1.41296600e+00  6.93796407e-02
   1.06967123e-01 -6.49398696e-01  1.03672009e-01  1.03166388e+00
  -8.24621307e-01 -2.17509270e-01 -3.14798405e-01 -5.33524781e-01]
 [ 3.30487297e-02 -2.97768056e-01  6.12483790e-01 -6.44237176e-01
  -3.07799975e-01 -2.57137347e-01 -1.83707495e+00  3.12502865e-01
   1.84126270e+00 -1.42958380e+00 -6.90618481e-01 -3.52549607e-01
  -8.70446882e-01 -4.14406155e-01 -1.33603886e+00  9.34381102e-01
  -8.75961716e-01 -8.77469446e-01  7.28648801e-01 -4.33022631e-01]
 [ 5.25530745e-01  2.78460210e-01 -1.33859074e+00 -8.24292034e-01
  -1.63740306e+00  4.10838272e-01  4.31926101e-01  8.70462823e-01
   2.02639461e-02  7.49131489e-01  1.60385584e+00  6.11626952e-01
   5.12135717e-01  1.12567171e+00  1.05105509e+00 -4.69020753e-01
  -4.04263193e-01  7.08321832e-01  7.31349840e-01 -1.33640288e-01]
 [-1.05217613e+00  5.37095213e-01  1.30854314e-01  7.31105832e-01
  -2.26203223e-01 -2.92183426e-01 -1.75377703e-01  6.62523929e-01
   1.59413504e+00 -7.27937941e-01 -5.54012815e-01  1.10360295e+00
  -5.73323609e-01 -1.49605362e+00  6.48086016e-01 -2.25147389e-01
  -3.00618888e-01 -7.66157710e-01 -1.61281570e-01 -1.03596478e+00]
 [-6.06133419e-01 -1.11547567e+00  1.07445682e+00 -8.22092610e-01
   9.41538528e-01  1.84020580e-02  2.09439895e-01  4.19884979e-02
   9.58450741e-01  9.19111117e-01 -3.03392217e-01  6.33158061e-01
   1.47251417e+00 -1.65171747e+00 -1.10827986e+00 -8.88155318e-01
   9.28947741e-01  3.28502213e-01 -1.09098484e+00  7.80493410e-01]
 [-9.19394755e-01 -2.26025214e-01 -2.69420287e-01 -3.77599264e-01
   1.10445325e-01  5.11703907e-01 -4.73143788e-01  7.47527016e-01
  -1.83349738e+00 -7.94270290e-01 -4.37013010e-01  1.05969219e+00
   1.20964824e-01  4.08722840e-01  2.98183355e-01 -6.97925567e-02
  -2.25280172e-01 -9.36235217e-02 -7.97649539e-01  4.75984158e-01]
 [-1.69085282e-01 -3.26717058e-02 -7.63460465e-02  1.33473604e+00
   3.74393482e-01  2.02308337e-01  5.53939380e-01  2.40118393e-01
  -1.92692166e-01 -3.09450252e-01 -5.67897589e-01 -6.28409916e-02
   7.92440046e-01 -1.08563167e+00 -9.95423841e-01 -5.23604984e-01
  -5.47526136e-01 -9.05048166e-01  1.18619826e+00 -1.72417687e-01]
 [-7.96593573e-01  2.41057329e-01  7.56141673e-01  1.07313776e+00
   5.93306828e-01 -9.66178264e-01 -7.07655959e-01  1.30756191e-02
  -9.34244997e-02  4.94651232e-01 -4.06942387e-01  1.23198760e-01
   1.09177972e+00 -3.35685303e-01 -9.76483067e-01  6.19743126e-01
   2.85062234e-01  7.91008267e-01  8.47531583e-01 -6.96872867e-01]
 [-1.00248634e+00 -9.58176957e-01  4.47959854e-03  1.19648513e-01
  -1.52616832e-01  6.04573581e-01  3.98947064e-01 -5.68953959e-01
   7.17266747e-01  8.86718609e-01 -7.30803120e-02  4.50254569e-01
   1.13427979e+00 -3.52558726e-01  1.07460490e+00 -8.63784439e-02
   9.34033234e-01  6.18383384e-02  2.80298686e-01  6.25888724e-01]
 [-3.51254854e-01 -8.33636979e-01  1.67877357e+00 -3.27458812e-02
  -7.74866446e-01 -1.94365037e+00 -7.16026813e-01  1.21490242e+00
   3.10944195e-01 -3.45644880e-01  8.51333876e-01  9.07738416e-01
   6.17474626e-01 -8.32898462e-01 -1.02773681e-03 -1.85339043e-01
   2.62211572e-01  4.56351354e-01  1.06638111e+00  1.15016912e+00]
 [ 2.51077112e-01 -1.55834527e+00 -8.03094811e-02 -1.11450501e+00
   1.84732357e-01 -1.18868170e+00 -3.60740155e-01 -2.77674146e-01
   1.22317738e-01  8.11633432e-01  4.37592282e-01 -2.87335633e-01
   5.39532527e-02 -4.78940089e-01 -1.05459458e+00 -3.38850384e-02
  -1.33564598e+00  1.90413132e+00 -1.13133431e+00  9.91496251e-01]
 [ 8.96856072e-01 -1.75627463e+00  7.76218643e-02 -7.73856607e-01
   3.99070697e-01 -1.37831330e+00 -7.99511597e-02 -1.03532760e+00
   1.51811036e+00 -6.67496010e-01  7.62382462e-02 -1.45787609e+00
   1.10423988e+00 -7.57944154e-02 -1.85359805e-01  1.05385371e-01
   4.94647358e-03  8.59219487e-01  1.64282287e+00 -1.32713808e-01]
 [-1.06857080e+00  5.11640946e-01 -8.38145657e-01 -8.61705082e-01
   6.79810525e-01 -3.81449927e-01 -6.46338091e-01  6.68714617e-02
   5.59238802e-01 -7.83598534e-01 -2.58587523e-01 -2.03613355e-01
   9.82073535e-01  9.35391112e-01  8.55954722e-01  1.06311294e+00
  -7.73791430e-01 -5.67473953e-01 -4.29223060e-01 -5.78415264e-01]
 [ 2.09430563e-01  1.07817141e+00 -2.72766722e-01  3.12205372e-01
   4.86387743e-02 -1.19055189e+00  2.48906743e-01  2.17050504e-01
   4.60680625e-01 -4.97374359e-01 -8.59651676e-02 -3.36736072e-02
   7.59555288e-01 -7.06790376e-02  3.23753870e-01 -3.68089631e-01
   2.72066335e-01 -1.66930400e-01 -1.54798609e+00 -2.55085748e-01]
 [ 1.14038999e-01 -1.11629863e+00  8.53900726e-01 -6.02621736e-01
   1.98027638e-01 -4.69748611e-01  1.44892554e+00  6.43148685e-01
   5.80114591e-01  1.77044972e+00 -3.30571539e-01  1.71104573e-01
   1.11517383e+00  1.51454096e-01 -1.33276483e-01 -1.81543446e+00
  -1.42263612e-01  1.01231133e+00  1.95844723e-01 -5.10295377e-01]
 [ 8.54746176e-02  4.66990996e-01  9.78517777e-01 -3.52479173e-01
   1.12456259e+00 -8.80555306e-01  1.15915017e+00  2.85272200e-01
  -1.22882394e-01  8.77653923e-01 -4.54050711e-01  3.35010310e-01
  -5.59719712e-01 -8.02060010e-02 -6.55925433e-01  8.60707386e-01
  -3.66721764e-02 -6.73972195e-01  3.02533462e-01 -2.57939968e-01]
 [-6.22879183e-01  7.64167146e-01 -8.33305177e-01 -5.40142494e-01
  -1.17716750e+00 -9.42161029e-01  4.99828304e-01 -1.14078963e-01
   2.94433163e-02  3.35755452e-01 -6.96220954e-01  2.83187549e-01
   9.95817449e-01  1.37369359e-02 -2.22822816e-01 -1.47196485e+00
  -6.10265856e-01  8.44157440e-01  8.22066101e-01  1.34024126e+00]
 [-5.70233768e-01 -9.25657019e-01 -3.34525757e-01  6.20429994e-01
   6.15738226e-01  7.81199426e-01 -2.10532679e-01  3.98622854e-01
  -6.58274772e-01 -1.04310750e+00  1.75507979e-01 -8.28513366e-01
   1.04681105e+00  4.27059118e-01 -7.33658476e-01 -4.15159493e-01
  -6.53551173e-01  4.11543269e-01  7.04588021e-01  1.01815446e-01]
 [ 8.96529251e-01  3.97366690e-01 -3.45297590e-01  3.18059256e-01
  -5.13699006e-02 -8.18263272e-01 -3.66821510e-01  2.73835085e-02
  -4.08440206e-01 -9.96189883e-01 -1.46216977e-01  7.38749141e-01
  -5.35035445e-01 -1.37694946e+00 -7.41700531e-02 -1.26706951e+00
  -9.18479710e-01 -5.98502384e-01 -9.09735087e-01  3.94754975e-02]
 [-7.95802770e-01 -1.00780800e-01 -1.90164665e-01 -4.30691682e-01
   3.77861268e-01 -8.49742954e-01 -4.41718783e-01  2.14103527e-01
  -2.06144559e-01  2.27352327e-01  3.63759063e-01 -3.50723762e-01
   1.03196780e+00 -5.50022601e-01 -7.53072301e-01  2.07321391e-01
   7.15991839e-02 -9.66780536e-01 -1.34354880e+00  1.37017526e+00]
 [ 1.97183722e-03 -1.43325984e-01  1.24996288e+00  4.97125996e-01
   1.02493557e+00  1.01008308e+00 -1.55045939e-01 -1.57201286e+00
   1.44044552e+00  5.22890621e-02 -8.53254912e-01  8.83509094e-02
   9.76224699e-01 -1.43869537e+00 -1.40549727e+00 -2.46814604e-01
  -2.29393694e-01  1.27311186e-01  3.18271984e-01 -3.79932006e-02]
 [ 7.49652764e-01 -7.26441284e-01  3.69571204e-01  4.80638935e-01
  -2.73749159e-01 -4.38021406e-01  4.01773044e-01  1.35105573e+00
   1.70249967e-01  1.00424367e+00  4.03346448e-02  2.74648775e-01
  -4.78572979e-01 -2.95735127e-02  2.60025857e-01  8.56033185e-01
   3.37298529e-01 -1.07315350e+00 -5.24770583e-01  6.20891200e-01]
 [ 6.02549967e-01  9.04332710e-02  5.64960319e-01 -3.48831891e-01
  -1.29450441e+00 -1.23144178e+00 -8.91432075e-01  9.71094892e-01
  -8.66593012e-01 -1.06767479e+00 -1.89660500e-02  7.92397653e-01
   3.04608320e-01  2.07313127e-02  9.44967449e-02  9.72075219e-01
   9.00217092e-01  2.67603028e-02  1.70326114e-01 -4.80419345e-01]
 [-4.25454517e-01 -9.27558431e-01  1.15920911e+00  1.38903409e+00
  -1.19676050e+00 -1.80202687e+00 -7.74233220e-01 -6.55701639e-01
  -2.77072943e-01 -6.00098393e-01 -2.52711453e-01 -4.08720179e-01
  -5.35361264e-02  8.67129040e-02  7.25154413e-01 -1.38059722e-01
   4.76828884e-01  6.47880809e-01 -2.03382890e-01 -9.19794609e-01]
 [-3.96248201e-02 -2.89995816e-01 -5.91811913e-02 -1.28198421e-01
  -1.04773370e+00  4.26764258e-02  6.13950857e-01  2.35333903e-01
  -1.11329126e+00 -4.00559079e-01 -5.30478119e-01 -6.37967043e-01
  -3.39139958e-02 -1.01298826e+00 -1.15776521e+00 -2.15009731e-02
  -1.41833926e-01 -5.70066764e-01  2.89622506e-02 -6.54426370e-01]
 [-4.45377579e-01 -1.90918960e-01  1.05993374e+00  1.26742487e+00
  -2.08128973e-01 -2.20394832e-01 -8.86564395e-01 -5.58853998e-01
  -7.12376444e-01 -9.21863066e-01  8.18077712e-02  3.35284130e-01
   6.32634300e-02 -2.46453509e-01  2.98993641e-01  9.62767437e-01
  -2.76784442e-01  1.16402440e+00 -7.97076562e-01  4.53305968e-01]
 [ 1.88509587e-02  1.02038560e-01 -6.08287554e-01 -5.43313640e-01
  -1.12725479e+00  1.55979282e-01  3.55095604e-01 -6.77722389e-01
   5.97457137e-01 -1.25347503e+00 -4.00972253e-01 -4.73111781e-01
  -1.03484987e-01  2.32243814e-01 -4.68716556e-01 -3.07651180e-01
  -1.34101398e+00 -1.01357965e-01  8.82420086e-01  1.75476699e-01]
 [ 1.06827167e+00 -5.22630465e-02  9.86776465e-01  3.12025712e-01
  -7.82501517e-01 -8.72681214e-01 -1.41178732e+00  9.92524290e-01
  -2.77670136e-01  1.14489524e+00  3.86072620e-01 -7.50791042e-01
   4.11341230e-01 -6.17029962e-01  8.58334010e-01  4.25088229e-01
   1.07426802e-01  1.06373877e+00 -2.54284860e-01 -2.37676694e-01]
 [ 5.85544449e-01  4.38066799e-01  1.18231740e+00  7.53534409e-01
  -1.50802987e+00 -1.02674677e+00 -8.07822040e-01 -1.30031155e+00
   2.89969276e-01  7.54400522e-01 -3.42764011e-01  1.00024741e+00
   9.75802857e-01 -1.49530191e-01  1.06256868e-02  1.13686794e+00
  -3.41177014e-01  1.16335725e+00 -4.73947540e-01 -1.39280282e+00]
 [ 3.05095837e-01  5.80675886e-01  5.61533845e-01  4.62118251e-01
  -5.02938302e-01 -3.44602753e-01 -4.80660078e-01  4.77832192e-01
  -5.64846688e-02 -9.09178331e-01  2.72447706e-01 -1.18853114e+00
   7.50058474e-01 -1.64403542e+00 -4.54320218e-01  2.63838822e-01
   9.42012615e-01 -3.16244374e-01 -1.02599911e+00 -4.46665549e-01]
 [ 8.99544872e-01 -1.27437185e+00 -6.78128081e-01  4.45770641e-01
  -6.70437258e-01 -1.27855943e+00 -2.58909256e-01  2.02944516e-02
   8.99454485e-01  7.93234418e-01 -1.29959833e+00 -1.28329881e+00
   1.20092363e+00  4.94908334e-01  2.47100729e-01 -4.25345386e-01
   2.89876679e-01  1.45082983e+00  6.97832947e-01  1.30013141e+00]
 [ 1.07359180e+00 -7.95982128e-01 -5.17294560e-01  1.81436198e+00
   1.42051332e-01 -2.81338977e-01  9.11811770e-02 -3.26573373e-02
  -3.58068492e-01 -1.30020432e+00 -2.89019202e-01 -1.17859671e+00
  -3.24103343e-01  4.17406833e-01 -1.57148465e-02 -5.56197264e-01
   2.28461051e-01 -7.26055092e-01 -9.20481906e-01  1.06644117e-01]
 [ 1.41554304e-01  9.49210546e-01  4.91755980e-01 -8.58382918e-01
  -1.33007335e+00  1.10098315e+00  2.63317044e-01  7.48937692e-01
   1.09391226e+00  1.00191512e-01  1.36352630e-02 -8.27019182e-01
   1.60217685e-01  1.72064657e-01 -6.20072693e-01  1.19659543e-01
  -6.71691950e-01 -1.04111709e-01  8.49335922e-01  4.72687911e-01]
 [ 1.32978484e-01 -8.55923192e-01 -9.13531614e-01 -9.39701349e-01
  -4.66939440e-01  6.36859080e-01  8.61203129e-01  9.25910954e-01
   1.26584280e+00 -6.07758100e-01 -2.34711395e-01  1.00254506e+00
  -6.09399487e-01 -3.57683168e-01 -3.75737063e-01 -1.92183222e-01
  -1.01918926e+00  2.16004200e-01  4.15414677e-01  1.25704544e+00]
 [ 1.09376733e+00  4.31156131e-01  6.55985716e-01 -9.85681020e-01
  -1.14693657e+00  9.11709996e-01 -1.21970209e-01 -3.05448562e-01
   8.78689773e-01  1.00905311e+00 -2.02892173e-02  7.48649837e-01
   1.76579537e+00  1.29800969e-01  4.54915565e-01  1.30774654e+00
  -1.37411097e+00  8.99772042e-01 -3.59532446e-02 -9.60425139e-01]],[[-1.25664645  0.92595223 -0.09469075 -0.38737004 -0.12552182  0.4435564
  -0.56811055  0.14424898  0.80014486 -1.05221571  1.15855391  0.09503516
   0.3533577   1.26741569  0.34542954  0.74197421]
 [ 1.27680494 -0.7028749   1.43406821 -0.08900624 -0.17110358  0.5083235
  -0.3381325   0.15864446 -0.09843433  0.5503397   0.97104351  1.01855102
   0.14104334  0.20734354 -1.25786219 -1.90745982]
 [-0.04868357 -1.37015014 -1.87293482 -0.64241392 -1.30324237  0.10271594
   1.10477476 -1.46449551 -0.55315834 -1.36375242 -0.71860896 -0.74991962
   1.17094288  1.29259323  1.19133968  0.1421475 ]
 [-0.87862051  0.31365601  0.74744287  0.85003919 -0.30161342 -0.5573738
   0.16670314 -0.14542092  0.51618273 -2.0993057  -0.481416   -0.51548489
   0.64073081 -1.37413404  0.97795108  0.31944324]
 [-1.64896139  0.52030089  0.58721668 -1.19400982  0.03151411 -0.28072119
  -0.78115948  1.16046103 -0.19080641  0.05907678 -0.61092128 -0.39378118
  -0.59955468  0.88748776 -2.3846559   0.45513498]
 [ 0.68485764  0.3131467   1.14179668  0.34508281  1.26962697 -0.1179507
  -0.83463543 -0.74452285  0.44974993  1.4115696  -0.39671639 -0.66743729
  -0.7880697  -0.551418   -0.40036645 -0.639609  ]
 [ 0.82037122 -1.48868842  0.45492633  0.85824398  1.00109081 -0.10413648
   0.83207335  1.3198871   1.73276067  0.25912821  0.2198193  -0.51356931
   1.58770623 -0.18998431 -0.40835271 -0.81752179]
 [-1.70772378 -1.77554681  0.03332809 -0.32920896 -0.23570557 -0.88349653
  -0.27173293 -0.35819431 -1.91495883  0.20444859 -0.07370939  0.39693492
   0.4698991   1.1170008   1.44713753 -0.98005021]
 [-0.0183304   0.71257446  0.38686791 -0.55143085  1.75292788  1.39886078
   0.63061513 -0.05405007 -0.86956342  0.68787336  0.21514899 -0.56844953
   0.30904446 -0.45002017 -0.53616963  0.66607235]
 [-0.24870146  1.14147943 -0.00671734  0.01767997 -0.48302911 -0.35499153
   0.11076357  0.57256614 -0.43674357 -1.17670505  0.71967215 -0.87245276
  -0.11587205  0.39218693  1.53415006 -0.87983675]
 [ 1.05879255  2.07481316  0.86232595 -0.31721767 -1.96917363  0.10797548
   1.34898361 -0.30730095 -0.15112347 -0.57413831  1.30833787  0.93871924
  -0.72695    -0.18557174 -0.21932609 -0.59632689]
 [-0.5272325  -0.19069057 -0.16090307  0.18245988 -0.42252062 -1.26825354
  -0.24072584  0.99936133 -1.03037021  0.55171381  0.21707556  1.33921196
   0.57896761 -0.37472888  0.16946861 -0.75887617]
 [ 0.80835282 -1.54246798 -1.18963902  1.01105162  1.42519244 -0.93273511
  -0.74080425 -0.66671598 -0.43624832  0.58020199 -1.3633595   0.40426255
  -1.33120639  0.44279802  0.28301942 -0.96344054]
 [ 1.10719312  0.44030588 -0.19207278 -0.60875516 -0.77263705  0.57854964
   1.93769632  0.2975871  -0.29009531 -0.08365783  0.83753016  0.74822213
  -1.26386865 -0.47635354  0.19873654 -0.61927471]
 [ 1.00372521 -0.67646515 -0.2695031  -1.75234102 -0.33717421 -0.7020681
  -0.49062791 -1.15598583 -1.0699806  -0.18398187  1.26515    -0.81837194
  -1.5164256  -0.33648426 -0.45456876  2.05830021]
 [-0.18507061  0.18685927  0.17714864  0.42515604 -0.89812659 -0.59155108
  -0.78225762  0.67369188  0.21698448  0.23358807  0.88090973  1.01226655
  -0.15074027  1.35236713  0.09959329  1.0826132 ]
 [-0.57076614  0.64430979  1.98289576 -0.00433446 -0.05803107  1.0512533
   0.9113095  -0.26617087 -0.00460652 -0.61733705  0.39085359 -0.19381569
   0.64597961  0.36750469  0.17552558  0.73785103]
 [-0.78142677 -1.986875    0.59309483  0.90357655 -0.18941655 -0.01356041
  -0.1341467  -0.02993037 -0.85759359  1.30520946  0.10976873  0.57274377
   0.06614947  1.06884144 -0.39537964  0.89098183]
 [-1.81975374 -0.94569844 -0.11620468 -1.2907779   0.53585658  0.00707151
   0.62459726 -0.48304397  1.6622945   0.34768031  0.17787165  0.09620954
  -0.75532992 -0.80190268 -0.56580249 -0.31799935]
 [-0.66372484  0.56253233 -0.09609343 -0.34091971  0.05684994 -0.5632684
   0.48270132 -0.63764172 -0.92727566 -1.3730872  -1.19635095 -0.01867702
  -0.96812343 -0.25112394  0.72085032 -1.18618264]]