[[-4.17056548e-01 -8.74657459e-01  1.97832593e-01  1.26972433e+00
  -1.25026637e+00 -7.06205793e-01 -1.86705362e-01  9.01451480e-01
   1.22478921e-01 -2.61009607e-01 -5.59509342e-01 -4.44131347e-01
   1.36694306e+00 -5.82890133e-01 -5.10452245e-01 -8.97923559e-01
   3.71266303e-01 -1.79763171e-01  3.36041434e-01  3.73205575e-01]
 [-9.18799216e-02  8.33203094e-01  3.81953683e-01  1.25024398e+00
   2.77107017e-01 -3.71407928e-02 -1.00959061e+00  1.61937613e-01
   3.26171991e-01 -6.64765893e-01  1.82453886e+00  3.08813078e-02
  -1.08543743e-01 -6.49398696e-01  1.03672009e-01  7.97450037e-01
  -8.24621307e-01 -3.56335192e-01  4.99773710e-02 -3.88053510e-01]
 [ 2.86808145e-01 -2.16590099e-01  6.54880134e-01 -3.58221197e-01
  -6.29120966e-01 -5.67471063e-01 -9.13370496e-01 -3.73717699e-02
   1.77396610e+00 -8.28768418e-01 -5.50967989e-01 -6.13446901e-01
  -6.87832236e-01 -6.76926203e-01 -1.16083655e+00  9.34381102e-01
  -2.14965025e-01 -8.56593316e-01  5.51184756e-01  5.15143194e-02]
 [ 5.25530745e-01  2.78460210e-01 -1.41613112e+00 -1.00379896e+00
  -8.76750412e-01  4.10838272e-01  2.90635601e-01  1.28912263e+00
  -4.77802077e-01  9.64455343e-01  1.60385584e+00  6.11626952e-01
   2.92097530e-01  1.12567171e+00  1.05105509e+00 -4.05795351e-01
  -2.21929840e-01  9.30841818e-02  7.90610480e-01  6.83801077e-02]
 [-7.51636267e-01  4.55365100e-01  1.92141972e-01  3.08005595e-01
  -2.26203223e-01 -8.34030646e-02  3.91609015e-01  6.81014938e-01
   1.59413504e+00 -7.27937941e-01 -5.54012815e-01  1.10360295e+00
  -5.73323609e-01 -1.60327920e+00  1.04936510e+00 -2.27152853e-01
  -3.00618888e-01 -5.15842773e-01 -5.53944072e-01 -1.35996656e+00]
 [-4.52989624e-01 -9.47138324e-01  4.44779376e-01 -8.22092610e-01
   9.41538528e-01 -2.63468305e-01  3.85479428e-01  4.19884979e-02
   9.93192399e-01  9.19111117e-01 -3.03392217e-01  6.33158061e-01
   1.25425405e+00 -1.61763892e+00 -1.10827986e+00 -8.88155318e-01
   9.28947741e-01  4.64769139e-01 -1.09098484e+00  7.80493410e-01]
 [-1.14168771e+00 -2.26025214e-01 -1.68968160e-01 -3.77599264e-01
  -9.89259072e-02  4.51362235e-01 -8.41128382e-01  1.15671414e+00
  -1.83349738e+00 -7.94270290e-01 -4.36637936e-01  1.17059533e+00
  -4.22576834e-02  4.08722840e-01 -6.04732008e-01 -4.63167099e-01
  -2.25280172e-01 -9.36235217e-02 -8.63676515e-01  4.75984158e-01]
 [-4.80449128e-01 -2.97847901e-01 -3.87259048e-01  1.33473604e+00
   3.74393482e-01 -3.68180950e-02  5.53939380e-01  6.31802191e-02
  -3.64046155e-01 -5.12583452e-01 -5.67897589e-01 -6.28409916e-02
   7.92440046e-01 -1.08563167e+00 -1.26255988e-02 -5.46687856e-01
  -5.47526136e-01 -9.57421431e-01  1.18619826e+00 -1.71999334e-01]
 [-3.76950530e-01  1.04885297e+00  7.56141673e-01  6.51112171e-01
   6.01082273e-01 -5.18642602e-01 -7.07655959e-01 -1.85503560e-01
  -2.24951853e-01  3.95136905e-01 -3.75947920e-01 -5.50922198e-01
   1.13924608e+00 -3.35685303e-01 -5.94533748e-01  8.44761120e-01
   9.84472319e-01  7.97838449e-01  3.47906282e-01 -8.43051375e-01]
 [-7.73737094e-01 -5.39111301e-01 -1.53323321e-01  3.89182781e-02
  -1.52616832e-01  6.04573581e-01  1.33797755e+00 -8.84568055e-01
   5.98120897e-01  1.00636736e+00 -7.30803120e-02  4.50254569e-01
   1.11381838e+00 -1.98805098e-01  2.66722419e-01 -7.34745642e-02
   5.75364239e-01 -2.65123645e-01  3.99297479e-01  6.25888724e-01]
 [ 3.74621721e-02 -6.19604566e-01  1.67877357e+00 -3.27458812e-02
  -7.74866446e-01 -1.94365037e+00 -9.63200511e-01  1.21490242e+00
   3.10944195e-01 -7.75485285e-01  1.62881501e+00  9.46078037e-01
   6.17474626e-01 -8.60686425e-01 -1.02773681e-03 -3.07554246e-01
   6.98532297e-01  1.39127592e+00  1.06638111e+00  1.17411606e+00]
 [ 2.24815581e-01 -1.02996468e+00  6.68497503e-01 -1.11450501e+00
   1.84732357e-01 -7.83473798e-01 -5.88154315e-01 -1.53952893e-01
   1.22317738e-01  5.77650981e-01 -3.26308610e-02 -2.87335633e-01
   5.39532527e-02 -4.25680615e-01 -7.58661901e-01  4.39809770e-01
  -9.01032938e-01  1.41709913e+00 -9.70919899e-01  6.20484718e-01]
 [ 7.01249002e-01 -1.82986802e+00  9.41282053e-02 -2.58214851e-01
   3.99070697e-01 -9.26673003e-01 -3.06237053e-01 -1.03532760e+00
   1.44307731e+00 -1.14294629e+00 -1.97655422e-01 -1.60762992e+00
   5.63589972e-01  8.31712369e-03 -1.85359805e-01 -6.64933067e-02
   4.86453088e-01  8.59219487e-01  1.49156850e+00 -6.32370891e-02]
 [-1.40829250e+00  1.94926127e-02 -8.38145657e-01 -8.61705082e-01
   7.70296372e-01 -7.12507001e-01 -4.18657216e-01  3.70881895e-01
   8.09068363e-02 -8.61934707e-01 -2.37181646e-01 -2.86258791e-01
   9.82073535e-01  1.21420764e+00  8.55954722e-01  6.56466743e-01
  -3.96779762e-01 -1.24356031e-01 -4.29223060e-01 -5.78415264e-01]
 [ 2.09430563e-01  1.12903088e+00 -2.72766722e-01  4.81942086e-01
   4.86387743e-02 -1.46944615e+00  7.70916960e-01  2.17050504e-01
   4.60680625e-01 -7.59972185e-01 -1.42584983e-02 -4.98490664e-01
   6.79566547e-01  3.42781162e-01  5.37856809e-02  1.55621309e-01
   4.44828524e-01  1.97776644e-01 -1.54798609e+00 -2.55085748e-01]
 [ 3.97752093e-01 -1.11629863e+00  2.16870888e-01 -4.07239942e-01
   3.25317429e-01 -4.20571337e-01  1.58884335e+00  6.89048967e-01
   1.07462411e+00  1.29966996e+00 -3.30571539e-01  1.71104573e-01
   1.11517383e+00  1.51454096e-01 -1.94720549e-01 -1.81543446e+00
  -8.29028566e-01  1.01231133e+00  8.39005494e-01 -6.77032421e-01]
 [ 9.26873732e-02  4.66990996e-01  9.78517777e-01  6.99227219e-02
   9.89173358e-01 -7.77430389e-01  8.78942632e-01  1.59025812e-01
  -2.06604715e-01  6.76433089e-01  1.77181059e-01  1.31736398e-01
  -5.59719712e-01 -3.71933987e-01 -4.64427894e-01  8.60707386e-01
  -3.66721764e-02 -8.85485358e-01  3.02533462e-01 -2.57939968e-01]
 [-1.19819262e+00  6.36203997e-01 -1.09800720e+00 -5.07705165e-01
  -4.93640546e-01 -1.35845947e+00  2.88936118e-01 -1.14078963e-01
   6.23421729e-01  3.35755452e-01 -8.97928440e-01 -2.30680130e-01
   9.40896554e-01  3.12570016e-02 -2.83445568e-01 -1.20572999e+00
  -4.48291444e-01  3.65239467e-01  8.22066101e-01  1.09554252e+00]
 [-4.12476158e-01 -1.20969584e+00 -3.34525757e-01  4.89275787e-01
   1.25371286e+00  7.81199426e-01 -3.51834037e-01  7.55965429e-01
  -6.58274772e-01 -1.04310750e+00  4.36001946e-01 -8.28513366e-01
   6.48176964e-01  4.27059118e-01 -4.50707294e-01 -4.15159493e-01
  -5.79300175e-01 -5.60364261e-01  7.04588021e-01  1.01815446e-01]
 [ 8.96529251e-01  3.97366690e-01 -5.07581641e-01 -8.40028578e-02
  -1.08792492e-01 -8.51457532e-01 -3.66821510e-01 -1.54426129e-03
  -7.52991851e-01 -4.00143330e-01  1.87839174e-01  2.67656120e-01
  -8.61150825e-01 -1.10033628e+00 -1.56230080e-01 -1.26691541e+00
  -5.63740779e-01 -5.98502384e-01 -9.09735087e-01  3.94853686e-02]
 [-1.23763318e+00 -2.95819594e-01  1.46362534e-01 -4.74612210e-01
  -3.82452573e-01 -8.49742954e-01 -6.49307244e-01  2.14103527e-01
  -4.25082850e-01  4.20575629e-01  3.63759063e-01  6.64452570e-02
   1.03196780e+00 -8.21798667e-02 -8.83333282e-01 -2.15398341e-01
   7.15991839e-02 -6.98524738e-01 -1.19232163e+00  1.37017526e+00]
 [ 1.97183722e-03 -2.98312858e-01  3.07676573e-01  2.78511983e-01
   1.02493557e+00  1.54795102e-01 -1.93569486e-01 -1.55184944e+00
   1.37864950e+00  3.86987294e-01 -8.53254912e-01 -2.45587304e-01
   1.10131805e+00 -1.77243301e+00 -4.92661611e-01 -5.81132802e-01
   4.23982677e-01  6.50394916e-02  7.62921844e-01 -5.38545482e-02]
 [ 7.49652764e-01 -6.94921773e-01  4.01875089e-01  8.43018268e-01
  -2.73749159e-01 -3.98810146e-01  6.66489522e-01  1.21010459e+00
  -2.93965381e-01  1.00424367e+00 -1.02523541e-01  2.74648775e-01
  -1.26877639e+00 -3.60342961e-01  9.08244857e-02  5.38254138e-01
  -1.39316826e-01 -8.45581535e-01 -5.24770583e-01  9.29369023e-02]
 [ 6.02549967e-01  9.04332710e-02  5.64960319e-01 -3.11181010e-01
  -1.29450441e+00 -1.44416971e+00 -1.00031976e+00  3.33643935e-01
  -1.15379828e+00 -5.52572433e-01 -4.29297109e-02  7.92397653e-01
   3.04608320e-01 -5.09863058e-01  2.89966137e-01  1.37387242e+00
   3.58312609e-01  2.67603028e-02  1.70326114e-01 -5.49071465e-01]
 [-5.94489576e-01 -1.11410870e+00  1.65411473e+00  8.64152128e-01
  -8.11195773e-01 -1.67208421e+00 -6.98827462e-01 -1.32233983e+00
   3.83248436e-01  2.45485617e-01 -2.56306153e-01 -4.08720179e-01
  -5.13466803e-01 -3.75803427e-01  5.09400841e-01  3.38838736e-01
  -2.41854685e-01  4.65019592e-01  5.64534210e-02 -1.52103937e+00]
 [-6.42170409e-01 -9.28170772e-02  4.42071989e-01 -1.12465754e-01
  -7.34636155e-01 -2.09370440e-01  3.28191727e-01 -3.71521839e-01
  -1.47352419e+00 -4.00559079e-01 -2.19346141e-01 -6.37967043e-01
  -1.56968559e-01 -9.68800247e-01 -1.66573170e+00 -3.00052394e-01
  -1.41833926e-01 -6.52224261e-01 -2.18679023e-01 -3.30134518e-01]
 [-4.54848572e-01 -4.56983178e-01  1.05993374e+00  5.92669033e-01
  -1.38462740e-01 -2.20394832e-01 -8.40115885e-01 -5.58853998e-01
  -8.85353284e-01 -1.02082777e+00  1.07351858e-01 -6.93616591e-02
   6.32634300e-02 -1.63462086e-01  5.31620814e-01  1.33010701e+00
  -2.76784442e-01  7.88749719e-01 -7.35413922e-01  7.80210046e-01]
 [-4.43238534e-01  1.02038560e-01 -1.00294866e+00 -6.04790606e-01
  -1.12725479e+00  2.16628172e-02  3.55095604e-01 -1.23538984e+00
   1.02535327e-01 -1.24556129e+00 -4.00972253e-01 -1.20213714e-01
  -2.07276923e-01  8.04319589e-02 -8.18009469e-01 -4.49675081e-01
  -1.32572343e-01 -1.01357965e-01  6.39688078e-01  6.71877385e-01]
 [ 1.45373693e+00  3.21942221e-01  4.99564782e-01 -7.13466756e-02
  -7.82501517e-01 -1.40195882e+00 -9.53990988e-01  9.92524290e-01
   1.37700999e-01  1.14489524e+00  3.86072620e-01 -7.50791042e-01
   2.15662333e-01 -6.90032032e-01  1.12611983e+00  6.33565541e-01
   1.07426802e-01  1.60565489e+00  1.54956820e-01  1.35546467e-01]
 [ 5.85544449e-01  4.38066799e-01  7.02528653e-01  7.53534409e-01
  -1.55380215e+00 -8.35119688e-01 -1.16854768e+00 -1.30031155e+00
  -1.09716387e-01  7.77368874e-01 -1.45334225e-01  1.07078940e+00
   8.20946150e-01  1.64918649e-01 -1.22032947e-01  7.55450142e-01
  -7.32664075e-01  1.16335725e+00 -4.73947540e-01 -1.61794079e+00]
 [-5.48561288e-02  5.95703755e-01  6.20138630e-02  8.27223082e-02
  -6.41608768e-01  1.79768301e-01 -6.85683999e-01  4.77832192e-01
  -2.43787899e-02 -1.07475622e+00 -1.44449305e-01 -1.08948360e+00
   5.47902258e-01 -1.26817768e+00 -1.97675085e-01  3.66687707e-01
   6.33034452e-01 -3.16244374e-01 -9.35768082e-01 -6.82777148e-01]
 [ 7.80846289e-01 -9.49057003e-01 -8.50575229e-01  7.04233327e-01
  -1.11047518e+00 -1.09658577e+00 -2.58909256e-01  2.02944516e-02
   8.79205527e-01  7.93234418e-01 -1.24954783e+00 -4.61510793e-01
   8.80168009e-01  4.94908334e-01 -4.21489986e-01 -1.25286577e-01
   2.89876679e-01  1.30430672e+00  6.97832947e-01  1.03818515e+00]
 [ 8.16307603e-01 -1.20602479e+00 -5.17294560e-01  9.46356503e-01
   1.42051332e-01 -2.81338977e-01 -1.35759268e-01 -6.66416855e-01
  -6.07999217e-01 -2.77362008e-01 -2.89019202e-01 -1.48280138e+00
  -1.02876605e+00  7.49077080e-01 -1.57148465e-02 -7.71400217e-01
  -8.38848470e-03 -5.81643356e-01 -9.20481906e-01  1.46740778e-01]
 [-3.34935122e-01  1.25077831e+00  9.38374524e-01 -7.55859488e-01
  -1.33007335e+00  1.49742162e+00  2.63317044e-01  5.31523844e-01
   1.43806201e+00  1.00191512e-01  1.36352630e-02 -8.27019182e-01
   2.05336632e-01  5.75797806e-01 -6.20072693e-01 -1.78335227e-01
  -7.17907961e-01 -1.56968755e-03  8.49335922e-01  7.19804268e-01]
 [ 9.38121549e-01 -8.55923192e-01 -1.50613999e+00 -9.39701349e-01
  -5.82457534e-01  1.84725294e-01  8.61203129e-01  9.25910954e-01
   1.12397447e+00  8.97571059e-02  2.54173042e-01  8.48803827e-01
  -3.48395151e-02 -3.57683168e-01 -5.59700612e-01  1.25898967e-01
  -5.49777630e-01  3.52221459e-01  1.00993106e-01  1.24282554e+00]
 [ 9.06180274e-01  7.29437449e-01  2.23831175e-01 -9.85681020e-01
  -1.36442714e+00  9.11709996e-01 -5.53085030e-01 -3.03691539e-01
   1.01751422e+00  1.00905311e+00 -2.02892173e-02  6.33109677e-01
   1.89524630e+00  6.53163999e-01  8.56207613e-01  1.30774654e+00
  -1.30593964e+00  1.05058531e+00  2.22992583e-01 -4.26707109e-01]],[[-1.03029404  1.64556791 -0.08546754 -0.27759748 -0.51494679 -0.2021307
  -0.65527183 -0.99909221  1.13583479 -1.16847002  1.50770173  0.26560405
   0.0919627   0.53015159  0.61284451  0.68439455]
 [ 1.81370308 -0.54897715  0.03876373 -1.23321409 -0.17515653 -0.6035351
   0.02612516  0.24010891 -0.3013016   1.91334764  0.68845283  0.15044328
  -0.71801308  0.79758062 -1.03734997 -0.80082819]
 [ 0.2672391  -1.00057388 -1.56489425 -0.36615306 -0.26488597 -0.14430586
   0.50020004 -1.32704857 -0.08534196 -1.36375242 -0.7182888  -0.25828971
   1.51600786  1.63589594  0.60237405  0.1421475 ]
 [-0.5050585   0.56556267  1.21677649  0.191576   -0.5664293  -0.44851791
  -0.57896977  0.26071879 -0.27489652 -2.11719496 -0.4294861  -1.27282254
   0.58050355 -0.64167893  0.81422998  0.31944324]
 [-1.38937515  0.35253393  0.75426598 -0.98937998  0.53714064  0.41202848
  -1.44402201  1.16046103 -0.13563824  0.24876635 -0.61092128  0.13513651
  -0.15819486  0.50630725 -1.80331818  0.55197133]
 [ 1.43471904  0.61266203  1.68505278 -0.09510013  1.90849411  0.21490862
  -1.25757514 -0.16235381  0.19067327  1.66703044  0.13328991 -1.73249435
  -0.97264468 -0.45533729 -0.46011221 -0.47393249]
 [ 0.39894856 -1.28551933  0.45715173  1.39192643  1.37259085 -0.10413648
   0.94197969  0.32516456  1.97295155  0.10639468  0.23792886 -0.18153029
   1.68584868 -0.18998431 -0.31738443 -0.93767799]
 [-1.43473775 -1.95346808 -0.0183318  -0.754469   -0.97428875 -1.48442783
   0.03776566 -0.10357935 -2.76081091  0.20444859  0.52677543  0.39493599
   0.61199269  1.09954506  0.58454936 -1.33039107]
 [-0.2435811   2.09076007  0.38686791 -0.1965952   1.02291564 -0.02589822
  -0.34478427  0.51700407 -1.08691563  0.68125488 -0.40823954  0.33060641
   0.52005691 -0.77041738 -0.05783718  1.72801098]
 [ 0.38908582  0.90913816  0.43369491 -0.14170527 -0.85465093  0.28490531
   0.93108476  0.11199407 -0.5350439  -1.04766151  0.00433185 -0.1338533
   0.25832662  0.87287859  1.39703962 -1.15432337]
 [ 0.72838633  1.55091069  1.0877929  -0.47954732 -2.00937153 -0.08133468
   0.91367756 -0.29508746  0.08842789 -0.48331366  1.46335553  1.18969497
  -0.62424238 -0.23744821  0.05224712  0.63410636]
 [-0.05733285  0.55736646  0.71602985  0.26121863 -0.94347672 -1.107822
   0.93694101  1.20090463 -0.41504169  0.25970111  0.01140884  1.56413804
   0.13700746 -0.139683    0.58329656 -0.64932056]
 [ 0.72690974 -1.7873324  -1.38262096  0.25032675  1.37828606 -0.39940925
   0.30098544 -1.04339003 -0.26765149  1.10887224 -0.4924837   0.14465397
  -1.3892217   0.65567795 -0.16012761 -0.78769845]
 [ 0.68549769  0.31147663 -0.90689776 -0.69479086 -0.57963135  0.39205421
   1.69263457  1.21556892 -0.29009531 -0.00856978  1.08756241  0.37268025
  -1.45136782 -1.38939422  0.33484409 -1.61766112]
 [ 1.08114262 -0.67646515 -0.2695031  -1.57305151 -0.20261028 -0.34340278
  -1.13545367 -0.28134596 -1.0699806   0.02088105  1.32133649 -1.398978
  -2.36513838 -0.72002149 -0.04740959  1.29613882]
 [-0.29992817  0.0622605  -1.01952315  0.02587243 -0.14974666 -0.98818786
  -0.78225762  0.91209086  0.69829532 -0.43450798  0.83598407  0.52845995
  -0.5094683   1.35236713 -0.22368184  0.70085625]
 [-0.59176541  0.47454234  2.4300368   0.22624213 -0.03565894  1.58277536
   0.88156465 -0.60951829  0.79562858 -0.19391964  0.02987827 -0.00912811
   0.68075911  0.99870483  0.41435611  0.24732395]
 [ 0.45570972 -1.85537671  0.59309483  0.79213095  0.53679902  0.13964928
  -0.1341467  -0.2180238  -0.75431556  0.38975601 -0.40763159  0.44438395
   0.53612873  0.48164381  0.09481456  1.09056228]
 [-1.33516137 -0.80270011  0.10285146 -1.75915978  1.50373143 -0.34362767
   0.32154669  0.17384747  1.60858306 -0.19503205  0.29999942  0.24370667
  -0.79805841 -0.8980349  -1.19713805 -0.01328822]
 [-0.73050754  0.63422574  0.26967337 -0.66031047 -0.43794978 -0.13908996
  -0.10876292 -0.07954473 -0.29262387 -1.35368913 -1.24063653 -1.13927403
  -0.96812343 -0.4986095   0.79051721 -0.38208369]]