[[-3.71399301e-01 -6.63459797e-01  6.61944154e-02  1.01585775e+00
  -8.91230613e-01 -6.70837973e-01  1.86685887e-01  8.71632849e-01
  -7.14042325e-01 -2.61009607e-01 -3.56846591e-01 -2.91423280e-01
   1.03492262e+00 -1.02637043e+00  3.48340635e-02 -8.03678917e-01
   2.12136502e-01 -1.66826955e+00  5.47151979e-01 -4.86735911e-03]
 [-9.18799216e-02 -8.40203865e-02  7.48076642e-01  8.89413096e-01
   2.03062820e-01  1.35640437e-01 -1.39290253e+00 -1.52188400e-01
   4.53454285e-01 -4.64305163e-01  1.41296600e+00 -7.37775571e-01
   1.12635476e-01 -1.00783183e+00 -1.86863578e-01  4.42376210e-01
  -3.52983026e-01 -3.18995125e-02 -5.13764524e-01  3.96769727e-01]
 [ 4.06326356e-01 -2.05139241e-01  4.74826257e-01 -4.28734464e-01
  -8.80242309e-01 -3.84465608e-01 -2.73327359e-01 -4.01468527e-01
   1.38813672e+00 -1.02199999e+00 -6.90618481e-01 -1.73689635e-01
  -6.27820416e-01 -4.72114978e-01 -8.78868595e-01  1.30255440e+00
  -7.42202527e-01 -4.65502171e-01  8.49314238e-01 -2.19580454e-01]
 [ 5.25530745e-01  2.78460210e-01 -9.47269547e-01 -8.24292034e-01
  -1.14389691e+00  2.98805744e-02 -1.46366045e-01  6.51576931e-01
  -6.70300205e-01  9.64455343e-01  1.75468965e+00  8.58768393e-01
   2.19139309e-01  6.43756392e-01  1.35355813e+00 -7.39654919e-01
  -6.18050281e-01  5.78081119e-01 -4.30103062e-01 -6.90197805e-02]
 [-4.93377886e-01 -3.08665301e-02 -2.93529809e-01  1.00004927e+00
   1.69602609e-01  1.14287477e-01 -3.34253238e-02  9.66841890e-01
   6.40590582e-01 -7.27937941e-01 -9.95669620e-01  6.54053256e-01
  -1.12146616e+00 -1.37306619e+00  1.62114858e+00 -2.77514963e-01
  -4.55039547e-02 -4.14327022e-01 -1.61281570e-01 -6.33094607e-01]
 [ 7.79231630e-02 -7.32796282e-01  4.44779376e-01 -8.70961976e-01
   1.20179109e+00  2.87832008e-01 -4.57753756e-02  4.19884979e-02
   1.57138983e+00  4.34633113e-01  8.91479025e-02  2.08238410e-01
   1.10052584e+00 -1.28300725e+00 -1.25869645e+00 -1.30896582e+00
   9.99379253e-01 -6.54553975e-01 -7.90232089e-01  3.08013153e-01]
 [-9.19394755e-01 -9.73813751e-01  6.86853496e-01 -3.77599264e-01
  -9.89259072e-02  4.51362235e-01 -7.28761062e-01  8.33248165e-01
  -1.05130035e+00 -4.74491313e-01  1.42754421e-01  1.17059533e+00
  -8.80041400e-02  6.54322832e-01 -4.66461629e-02 -9.35472725e-01
  -2.25280172e-01  9.40111552e-01 -7.97649539e-01  2.42732408e-01]
 [-1.69085282e-01 -2.97847901e-01  2.06059721e-01  1.04607075e+00
   6.20965184e-01 -3.68180950e-02  8.96596696e-01 -7.29241577e-01
  -1.97764424e-02 -6.35766035e-01 -8.79458506e-01  4.07279804e-01
   7.92440046e-01 -1.08385578e+00 -3.71594596e-01 -5.23604984e-01
  -8.27942168e-01 -5.23871874e-01  1.18619826e+00  2.21194850e-01]
 [-3.76950530e-01  7.29129472e-01  6.25463549e-01  6.52347344e-01
   5.35160159e-01 -1.79170273e+00 -3.24702643e-01  1.30756191e-02
   6.39247992e-01  1.05454959e+00 -4.09046726e-01 -2.50240511e-01
   6.18765531e-01 -6.87672766e-01 -9.71020819e-01  7.82131935e-01
   2.77646717e-01  1.65952134e+00  1.94929042e-01  1.18420116e-01]
 [-6.09576333e-01 -5.39111301e-01 -2.59480181e-01  4.30630040e-02
  -6.75715700e-01  1.22236191e+00  1.17452495e+00 -8.84568055e-01
   1.95854656e-01 -2.00878409e-01  5.86088015e-01  2.22916534e-01
   8.67538663e-01 -7.54789627e-01  2.26138571e-01  1.93718014e-01
   2.00557609e-01  1.13670973e-01 -3.49974925e-01  5.67217353e-01]
 [-4.64427058e-01 -1.05010321e+00  1.43680292e+00  4.20075685e-01
  -9.46162296e-01 -6.75517403e-01 -1.35193171e+00  1.14874368e+00
  -6.58361972e-01 -7.64080697e-01  8.97330454e-01  5.79652296e-01
   1.35892327e+00 -1.32099643e+00 -4.37810512e-01 -3.17838379e-01
   2.62211572e-01  8.03833541e-01  8.51103629e-01  7.34972307e-01]
 [ 8.30134346e-01 -7.80363438e-01  6.01420877e-01 -6.58838774e-01
  -2.02904434e-02 -7.83473798e-01  5.74818247e-01  7.14055568e-02
   5.02398073e-01  1.38543189e+00 -3.26308610e-02 -4.19864748e-01
   4.29321975e-01 -4.05605915e-01 -8.33287276e-01  5.76328023e-01
  -7.50504235e-01  1.59359400e+00 -6.54271602e-01  9.43730048e-01]
 [ 1.06696715e+00 -1.39908385e+00 -1.72472748e-01 -5.43353514e-01
   7.61192373e-02 -9.34790992e-01  2.75830506e-02 -7.20205400e-01
   1.08061145e+00 -8.14381484e-01  4.48188632e-01 -7.80248162e-01
   1.68641089e-01  2.10207082e-01  8.14289505e-02  6.46095139e-01
  -3.78665263e-01  4.65227938e-01  2.06745823e+00  3.64972322e-01]
 [-1.06857080e+00  1.94926127e-02 -3.90738599e-01 -6.92671081e-01
   6.79810525e-01 -1.17994637e+00 -4.30498647e-01 -4.07578929e-01
   4.18278517e-01 -5.97459098e-01 -1.90302379e-01 -9.17100333e-02
   9.82073535e-01  1.56352254e+00  8.55954722e-01  8.59674564e-01
  -1.04601802e+00 -3.60958905e-01 -4.37440427e-01 -4.15870714e-01]
 [ 3.81157110e-01  5.92974534e-01 -6.81741616e-01  6.80532300e-01
  -3.81888157e-01 -7.32259162e-01 -6.52787201e-01 -7.23318277e-02
   4.60680625e-01 -1.09653032e+00 -4.14237370e-01  9.29317037e-02
   4.04023457e-01 -9.13267245e-01  3.61514176e-01 -1.23441802e-01
   2.72066335e-01 -6.40371807e-01 -1.48436641e+00 -7.24242569e-02]
 [ 7.25487001e-01 -1.25983790e+00 -3.31518001e-01 -3.82458265e-01
  -4.14014326e-01  6.49344743e-01  1.52682247e+00  6.43148685e-01
   5.35671322e-01  1.57805228e+00 -2.22804247e-01 -1.90388440e-01
   8.46619199e-01  1.51454096e-01  5.01255147e-01 -1.34699796e+00
  -9.65699452e-01  1.23944994e+00  3.68244341e-01 -1.52446603e+00]
 [ 2.11912511e-01  6.92760190e-01  4.31644832e-01  6.99227219e-02
   6.50921860e-01 -6.23097661e-01  1.24823772e+00 -1.32098654e-02
   8.26042628e-02  4.45958772e-01  2.14134910e-01  6.16145871e-01
  -9.82326719e-01 -2.67779917e-01 -6.55925433e-01  8.60707386e-01
  -4.28432174e-01 -6.73972195e-01 -1.50879000e-01  1.51106055e-01]
 [-6.22879183e-01 -1.21308254e-01 -5.40281155e-01 -1.31710210e-01
  -5.80884857e-01 -9.42161029e-01  3.30870559e-01 -4.94432052e-01
   1.43818448e-01  6.40113238e-01 -6.96220954e-01 -2.30680130e-01
   1.76255238e-01  1.27725247e+00 -8.98650387e-02 -1.20572999e+00
  -6.22582947e-01  3.94046779e-01  1.08788427e+00  9.14844536e-01]
 [-4.12668690e-02 -1.50607805e+00  6.07162963e-01  9.62607961e-01
   8.59856805e-01  7.81199426e-01 -2.10532679e-01  6.96511336e-01
  -4.46568085e-01 -9.55606788e-01 -1.53833712e-01 -8.28513366e-01
   9.81271317e-01  5.09806765e-01 -5.86562105e-01 -6.12563424e-01
  -6.65956970e-01 -4.42930537e-02  5.58790654e-01  4.86637360e-01]
 [ 4.90498890e-01  6.31713269e-01 -5.07581641e-01  5.70479790e-01
  -3.59174477e-01 -4.38154444e-01 -2.09603951e-01  7.01740511e-02
  -1.94846173e-01 -9.96189883e-01 -1.74860584e-01  3.92523593e-01
  -5.35035445e-01  1.83616763e-01 -2.80733246e-02 -1.10330283e+00
  -5.64303726e-01 -1.23859282e-01 -3.66371498e-01  2.47456755e-01]
 [-3.01327374e-01 -2.95819594e-01 -2.26172387e-02 -5.13423566e-01
   3.43885189e-01 -1.15976161e+00 -3.94304844e-01  4.54833384e-01
  -4.25082850e-01  9.13208956e-02 -1.12535408e-01 -3.76639133e-01
   5.05659977e-01 -5.56438884e-01 -8.68996839e-01 -3.90467033e-01
   7.15991839e-02 -9.32517456e-01 -1.73781021e+00  1.11700950e+00]
 [ 1.97183722e-03 -3.75087587e-01  8.72336358e-01  2.78511983e-01
  -2.75327183e-01  8.09491453e-01 -7.73818664e-01 -1.10854676e+00
   4.63531473e-01  6.60631669e-01 -1.21114889e+00  1.26544682e-01
   1.46653136e+00 -6.95209460e-01 -2.90192556e-01 -1.26117006e+00
   7.39160042e-01  5.14098281e-01  5.27950232e-01  2.84890436e-01]
 [ 1.23244139e-01 -9.62272146e-01  2.93371800e-01  8.43018268e-01
  -2.99342983e-01 -1.10041059e+00 -5.47221051e-01  1.42143451e+00
  -2.91992977e-02  5.42035131e-01 -1.75239565e-01  2.74648775e-01
  -1.61317720e+00  5.42083616e-01  3.07533903e-01  9.17022318e-01
  -2.01487919e-01 -6.70238807e-01 -2.96194721e-01 -2.35811144e-01]
 [ 1.23720810e+00 -1.29451175e-01  6.70529276e-01 -4.55526697e-01
  -8.05294443e-01 -1.23144178e+00 -6.61965369e-01  8.06838705e-01
  -9.32093816e-01 -8.17218855e-01  5.53367867e-01  3.35214788e-01
   3.18693743e-01 -1.86680083e-01  5.88959029e-01  1.55262337e+00
  -3.17645906e-01 -3.33529063e-01 -5.46796205e-01 -8.24010718e-01]
 [-6.16568038e-01 -1.06600454e+00  7.15376665e-01  4.63506144e-01
  -4.53201043e-01 -3.14941683e-01 -5.76649866e-01 -1.26955957e+00
  -2.22934663e-01 -2.36217570e-01 -4.62199287e-01  3.69523327e-01
   1.58891939e-01  2.00766089e-01  9.20420947e-01 -3.56238212e-01
  -1.64675432e-01  6.47540442e-01  6.17533652e-01 -1.36486636e+00]
 [ 3.77578146e-01 -5.58999226e-01  6.19723631e-01  9.54802238e-01
  -9.83520950e-01 -2.09370440e-01  3.39944605e-01 -2.82498097e-01
  -1.04038946e+00 -1.14460294e+00 -5.74347015e-01  4.29709225e-02
  -1.59273194e-01 -4.03469992e-01 -1.07755536e+00 -2.18141439e-01
  -1.41833926e-01  1.67533924e-01  2.36685632e-01 -6.54426370e-01]
 [-4.59481514e-01  4.24509963e-01  7.29012218e-01  1.31402060e+00
   4.25754480e-01 -7.69648053e-01 -4.35099579e-01 -5.89865438e-01
  -2.44912153e-01 -3.75615621e-01 -8.47174801e-01  2.11186011e-01
   1.32500052e-01 -5.86868149e-01  4.09964155e-01  8.33316978e-01
   2.82121253e-01  7.88749719e-01 -7.50952766e-01  3.57685714e-01]
 [ 2.64603004e-01  1.02038560e-01 -6.08287554e-01 -5.43313640e-01
  -1.33999150e+00 -1.11957218e-01  2.44876196e-01 -8.66651725e-01
  -6.59467711e-04 -1.25347503e+00 -6.16181362e-01  3.90088803e-01
  -4.61612384e-01 -7.18320599e-02 -1.27889986e+00  1.41500732e-01
  -7.72595757e-01  3.33033952e-01  3.03891097e-01  4.92504433e-01]
 [ 1.46412321e+00 -7.74641610e-03  3.85555615e-01  3.57482432e-02
  -2.87987562e-01 -1.10970596e+00  1.42781932e-01  9.42973675e-01
  -7.38409942e-01  9.79692334e-01 -3.92462512e-02 -2.97389213e-01
  -6.94815554e-01 -3.81094883e-01  7.89267950e-01  4.01519294e-01
   3.14556481e-01  1.51663724e+00 -6.39402298e-03  1.50664951e-01]
 [ 9.40372038e-01  5.66095274e-01  7.35773676e-01  1.24873124e+00
  -6.56733954e-01 -4.57418079e-01 -1.63470853e+00 -1.30031155e+00
  -1.09716387e-01  1.43385415e-01 -5.60889173e-01  7.36351855e-01
   1.21229700e+00 -1.49530191e-01 -2.46614817e-01  8.48505654e-01
  -7.65856022e-01  7.46596527e-01 -4.73947540e-01 -3.47567387e-01]
 [-5.48561288e-02  4.63045288e-01 -4.32406395e-01  1.15076007e+00
  -5.02938302e-01 -5.59785828e-01 -5.59152874e-01  4.77832192e-01
   4.25638916e-01 -7.42258316e-01 -1.44449305e-01 -6.16056357e-01
   3.00925807e-01 -3.69108311e-01  4.34257611e-01  2.63838822e-01
   6.28422109e-01 -3.52639959e-01 -1.23211223e+00 -3.77562835e-01]
 [ 1.04003480e+00 -1.30529087e+00 -3.50360670e-01 -2.87053007e-02
  -9.87001242e-01 -1.39726698e+00 -2.58909256e-01  6.83429441e-01
   5.52930981e-01  6.77973762e-01 -1.61823247e+00 -1.21906001e+00
   4.39509694e-01  5.08638409e-01  3.78277308e-01 -7.33929307e-01
   2.89876679e-01  1.15971272e+00  4.24710989e-01  9.22363807e-01]
 [ 1.35187162e+00 -1.03986734e+00 -1.59606955e-01  1.99464087e-01
   1.42051332e-01 -6.74034099e-01 -1.35759268e-01 -3.26573373e-02
  -1.05158367e+00 -8.89757903e-01 -4.77057300e-01 -1.02540357e+00
  -6.49223422e-01  5.13337790e-02 -1.73189270e-01 -9.76414744e-01
  -5.92731768e-01 -7.26055092e-01 -1.32397175e+00 -4.95253747e-02]
 [-3.34935122e-01  1.10348146e+00  7.37520904e-01 -6.86959755e-01
  -7.74523021e-01  1.70196388e+00  1.01676985e-01  7.32321975e-01
   1.09316041e+00  3.00510731e-01  3.53989463e-01 -4.33275700e-01
  -1.10634452e-01  6.84241962e-01 -6.20072693e-01  6.61205800e-01
  -5.60498749e-03 -5.52477675e-01  3.21218751e-01  7.19804268e-01]
 [ 7.79604607e-01 -9.47792915e-01 -1.20609603e+00 -7.47256415e-01
  -8.69343354e-01  1.84725294e-01  1.05077793e+00  1.03674298e+00
   1.35598287e+00  5.30647485e-01  3.28465581e-01  4.98890164e-01
  -2.54767276e-01 -1.13764313e-01 -7.42075160e-01  2.56997671e-01
  -9.55189195e-01  1.25407768e-01  6.34183469e-01  7.48787381e-01]
 [ 1.03341019e+00  5.21226684e-01  3.53724473e-01 -4.97972860e-01
  -1.14693657e+00  1.13866447e+00 -5.87643683e-03 -3.37836067e-01
   5.82780294e-01  1.00905311e+00 -2.02892173e-02  3.65841516e-01
   8.90995225e-01 -1.65193947e-02  4.54915565e-01  8.33860693e-01
  -1.08693073e+00  9.93908174e-01  2.52445943e-02 -1.32165562e-01]],[[-4.76817440e-01  4.75354211e-01 -8.54675399e-02 -1.41581406e-01
  -1.55346672e-03  8.77861170e-01  1.06841353e+00  4.42069588e-01
   1.04276653e+00 -1.24999939e+00  1.86929992e+00  1.78875745e-01
   5.35083791e-01  6.32090115e-01 -4.74286588e-01  5.18418357e-01]
 [ 5.32100878e-01 -2.45036915e-01  6.08436220e-01  1.11888258e-01
  -1.04457407e+00 -2.75646167e-01 -3.00172511e-01 -8.42020895e-03
  -4.65220106e-01 -3.08189983e-01  9.15218291e-01  8.47382582e-01
   7.42565208e-01  2.06128085e+00 -7.94201403e-01 -7.53902078e-01]
 [ 1.32591562e+00 -3.72998624e-01 -1.34553483e+00 -1.01243567e+00
   3.20561619e-01 -2.20268488e-01  7.59114437e-02 -1.67602252e-01
  -2.18781649e-01 -7.09171712e-01  1.47264314e-01 -7.85820263e-01
   8.81724554e-01  7.19490011e-01 -1.01636593e-01 -1.95005385e-01]
 [-9.93660115e-02  6.04322475e-01  1.14775428e+00  2.03848760e-01
  -3.22860455e-01 -1.08315950e+00  1.44103852e-01 -1.30054494e-01
   1.44861460e+00 -2.61301498e+00 -9.12587812e-01  1.39306975e-01
   6.89234270e-01 -4.98944716e-01  9.87145673e-01  1.89522050e-02]
 [-8.02961213e-01  4.15114841e-01  3.12631054e-01 -4.01113149e-01
  -5.97544350e-01  4.05148795e-01 -4.95538420e-01  2.19641891e+00
   6.82888399e-01  1.85436513e-01 -3.48602589e-01 -7.21459013e-01
   1.33589965e+00  1.84255382e+00 -1.97597323e+00 -5.53511299e-01]
 [ 1.03063151e+00  1.63918158e+00  1.45874577e+00 -6.83714628e-03
   1.39789099e+00  2.16902749e-01 -6.54413555e-01 -1.27763416e-01
   7.65718360e-01  1.00086284e+00  1.30578641e+00  9.11401560e-02
  -1.09996363e+00  1.27554422e-01  3.48621913e-01 -5.75538856e-01]
 [ 1.73275347e-01 -5.19053294e-01  3.56826181e-01  4.75110591e-01
   4.31548569e-01  3.44247836e-01  1.47047759e+00  9.59900675e-01
   1.24728529e+00  9.39031101e-01  4.93186721e-01 -2.51219331e-01
   5.05286440e-01  3.54701711e-01 -2.62269651e-01  4.30821919e-01]
 [-1.43473775e+00 -1.49364345e-02 -6.64945420e-02  1.60742074e-01
  -9.41747413e-01 -1.09428304e-01  4.31496588e-01 -1.37741928e+00
  -1.01775176e+00  2.04448591e-01  1.85335944e-01 -2.20237666e-01
   2.66445927e-01 -8.16406500e-02  2.80230977e-01 -6.34454589e-01]
 [ 2.49247850e-01  9.24009416e-01  3.20532268e-01 -1.69305118e-01
   1.20482116e+00  4.82171724e-01 -2.21716357e-01 -9.98091260e-01
  -1.03397717e+00  9.33567280e-01 -2.11809499e-01 -8.53708154e-01
   5.15786331e-01 -9.09477776e-01 -2.69185407e-01  5.73297630e-01]
 [ 3.74523051e-01  2.41504016e-01  9.19219331e-01 -2.55129715e-01
  -1.39678236e-01  2.96910468e-02  1.81027341e+00  7.45908253e-01
   1.86688755e-01 -1.06909895e+00 -3.08422512e-01 -8.22014606e-01
   4.06085387e-01  1.09076346e-02  1.38259162e-01 -1.51917300e+00]
 [-2.32480865e-01  5.45005341e-01  2.22211473e-01 -4.91118314e-01
  -1.34196310e+00 -1.54146033e-02  8.81894890e-01 -8.40737337e-01
  -1.51123471e-01 -6.16145482e-01  9.44013385e-01  9.06167731e-01
  -4.74433164e-01 -1.66988203e-01 -3.93919867e-01 -5.09975494e-01]
 [-4.80482149e-01  7.90933908e-01  8.10883152e-01  6.80080710e-01
  -5.99750827e-01  1.24106784e-01 -1.96885517e-01  4.08173742e-01
  -1.07682124e+00  7.46997462e-01  5.12584493e-02  1.41237373e+00
  -2.18974932e-01  3.55465245e-02  2.40854319e-01 -5.13874182e-01]
 [-8.23108598e-02 -1.41494831e+00 -1.95896999e+00  6.27949095e-01
   3.63990499e-01 -3.38261397e-01 -4.35636811e-01 -1.04339003e+00
   9.29837431e-02  1.13024883e+00  6.90734496e-02  9.97910986e-01
  -3.75723373e-01  6.40202253e-01  1.06807738e+00 -7.39298738e-01]
 [ 5.24691907e-01 -3.50456307e-02  1.07810578e-01 -5.18420174e-01
  -1.21909962e+00  6.14724723e-01  9.18498688e-01  5.79880989e-01
  -1.12091954e-01 -1.12659338e+00  4.34531393e-01 -4.40283233e-02
  -7.55260276e-01 -1.39031002e+00  3.34844085e-01 -1.79973986e+00]
 [ 1.45774553e+00 -1.70695833e+00  1.37500076e-01 -1.50048897e+00
  -1.61082093e-01 -1.03736631e+00 -2.62754988e-01 -7.39247698e-01
  -1.18516798e+00 -4.46352527e-01  1.58549513e+00 -7.35983900e-01
  -1.01907019e+00  1.25680964e-01  5.63297390e-01  1.73365002e+00]
 [-3.77998491e-01 -2.75371480e-01  6.36132569e-02 -5.82242774e-01
   7.54177200e-01 -2.52712065e-01 -5.10020893e-01  1.34857721e+00
  -6.73646143e-01 -1.35367631e-02  7.43268090e-01  2.54728401e-01
  -2.36885991e-01  1.59171447e+00  1.45213953e-01  8.82773710e-01]
 [-3.58034462e-01  8.85997226e-02  2.10115806e+00  1.51206648e-01
   7.24800568e-01 -7.69409713e-01  1.78897922e-01 -6.00225746e-01
   8.45342683e-01 -7.71766752e-01 -4.02937188e-01 -4.93336892e-01
   9.73337525e-01  1.06202635e-01  6.46875745e-02  6.51238527e-01]
 [ 6.92486496e-01 -1.90292525e+00  2.72545313e-01  5.18408670e-01
  -9.02306049e-01  2.43889330e-01 -1.13268449e+00 -2.84027334e-01
  -3.32466875e-01  1.20486981e+00 -6.87638099e-01  7.25035933e-01
   4.54378411e-01 -4.60900983e-01 -1.25971820e-01  1.07244867e+00]
 [-1.69048035e+00 -1.99751506e-02 -2.29124680e-01 -1.31725938e+00
   6.37075993e-01 -8.69234613e-01 -2.98359393e-01 -1.17926173e-01
   1.35099128e+00 -4.38512204e-01 -7.25476582e-01  1.13374507e+00
  -6.53476637e-01 -9.60130253e-01 -1.45827940e+00 -5.73357607e-01]
 [ 1.00109922e-02  1.31104934e+00  4.30394981e-01 -5.58594783e-01
  -2.49157417e-01 -6.97820685e-01 -4.62852930e-01 -4.10119487e-01
  -2.09730704e-01 -2.22166259e+00 -8.89507553e-01  3.91689704e-02
  -1.86422527e-01  7.16342259e-01  1.12676658e+00  4.35218743e-01]]