[[-3.71399301e-01 -7.50294093e-01  6.61944154e-02  1.01585775e+00
  -8.91230613e-01 -6.70837973e-01  1.86685887e-01  8.71632849e-01
  -7.14042325e-01 -2.61009607e-01 -3.56846591e-01 -2.91423280e-01
   1.03492262e+00 -1.02637043e+00  3.48340635e-02 -5.20990419e-01
   5.98076677e-01 -1.39787313e+00  5.95623084e-01 -4.86735911e-03]
 [-9.18799216e-02 -8.40203865e-02  9.29903391e-01  8.89413096e-01
   2.03062820e-01  1.35640437e-01 -1.39290253e+00 -1.52188400e-01
   4.53454285e-01 -4.64305163e-01  1.32453321e+00 -7.37775571e-01
   1.12635476e-01 -1.00783183e+00 -6.70360332e-01  4.42376210e-01
  -3.52983026e-01 -3.18995125e-02 -5.13764524e-01  3.96769727e-01]
 [ 4.06326356e-01 -2.12465993e-01  4.74826257e-01 -4.28734464e-01
  -8.80242309e-01 -3.84465608e-01 -5.92410232e-01 -4.01468527e-01
   1.15075154e+00 -1.02199999e+00 -6.90618481e-01 -6.65440774e-01
  -8.71095735e-01 -8.43212868e-02 -8.78868595e-01  1.30255440e+00
  -7.42202527e-01 -4.65502171e-01  8.73756315e-01 -2.19580454e-01]
 [ 1.01296024e+00  2.78460210e-01 -1.08200119e+00 -8.24292034e-01
  -1.14389691e+00  2.59256223e-01 -5.23413602e-01  6.51576931e-01
  -6.70300205e-01  9.64455343e-01  1.75468965e+00  8.58768393e-01
   2.19139309e-01  7.07620327e-01  1.35355813e+00 -7.72788339e-01
  -6.18050281e-01  5.78081119e-01 -5.36813654e-01 -6.90197805e-02]
 [-4.93377886e-01 -3.08665301e-02 -2.93529809e-01  1.00004927e+00
   1.69602609e-01  1.14287477e-01 -1.87427766e-01  7.00221547e-01
   3.03914584e-01 -7.19647916e-01 -9.95669620e-01  6.54053256e-01
  -1.31977813e+00 -1.37306619e+00  1.26283405e+00 -2.77514963e-01
  -4.55039547e-02 -4.14327022e-01 -1.61281570e-01 -6.33094607e-01]
 [ 7.79231630e-02 -7.32796282e-01  4.44779376e-01 -8.70961976e-01
   1.20179109e+00  1.84020580e-02 -4.57753756e-02  4.19884979e-02
   1.97152113e+00  4.34633113e-01  8.91479025e-02  2.08238410e-01
   1.10052584e+00 -1.28300725e+00 -1.25869645e+00 -8.41046973e-01
   9.99379253e-01 -6.12222413e-01 -7.90232089e-01  3.08013153e-01]
 [-9.19394755e-01 -1.91848057e-01  9.92702329e-01 -3.77599264e-01
  -9.89259072e-02  4.51362235e-01 -7.27127845e-01  1.24602667e+00
  -1.05130035e+00 -5.28490864e-01  1.42754421e-01  1.17059533e+00
  -8.80041400e-02  6.54322832e-01 -4.66461629e-02 -9.35472725e-01
  -3.50196595e-01  9.40111552e-01 -7.97649539e-01  9.48970414e-01]
 [-1.69085282e-01 -2.97847901e-01  8.09621664e-02  1.33473604e+00
   8.21903276e-01  8.25163094e-02  8.96596696e-01 -2.64814069e-01
  -1.97764424e-02 -6.35766035e-01 -8.79458506e-01  4.07279804e-01
   7.92440046e-01 -1.18174751e+00 -3.71594596e-01 -5.23604984e-01
  -6.33796112e-01 -5.23871874e-01  1.18619826e+00  2.21194850e-01]
 [-3.53352906e-02  1.56170823e+00  6.25463549e-01  6.52347344e-01
   4.93644756e-01 -1.79170273e+00 -3.24702643e-01  1.30756191e-02
   6.39247992e-01  1.05454959e+00 -4.09046726e-01  2.35258494e-01
   6.18765531e-01 -6.87672766e-01 -9.71020819e-01  6.02147473e-01
   3.02487260e-01  1.65952134e+00 -1.39562868e-01  7.29074422e-02]
 [-6.09576333e-01 -6.40238928e-01 -3.71120718e-01 -3.50380417e-01
  -6.75715700e-01  1.22236191e+00  1.17452495e+00 -8.84568055e-01
   1.95854656e-01  2.30193453e-01  9.95863215e-01  3.88283176e-01
   1.34014327e+00 -7.54789627e-01  2.26138571e-01  1.93718014e-01
   2.00557609e-01  1.13670973e-01 -9.79789231e-02  5.67217353e-01]
 [-4.64427058e-01 -5.57638849e-01  1.43680292e+00  3.26095880e-01
  -6.11256601e-01 -6.75517403e-01 -1.35193171e+00  1.14874368e+00
  -6.58361972e-01 -7.64080697e-01  8.97330454e-01  5.79652296e-01
   1.35892327e+00 -1.13476903e+00 -1.02773681e-03 -3.17838379e-01
   5.19112723e-01  8.11887381e-01  8.51103629e-01  6.97210553e-01]
 [ 8.30134346e-01 -7.80363438e-01  3.90584321e-01 -6.58838774e-01
  -2.02904434e-02 -7.83473798e-01  5.74818247e-01  7.14055568e-02
   2.51594260e-01  1.68548114e+00 -3.26308610e-02 -4.19864748e-01
   4.29321975e-01 -1.54797282e-02 -8.33287276e-01  5.08967190e-01
  -7.50504235e-01  1.89942863e+00 -6.54271602e-01  1.20489120e+00]
 [ 1.44108433e+00 -1.39908385e+00 -1.72472748e-01 -5.43353514e-01
   7.61192373e-02 -9.34790992e-01  2.75830506e-02 -7.20205400e-01
   1.08061145e+00 -8.14381484e-01  4.48188632e-01 -7.80248162e-01
   1.68641089e-01  2.10207082e-01  8.14289505e-02  6.46095139e-01
  -3.78665263e-01  4.65227938e-01  1.59848723e+00  7.10945919e-01]
 [-9.12240509e-01  1.94926127e-02 -3.90738599e-01 -6.92671081e-01
   6.79810525e-01 -9.58268001e-01 -6.06465532e-01 -4.07578929e-01
   3.98503960e-01 -6.42298787e-01 -1.38867654e-01  1.74870048e-02
   6.84781342e-01  1.56352254e+00  8.55954722e-01  8.59674564e-01
  -7.55548363e-01 -3.60958905e-01 -4.37440427e-01 -4.15870714e-01]
 [ 3.81157110e-01  5.92974534e-01 -5.55262954e-01  4.55667151e-01
  -3.81888157e-01 -1.19055189e+00  3.03512046e-01 -1.12355643e-01
   4.60680625e-01 -1.09653032e+00 -4.14237370e-01  4.37468478e-01
   4.04023457e-01 -4.44540581e-01  3.61514176e-01 -1.23441802e-01
   5.11259081e-01 -6.40371807e-01 -1.63276418e+00 -7.24242569e-02]
 [ 1.01815724e+00 -6.41728837e-01 -1.05185268e-03 -3.82458265e-01
  -4.14014326e-01  8.55490380e-01  1.61027012e+00  6.43148685e-01
   5.35671322e-01  1.57805228e+00 -2.22804247e-01 -1.90388440e-01
   8.46619199e-01  1.51454096e-01  4.76573427e-01 -1.34699796e+00
  -9.65699452e-01  1.23944994e+00  3.68244341e-01 -1.65948161e+00]
 [ 2.11912511e-01  6.92760190e-01  4.31644832e-01  2.05662706e-01
   6.71766901e-01 -1.71166863e-01  1.24823772e+00 -1.32098654e-02
   8.26042628e-02  4.45958772e-01  2.14134910e-01  2.47194489e-01
  -9.82326719e-01 -2.67779917e-01 -6.48676450e-01  8.60707386e-01
  -8.84577512e-01 -6.73972195e-01  3.02533462e-01  1.51106055e-01]
 [-6.22879183e-01 -1.21308254e-01 -8.94773985e-01 -3.27709079e-01
  -5.80884857e-01 -6.77007824e-01  2.25101899e-02 -4.94432052e-01
   5.34294139e-01  6.40113238e-01 -6.96220954e-01 -2.30680130e-01
   3.33109412e-01  1.60261376e+00 -8.98650387e-02 -1.20572999e+00
  -6.22582947e-01  3.94046779e-01  1.08788427e+00  5.89175035e-01]
 [ 3.95516900e-01 -1.99887223e+00  6.07162963e-01  4.89275787e-01
   8.66813329e-01  7.81199426e-01 -2.10532679e-01  8.07837532e-01
  -4.46568085e-01 -9.55606788e-01 -1.53833712e-01 -8.28513366e-01
   9.81271317e-01  5.09806765e-01 -4.50707294e-01 -9.94181740e-01
  -6.65956970e-01 -4.42930537e-02  5.58790654e-01  5.41705444e-01]
 [ 7.04466455e-01  6.31713269e-01 -1.44660312e-01  6.49928659e-01
  -3.59174477e-01 -8.18263272e-01 -2.09603951e-01 -1.64910783e-01
  -1.94846173e-01 -9.96189883e-01 -3.37612951e-01  3.92523593e-01
  -4.67893074e-02 -1.33838212e-01 -2.80733246e-02 -1.10330283e+00
  -5.64303726e-01 -5.34655034e-01 -6.30655557e-01  3.94754975e-02]
 [-3.01327374e-01 -2.95819594e-01  3.68136515e-01 -5.13423566e-01
   3.43885189e-01 -1.15976161e+00 -8.14484638e-01  4.54833384e-01
  -4.25082850e-01  9.13208956e-02 -1.12535408e-01 -3.76639133e-01
   7.80602519e-01 -5.56438884e-01 -8.68996839e-01 -5.69459047e-01
  -3.10330328e-01 -1.12067951e+00 -1.73781021e+00  1.11700950e+00]
 [ 1.97183722e-03 -3.75087587e-01  8.72336358e-01  2.78511983e-01
   1.60533530e-01  6.51581233e-01 -4.23504340e-01 -1.10854676e+00
   4.63531473e-01  6.60631669e-01 -1.77537200e+00  1.26544682e-01
   1.46653136e+00 -6.95209460e-01 -2.90192556e-01 -1.37727200e+00
   7.39160042e-01  5.14098281e-01  5.27950232e-01  2.84890436e-01]
 [ 1.23244139e-01 -9.62272146e-01 -1.85711219e-02  8.43018268e-01
  -2.99342983e-01 -1.55665839e+00 -1.00087101e-01  1.42143451e+00
  -2.91992977e-02  9.30005072e-02 -7.47741344e-01  2.74648775e-01
  -1.12382302e+00  5.42083616e-01  3.07533903e-01  9.17022318e-01
  -3.74586766e-01 -6.70238807e-01 -2.96194721e-01  2.26063477e-01]
 [ 1.23720810e+00 -2.78626768e-02  3.38171084e-01 -4.55526697e-01
  -8.05294443e-01 -1.23144178e+00 -6.20421521e-01  8.06838705e-01
  -1.08222916e+00 -1.28092780e+00  5.53367867e-01  3.35214788e-01
   3.18693743e-01 -1.86680083e-01  5.88959029e-01  1.13450312e+00
  -2.76884075e-01 -4.78203286e-01 -1.28126811e-01 -8.24010718e-01]
 [-6.16568038e-01 -1.06600454e+00  7.15376665e-01  4.63506144e-01
  -1.00095968e+00 -6.56272903e-01 -5.76649866e-01 -1.26955957e+00
  -2.22934663e-01 -2.36217570e-01 -4.62199287e-01  3.69523327e-01
  -3.01212294e-01  7.33284214e-01  8.07037305e-01 -2.31930218e-01
  -1.64675432e-01  6.47540442e-01  1.01218584e+00 -1.36486636e+00]
 [ 3.77578146e-01 -5.58999226e-01  6.19723631e-01  9.54802238e-01
  -9.83520950e-01 -2.09370440e-01  6.33159623e-01 -2.82498097e-01
  -1.04038946e+00 -1.14460294e+00 -2.99819096e-01  4.29709225e-02
  -1.75120384e-01 -4.03469992e-01 -9.92267352e-01 -2.18141439e-01
  -1.41833926e-01  1.67533924e-01  2.36685632e-01 -6.54426370e-01]
 [-2.25089090e-01  4.24509963e-01  7.29012218e-01  9.47132772e-01
   4.25754480e-01 -3.68121974e-01 -4.35099579e-01 -5.89865438e-01
  -2.44912153e-01 -3.75615621e-01 -8.47174801e-01  2.11186011e-01
   1.32500052e-01 -5.86868149e-01  4.09964155e-01  8.33316978e-01
   4.74368587e-01  7.88749719e-01 -1.42526602e+00  4.53305968e-01]
 [ 2.64603004e-01 -1.85773830e-01 -9.93193608e-01 -5.43313640e-01
  -1.33999150e+00 -1.11957218e-01  2.91162473e-01 -8.66651725e-01
   3.68715470e-01 -1.25347503e+00 -6.90146741e-01  8.21231377e-02
  -7.21509462e-01 -3.76123687e-01 -1.27889986e+00 -1.74155037e-01
  -7.72595757e-01  3.33033952e-01  6.39688078e-01  4.92504433e-01]
 [ 1.46412321e+00 -7.74641610e-03  3.85555615e-01  3.57482432e-02
  -2.87987562e-01 -1.10970596e+00  1.42781932e-01  9.42973675e-01
  -7.38409942e-01  1.11260030e+00 -5.00581751e-01 -1.84889787e-01
  -6.88040814e-01 -3.81094883e-01  7.89267950e-01  5.57277806e-01
   3.14556481e-01  1.51663724e+00 -6.39402298e-03  6.91418208e-02]
 [ 9.40372038e-01  5.66095274e-01  7.35773676e-01  7.53534409e-01
  -9.44051483e-01 -9.32333400e-01 -1.63470853e+00 -1.30031155e+00
  -2.40346660e-01  1.43385415e-01 -5.60889173e-01  1.22119736e+00
   1.21229700e+00 -1.49530191e-01  1.32336166e-01  8.48505654e-01
  -7.65856022e-01  1.10689667e+00 -1.03883871e+00 -3.47567387e-01]
 [-3.94695746e-01  4.50908169e-01 -9.31971219e-02  7.69526765e-01
  -5.02938302e-01 -6.06519455e-01 -5.59152874e-01  4.77832192e-01
   4.25638916e-01 -7.78002799e-01 -1.44449305e-01 -6.16056357e-01
   3.00925807e-01 -3.69108311e-01 -2.75129346e-02  2.63838822e-01
   6.28422109e-01 -3.52639959e-01 -1.32840357e+00 -3.77562835e-01]
 [ 1.04003480e+00 -1.30529087e+00 -1.55586790e-01 -2.87053007e-02
  -9.87001242e-01 -1.37425825e+00 -2.58909256e-01  6.83429441e-01
   5.52930981e-01  5.59405573e-01 -1.61823247e+00 -1.21906001e+00
   4.39509694e-01  3.90843334e-01  3.78277308e-01 -5.08519027e-01
   2.89876679e-01  1.15971272e+00  4.01397227e-02  9.22363807e-01]
 [ 1.06503304e+00 -1.03986734e+00 -1.59606955e-01  1.99464087e-01
   1.48242136e-01 -4.97842710e-01 -1.35759268e-01 -4.20375323e-01
  -1.05158367e+00 -8.79051654e-01 -4.77057300e-01 -1.02540357e+00
  -2.68654460e-01  5.13337790e-02 -1.73189270e-01 -9.76414744e-01
  -1.95241939e-01 -7.26055092e-01 -1.32397175e+00  3.44608022e-01]
 [-1.49294838e-01  1.13641884e+00  1.11064926e+00 -6.86959755e-01
  -5.00831442e-01  1.54600627e+00 -1.94660802e-01  7.32321975e-01
   1.09316041e+00  3.00510731e-01  8.07134760e-01 -2.62402948e-03
  -1.10634452e-01  2.67651077e-01 -6.20072693e-01  6.26067602e-01
  -1.76455344e-01 -5.52477675e-01  3.21218751e-01  7.19804268e-01]
 [ 6.61977996e-01 -9.28523302e-01 -1.38538079e+00 -7.47256415e-01
  -1.26406653e+00  5.84598411e-02  1.05077793e+00  1.03674298e+00
   1.35598287e+00  5.30647485e-01  2.54173042e-01  4.98890164e-01
  -2.54767276e-01 -1.13764313e-01 -7.42075160e-01  2.56997671e-01
  -5.49777630e-01  1.25407768e-01  6.34183469e-01  7.48787381e-01]
 [ 1.03341019e+00  5.21226684e-01  3.53724473e-01 -4.97972860e-01
  -6.58708428e-01  1.13866447e+00  1.87274102e-01 -3.37836067e-01
   5.82780294e-01  1.00905311e+00 -2.33237082e-01  6.37649278e-01
   8.90995225e-01  1.82803720e-01  4.54915565e-01  1.44448565e+00
  -1.08693073e+00  9.93908174e-01  2.52445943e-02 -1.32165562e-01]],[[-0.14698905  0.47535421 -0.08546754 -0.14158141 -0.21635549  0.2922139
   1.53133309  0.44206959  1.04276653 -0.75253084  1.86929992 -0.23176987
   0.53508379  0.63209011 -1.0242632   0.51841836]
 [ 0.53210088  0.71944719  0.67182171  0.57760218 -1.7356308  -0.06646538
  -0.30017251  0.20848335 -0.95462905 -0.30818998  1.8419363   0.45154399
   0.74256521  2.06128085 -0.68569385 -0.74570451]
 [ 0.85120198 -0.41362759 -1.63664683 -1.01243567  0.24856426 -0.22026849
  -0.1244114  -0.16760225 -0.21878165 -0.70917171  0.14726431 -0.78582026
   0.6380657   0.71949001 -0.14086012 -0.19500538]
 [-0.09936601  0.36897456  0.97977406  0.20384876 -0.32286046 -1.0831595
   0.81677127 -0.13005449  1.4486146  -3.03424068 -0.91258781 -0.31021451
   0.68123978 -0.69941082  0.85545458  0.0484506 ]
 [-1.10863633  0.41511484  0.08983428 -0.40111315 -0.59754435  0.40219965
  -0.68067507  1.18054549  0.67956792  0.18543651 -0.34860259 -0.25107809
   1.33589965  1.78408576 -1.64630283 -0.5535113 ]
 [ 1.03063151  1.63918158  1.88154089  0.37855166  1.39789099  0.70396289
  -0.65441356  0.13712374  0.76571836  0.75231678  1.65101624  0.38609322
  -1.09996363 -0.1052299   0.42993081 -0.13703192]
 [ 0.79284027 -0.51905329 -0.04379583  0.71822807  0.28360166  0.34424784
   1.18233582  0.95990068  0.96387553  0.7945579   0.13686876 -0.19161681
   0.50528644  0.35470171 -0.399105    0.085038  ]
 [-1.43473775 -0.21350317 -0.06649454  0.46250009 -0.69698918 -0.1094283
   0.43149659 -0.46786827 -1.01775176  0.20444859  0.38883509  0.23549414
   0.26644593 -0.42229317  0.28023098 -0.13553649]
 [-0.20058912  1.40642182  0.32053227  0.28365492  1.26451681  0.48217172
   0.06601109 -0.47889632 -1.03397717  1.26267298 -0.2118095  -1.28720562
   0.25418932 -0.91347902 -0.48409093  0.51856591]
 [ 0.06124163  0.24150402  0.66287993 -0.25512972 -0.17360466  0.02969105
   1.04966699  0.51833956  0.33017088 -1.06909895 -0.19730618 -0.82201461
  -0.06062389 -0.33328672  0.0178384  -1.17178951]
 [-0.23248087  0.19949857  0.22221147 -0.49111831 -1.3419631  -0.0154146
   0.88189489 -0.25232834 -0.15112347 -0.64805186  0.94401338  1.07470532
  -0.47443316 -0.93062053 -0.44514339 -0.38973588]
 [-0.73038042  0.20281763  0.98243545  0.46551837 -0.59975083  0.44397188
  -0.19688552  0.17404778 -0.67818731  0.74699746 -0.3862341   1.41237373
  -0.21897493  0.03554652  0.42694483 -0.95936376]
 [ 0.32454941 -1.41494831 -1.98998497  0.6279491   0.3639905  -0.3382614
  -0.04092458 -1.04339003  0.48768862  1.13024883  0.06907345  0.3570029
  -0.37572337  0.38400784  1.06807738 -0.73929874]
 [ 0.52469191 -0.03504563  0.10781058 -0.97385911 -1.21909962  0.61472472
   0.79818839  1.04491201 -0.36669603 -1.12659338  0.17386834 -0.04402832
  -0.91316541 -1.17581239  0.83083326 -1.79973986]
 [ 1.45774553 -1.70695833  0.36861422 -1.66837778  0.30326995 -1.03736631
  -0.26275499 -0.80528616 -1.18516798 -0.6982267   1.0576303  -0.7359839
  -1.01907019 -0.09247803  0.56329739  2.06797726]
 [-0.87589191 -0.27537148  0.25106534 -0.55806426  0.7541772  -0.25271207
  -0.11986276  1.45027811 -0.51973796  0.47965471  0.74326809  0.2547284
  -0.99460649  1.73731224 -0.32724675  1.02866343]
 [-0.6448409  -0.33020205  2.55919722  0.19366326  0.5238415  -0.56014361
   0.17889792 -0.32482092  0.43040014 -0.77176675 -0.40293719 -0.49333689
   1.2703428   0.74723464  0.18579704  0.65123853]
 [ 0.78465946 -1.48215516  0.27254531  0.43740663 -0.42790291 -0.17876693
  -0.48861191 -0.28402733 -0.33246687  1.15805955 -0.46330958  0.72503593
  -0.01689641  0.02255762 -0.07359665  1.07244867]
 [-1.69048035  0.30819069 -0.22912468 -1.31725938  0.38036166 -0.45615589
  -0.29835939 -1.00022942  1.59732073 -0.4385122  -0.82113397  1.12478216
  -0.65347664 -0.67167963 -1.8452533  -0.57335761]
 [ 0.01001099  0.79888708  0.24133531 -0.55859478 -0.24915742 -0.54214445
   0.31990593 -0.01037367  0.0719757  -2.22166259 -0.96878567  0.08372716
  -0.29595536  0.71634226  1.12676658  0.43521874]]