[[-3.71399301e-01 -7.50294093e-01  6.61944154e-02  1.01585775e+00
  -5.28755633e-01 -6.70837973e-01  1.86685887e-01  8.71632849e-01
  -7.14042325e-01 -2.61009607e-01 -3.56846591e-01 -2.62191875e-01
   1.03492262e+00 -1.01412289e+00  3.48340635e-02 -4.46880457e-01
   5.98076677e-01 -1.39787313e+00  5.47151979e-01 -4.86735911e-03]
 [-5.26992301e-01 -8.40203865e-02  7.48076642e-01  8.89413096e-01
   2.81821460e-01  1.35640437e-01 -1.39290253e+00 -1.52188400e-01
   2.89094257e-01 -4.64305163e-01  1.41296600e+00 -7.53121850e-01
   1.12635476e-01 -1.00783183e+00 -1.86863578e-01  4.42376210e-01
  -3.52983026e-01 -3.18995125e-02 -5.13764524e-01  3.96769727e-01]
 [ 4.06326356e-01 -2.05139241e-01  4.74826257e-01 -4.28734464e-01
  -1.05060999e+00 -3.84465608e-01 -6.03422519e-01 -4.01468527e-01
   1.38813672e+00 -7.43377568e-01 -6.90618481e-01  2.45359603e-01
  -6.27820416e-01 -8.43212868e-02 -8.78868595e-01  1.30255440e+00
  -7.42202527e-01 -4.65502171e-01  8.73756315e-01 -1.11708322e-01]
 [ 5.25530745e-01  2.78460210e-01 -9.47269547e-01 -8.24292034e-01
  -1.14389691e+00  2.98805744e-02 -1.46366045e-01  6.51576931e-01
  -6.70300205e-01  9.64455343e-01  1.75468965e+00  8.58768393e-01
   6.18357113e-01  3.65539705e-01  1.35355813e+00 -2.25918048e-01
  -6.18050281e-01  5.78081119e-01 -5.36813654e-01 -6.90197805e-02]
 [-4.93377886e-01 -3.08665301e-02 -2.93529809e-01  1.00004927e+00
   1.69602609e-01  1.14287477e-01 -3.34253238e-02  9.66841890e-01
   6.40590582e-01 -7.27937941e-01 -9.95669620e-01  6.54053256e-01
  -1.12146616e+00 -1.37306619e+00  1.26283405e+00 -2.77514963e-01
  -5.58311924e-02 -4.14327022e-01 -3.91882575e-01 -6.33094607e-01]
 [ 7.79231630e-02 -7.32796282e-01  4.44779376e-01 -8.70961976e-01
   1.20179109e+00  1.84020580e-02 -3.19507390e-01  4.19884979e-02
   1.57138983e+00  1.87540859e-01  8.91479025e-02  2.08238410e-01
   1.10052584e+00 -1.28300725e+00 -1.25869645e+00 -8.41046973e-01
   9.99379253e-01 -4.22589681e-01 -7.90232089e-01  3.08013153e-01]
 [-9.19394755e-01 -6.41011997e-01  6.86853496e-01 -3.77599264e-01
  -9.89259072e-02  4.51362235e-01 -7.27127845e-01  1.24602667e+00
  -1.05130035e+00 -4.74491313e-01  1.42754421e-01  1.17059533e+00
  -8.80041400e-02  6.54322832e-01 -4.66461629e-02 -9.35472725e-01
  -2.25280172e-01  9.40111552e-01 -7.97649539e-01  4.75984158e-01]
 [-1.69085282e-01 -2.97847901e-01  2.06059721e-01  1.33473604e+00
   6.20965184e-01  8.25163094e-02  8.96596696e-01  8.79196706e-02
  -1.97764424e-02 -6.35766035e-01 -8.79458506e-01  4.07279804e-01
   7.92440046e-01 -1.18174751e+00 -3.71594596e-01 -5.23604984e-01
  -8.27942168e-01 -5.23871874e-01  1.18619826e+00  5.59120254e-01]
 [-3.76950530e-01  1.10791075e+00  6.25463549e-01  6.52347344e-01
   4.93644756e-01 -1.79170273e+00 -3.24702643e-01  1.30756191e-02
   6.39247992e-01  1.05454959e+00 -4.09046726e-01 -2.50240511e-01
   6.18765531e-01 -4.24779713e-01 -9.71020819e-01  6.02147473e-01
  -1.20508155e-02  1.46687405e+00 -1.39562868e-01 -2.37507594e-01]
 [-6.09576333e-01 -5.39111301e-01 -1.14320395e-01 -1.57592564e-01
  -9.77075404e-01  1.55400168e+00  1.17452495e+00 -8.84568055e-01
   1.95854656e-01  2.30193453e-01  9.95863215e-01  2.22916534e-01
   1.34014327e+00 -7.54789627e-01  2.26138571e-01  1.93718014e-01
   2.00557609e-01  1.13670973e-01 -3.49974925e-01  5.67217353e-01]
 [-4.64427058e-01 -3.87305611e-01  1.43680292e+00  4.20075685e-01
  -9.46162296e-01 -6.75517403e-01 -1.35193171e+00  1.14874368e+00
  -6.58361972e-01 -7.64080697e-01  4.83107681e-01  5.79652296e-01
   1.35892327e+00 -1.32099643e+00 -1.02773681e-03 -3.17838379e-01
   2.62211572e-01  8.03833541e-01  8.51103629e-01  6.97210553e-01]
 [ 8.30134346e-01 -7.80363438e-01  3.90584321e-01 -6.58838774e-01
  -2.02904434e-02 -7.83473798e-01  5.74818247e-01  7.14055568e-02
   5.02398073e-01  1.38543189e+00 -3.26308610e-02 -4.19864748e-01
   4.29321975e-01 -1.18672737e-01 -8.33287276e-01  5.76328023e-01
  -7.50504235e-01  1.89942863e+00 -6.54271602e-01  1.20489120e+00]
 [ 1.44108433e+00 -1.39908385e+00 -1.72472748e-01 -5.43353514e-01
   7.61192373e-02 -8.26743886e-01  2.75830506e-02 -7.20205400e-01
   1.08061145e+00 -8.74513551e-01  1.96752102e-01 -7.80248162e-01
   1.68641089e-01  2.10207082e-01  4.72457283e-01  1.97056964e-01
  -3.78665263e-01  4.65227938e-01  1.82593435e+00  3.64972322e-01]
 [-1.06857080e+00  1.94926127e-02 -7.46189886e-01 -6.92671081e-01
   6.79810525e-01 -1.17994637e+00 -6.06465532e-01 -4.07578929e-01
   3.98503960e-01 -6.42298787e-01 -1.38867654e-01  1.74870048e-02
   9.82073535e-01  1.17468836e+00  8.55954722e-01  8.59674564e-01
  -1.04601802e+00 -3.60958905e-01 -4.37440427e-01 -4.15870714e-01]
 [ 3.81157110e-01  5.92974534e-01 -6.81741616e-01  4.55667151e-01
  -3.81888157e-01 -1.19055189e+00 -1.73021130e-01 -1.21608472e-01
   4.60680625e-01 -1.09653032e+00 -4.14237370e-01  9.29317037e-02
   4.04023457e-01 -9.13267245e-01  3.61514176e-01 -1.23441802e-01
   2.72066335e-01 -1.95543705e-01 -1.48436641e+00 -7.24242569e-02]
 [ 7.25487001e-01 -7.88456279e-01 -1.05185268e-03 -3.82458265e-01
  -4.14014326e-01  6.49344743e-01  1.52682247e+00  6.43148685e-01
   5.35671322e-01  1.57805228e+00 -2.22804247e-01 -1.90388440e-01
   8.46619199e-01  1.51454096e-01  4.76573427e-01 -1.70418723e+00
  -9.65699452e-01  1.33921023e+00  3.68244341e-01 -1.52446603e+00]
 [ 2.11912511e-01  6.92760190e-01  4.31644832e-01  2.05662706e-01
   3.74051533e-01 -6.23097661e-01  1.24823772e+00 -1.32098654e-02
  -1.16043588e-01  4.45958772e-01  2.14134910e-01  8.07329202e-02
  -9.82326719e-01 -2.67779917e-01 -6.48676450e-01  8.60707386e-01
  -8.84577512e-01 -6.73972195e-01  3.02533462e-01  1.51106055e-01]
 [-6.22879183e-01 -1.21308254e-01 -5.40281155e-01 -3.27709079e-01
  -5.80884857e-01 -9.42161029e-01  3.30870559e-01 -4.94432052e-01
   5.34294139e-01  6.40113238e-01 -6.96220954e-01 -2.30680130e-01
   1.76255238e-01  1.27725247e+00 -8.98650387e-02 -1.20572999e+00
  -6.22582947e-01  3.94046779e-01  1.08788427e+00  5.75460964e-01]
 [-4.12668690e-02 -1.50607805e+00  6.07162963e-01  4.89275787e-01
   8.66813329e-01  7.81199426e-01 -2.10532679e-01  8.07837532e-01
  -4.46568085e-01 -9.55606788e-01 -1.53833712e-01 -3.60969092e-01
   9.81271317e-01  5.09806765e-01 -8.13248786e-01 -6.12563424e-01
  -5.68334219e-01 -4.42930537e-02  5.58790654e-01  4.86637360e-01]
 [ 7.04466455e-01  6.31713269e-01  2.31352869e-01  6.49928659e-01
  -3.59174477e-01 -8.18263272e-01 -2.09603951e-01  7.01740511e-02
  -1.94846173e-01 -9.96189883e-01 -1.74860584e-01  3.92523593e-01
  -5.35035445e-01  1.83616763e-01 -2.80733246e-02 -1.10330283e+00
  -5.64303726e-01 -5.34655034e-01 -6.30655557e-01  3.94754975e-02]
 [-3.01327374e-01 -2.95819594e-01 -2.26172387e-02 -5.13423566e-01
   3.43885189e-01 -8.88037640e-01 -1.22574026e+00  4.54833384e-01
  -4.25082850e-01  9.13208956e-02 -1.12535408e-01 -3.76639133e-01
   7.80602519e-01 -5.56438884e-01 -8.68996839e-01 -3.90467033e-01
   7.15991839e-02 -9.32517456e-01 -1.73781021e+00  1.11700950e+00]
 [ 1.62756477e-01 -3.75087587e-01  8.72336358e-01  2.78511983e-01
   1.60533530e-01  6.51581233e-01 -4.23504340e-01 -1.10854676e+00
   4.63531473e-01  6.60631669e-01 -1.85857845e+00  1.26544682e-01
   1.46653136e+00 -6.95209460e-01 -1.53594849e-01 -1.26117006e+00
   7.39160042e-01  5.14098281e-01  5.27950232e-01  1.07682182e-01]
 [ 1.23244139e-01 -9.62272146e-01  2.93371800e-01  8.43018268e-01
  -2.99342983e-01 -1.10041059e+00 -1.00087101e-01  1.42143451e+00
  -2.91992977e-02  5.42035131e-01 -6.44260346e-01  2.74648775e-01
  -1.12382302e+00  2.32617545e-01  2.32856604e-01  7.67453130e-01
  -2.01487919e-01 -6.70238807e-01 -2.96194721e-01  2.26063477e-01]
 [ 1.23720810e+00 -2.78626768e-02  3.38171084e-01 -4.55526697e-01
  -2.49362691e-01 -1.23144178e+00 -6.20421521e-01  8.06838705e-01
  -9.85186177e-01 -8.17218855e-01  5.53367867e-01  3.35214788e-01
   3.18693743e-01 -1.86680083e-01  5.88959029e-01  1.13450312e+00
  -3.17645906e-01 -4.78203286e-01  2.62372432e-01 -8.24010718e-01]
 [-6.16568038e-01 -1.06600454e+00  7.15376665e-01  1.44440913e-01
  -1.00095968e+00 -3.14941683e-01 -5.76649866e-01 -1.26955957e+00
   1.92760865e-01 -2.36217570e-01 -4.62199287e-01  3.69523327e-01
  -3.01212294e-01  2.00766089e-01  8.07037305e-01 -3.56238212e-01
  -1.64675432e-01  6.47540442e-01  6.17533652e-01 -8.93824459e-01]
 [ 3.77578146e-01 -3.91502101e-01  6.19723631e-01  9.54802238e-01
  -9.83520950e-01 -1.66775590e-01  3.39944605e-01 -2.82498097e-01
  -1.04038946e+00 -1.14460294e+00 -5.74347015e-01  4.29709225e-02
  -1.75120384e-01 -4.03469992e-01 -9.92267352e-01 -2.18141439e-01
   1.77653262e-01  1.67533924e-01  2.36685632e-01 -6.54426370e-01]
 [-4.59481514e-01  4.24509963e-01  7.29012218e-01  9.47132772e-01
   4.25754480e-01 -7.69648053e-01 -4.35099579e-01 -5.89865438e-01
  -2.44912153e-01 -3.75615621e-01 -8.47174801e-01  2.11186011e-01
   1.32500052e-01 -5.86868149e-01  4.09964155e-01  8.33316978e-01
   2.82121253e-01  7.88749719e-01 -4.13391703e-01  4.45043855e-01]
 [-1.91950448e-01  1.02038560e-01 -6.08287554e-01 -5.43313640e-01
  -1.33999150e+00 -1.57106474e-01  2.91162473e-01 -8.66651725e-01
   3.68715470e-01 -1.16579595e+00 -6.90146741e-01  3.90088803e-01
  -4.61612384e-01  4.94618261e-02 -1.85677999e+00 -1.74155037e-01
  -7.72595757e-01  3.33033952e-01  6.39688078e-01  4.92504433e-01]
 [ 1.46412321e+00 -7.74641610e-03  3.85555615e-01  3.57482432e-02
  -2.87987562e-01 -1.10970596e+00  1.42781932e-01  9.42973675e-01
  -8.22157716e-01  9.79692334e-01 -3.92462512e-02 -2.97389213e-01
  -6.88040814e-01 -3.81094883e-01  7.89267950e-01  3.16407036e-01
   3.14556481e-01  1.59144940e+00 -6.39402298e-03  6.91418208e-02]
 [ 9.40372038e-01  5.66095274e-01  7.35773676e-01  7.53534409e-01
  -9.44051483e-01 -4.57418079e-01 -1.63470853e+00 -1.30031155e+00
  -1.09716387e-01  1.43385415e-01 -5.60889173e-01  1.22119736e+00
   1.21229700e+00  2.05467882e-01  4.84332356e-01  8.48505654e-01
  -4.16720043e-01  6.19051755e-01 -4.73947540e-01 -3.47567387e-01]
 [-5.48561288e-02  4.63045288e-01 -2.90459885e-01  7.69526765e-01
   2.20133609e-01 -5.59785828e-01 -5.59152874e-01  4.77832192e-01
   4.25638916e-01 -7.98531504e-01 -1.44449305e-01 -8.39248693e-01
   3.00925807e-01 -3.69108311e-01 -2.75129346e-02  2.63838822e-01
   5.74893227e-01 -3.52639959e-01 -1.14004335e+00 -3.77562835e-01]
 [ 1.04003480e+00 -1.30529087e+00 -3.58939479e-01 -4.36030147e-01
  -9.87001242e-01 -1.39726698e+00 -5.30981128e-01  6.83429441e-01
   5.52930981e-01  6.77973762e-01 -1.61823247e+00 -1.21906001e+00
   4.39509694e-01  5.08638409e-01  3.78277308e-01 -7.33929307e-01
   2.89876679e-01  1.15971272e+00  4.24710989e-01  9.22363807e-01]
 [ 1.35187162e+00 -1.03986734e+00 -1.59606955e-01  1.99464087e-01
   1.42051332e-01 -4.97842710e-01 -1.35759268e-01 -3.26573373e-02
  -1.05158367e+00 -8.79051654e-01 -4.77057300e-01 -1.02540357e+00
  -6.49223422e-01  5.13337790e-02 -1.73189270e-01 -9.76414744e-01
  -1.95241939e-01 -7.26055092e-01 -1.32397175e+00 -4.95253747e-02]
 [-3.34935122e-01  1.10348146e+00  9.43118155e-01 -6.86959755e-01
  -7.74523021e-01  1.54600627e+00 -1.94660802e-01  1.21681315e+00
   1.09316041e+00  1.81536813e-01  3.53989463e-01 -9.28229043e-01
  -1.10634452e-01  1.36834070e-01 -6.20072693e-01  6.26067602e-01
  -3.00920436e-01 -5.52477675e-01  3.21218751e-01  7.19804268e-01]
 [ 7.79604607e-01 -9.47792915e-01 -1.38538079e+00 -7.47256415e-01
  -1.26406653e+00  5.84598411e-02  1.05077793e+00  1.03674298e+00
   1.52602943e+00  5.30647485e-01  2.54173042e-01  8.62802363e-01
  -2.54767276e-01 -1.13764313e-01 -7.42075160e-01  2.56997671e-01
  -5.49777630e-01 -2.18687901e-01  6.34183469e-01  7.48787381e-01]
 [ 1.03341019e+00  5.21226684e-01  3.53724473e-01 -4.97972860e-01
  -1.14693657e+00  1.13866447e+00 -2.82195933e-01 -3.37836067e-01
   5.78457244e-01  1.00905311e+00 -2.02892173e-02  6.37649278e-01
   8.90995225e-01  1.82803720e-01  4.54915565e-01  1.44448565e+00
  -6.71734366e-01  9.93908174e-01  2.52445943e-02 -1.32165562e-01]],[[-0.42548446  0.47535421 -0.08546754 -0.61803883 -0.21635549  0.43789029
   1.50774937  0.13506472  1.54945774 -1.24999939  1.66650876  0.31823846
   0.53508379  0.3989633  -1.34900965  0.51841836]
 [ 0.53210088 -0.24503692  0.67182171  0.33892741 -0.60442475 -0.27564617
  -0.30017251  0.20848335 -0.92118212 -0.30818998  1.39116416  0.80480414
   0.92725162  2.06128085 -0.90012329 -0.74570451]
 [ 0.85120198 -0.29826316 -1.63664683 -1.00203215  0.24856426 -0.22026849
  -0.04212366 -0.16760225 -0.21878165 -0.70917171  0.14726431 -0.78582026
   0.8946759   0.71949001  0.0040476  -0.19500538]
 [-0.09936601  0.6179434   0.97758317  0.20384876 -1.37078378 -1.0831595
   0.14580608 -0.13005449  1.4486146  -2.61301498 -0.91258781  0.13930698
   0.68923427 -0.49894472  0.85545458  0.0189522 ]
 [-1.66434366  0.41511484  0.31263105 -0.06728272 -0.59754435  0.68239587
  -1.09454874  1.48252977  1.12602414  0.18543651 -0.34860259 -0.5177619
   1.77574007  1.78408576 -1.52165668 -0.00749533]
 [ 1.03063151  1.63918158  1.45874577 -0.00683715  1.39789099  0.21690275
  -0.78896143  0.13712374  0.96415648  1.1795943   1.49880066  0.38609322
  -1.09996363 -0.1052299   0.29262239 -0.22125676]
 [ 0.65407051 -0.51905329  0.02347618  0.71822807  0.28360166  0.34424784
   1.18233582  0.86391586  0.96387553  0.9390311   0.27669478 -0.19161681
   0.50528644  0.35470171 -0.399105    0.085038  ]
 [-1.43473775 -0.01493643 -0.06649454  0.16074207 -0.39551829 -0.1094283
  -0.05904858 -1.03484302 -1.01775176  0.20444859  0.34693733  0.23549414
   0.41315298 -0.34659977  0.28023098 -0.13553649]
 [ 0.12140626  1.11110598  0.32053227  0.02232218  1.20482116  0.83490473
  -0.14465432 -0.47889632 -1.03397717  1.26267298 -0.2118095  -1.17439901
   0.53561903 -0.90947778 -0.26918541  0.78372171]
 [ 0.37452305  0.24150402  0.66032168 -0.25512972  0.36512567  0.02969105
   1.21847997  0.74590825  0.17729889 -1.06909895 -0.19730618 -0.82201461
  -0.06062389  0.01090763  0.28110698 -1.51966625]
 [-0.23248087  0.54500534  0.22221147 -0.65702507 -1.3419631  -0.0154146
   1.25062323 -0.6497583  -0.15112347 -0.63761394  0.94401338  1.07470532
  -0.00714496 -1.02916797 -0.39391987 -0.50997549]
 [-0.48048215  0.20281763  0.81088315  0.85077269 -0.62576576  0.04287706
  -0.19688552  0.40817374 -1.07682124  1.10308816  0.17183706  1.1497999
  -0.21897493  0.38571561  0.24085432 -0.95936376]
 [-0.08231086 -1.41494831 -1.95896999  0.40872642  0.3639905  -0.3382614
  -0.04092458 -0.78361823  0.09298374  1.13024883 -0.19455686  0.37462739
  -0.37572337  0.05598052  1.06807738 -0.73929874]
 [ 0.52469191 -0.03504563  0.10781058 -0.97385911 -1.21909962  0.61472472
   0.79818839  1.00700573 -0.12543526 -1.12659338  0.17386834 -0.69357843
  -0.91316541 -1.17581239 -0.14269531 -2.0604445 ]
 [ 1.45774553 -1.70695833  0.13750008 -1.78656192  0.30326995 -1.03736631
  -0.26275499 -0.80528616 -1.18516798 -0.53234353  1.0576303  -0.53315303
  -1.01907019  0.12568096  0.56329739  1.73365002]
 [-0.37799849 -0.27537148  0.06361326 -0.55806426  0.90824571  0.19858696
  -0.11986276  1.35553468 -0.67364614  0.16900187  0.74326809 -0.03102201
  -0.80878009  1.11531998 -0.1479203   0.5936055 ]
 [-0.35803446  0.55853363  1.96815399  0.22624213  0.72480057 -0.41233118
   0.17889792 -0.21957168  0.84534268 -0.73630548 -0.40293719 -0.49333689
   0.97333752  0.10620264  0.18579704  0.65123853]
 [ 0.88557389 -1.90292525  0.27254531  1.01208929 -0.33518402  0.06943243
  -0.48861191 -0.28402733 -0.11226915  1.15805955 -0.6876381   0.72503593
  -0.01689641  0.26348387  0.07578551  1.07244867]
 [-1.69048035  0.45779088 -0.15345628 -1.6894624   0.63707599 -0.79035425
  -0.29835939 -0.53551546  1.2346327  -0.4385122  -0.77168191  1.12478216
  -0.65347664 -0.52651329 -1.4582794  -0.57335761]
 [-0.69279809  0.60423522  0.43039498 -0.9126707  -0.16311565 -0.69782069
  -0.15698897 -0.41011949 -0.2097307  -1.73261616 -0.96878567  0.03916897
  -0.29595536  0.71634226  1.12676658  0.43521874]]