[[ 7.14758637e-02 -8.48391124e-01 -2.12740614e-01  1.02272537e+00
  -8.58005285e-01 -7.48427549e-01  1.36629834e-02  5.44999882e-01
  -4.96783575e-01 -7.82143107e-01 -9.71188022e-01 -6.02277315e-01
   3.73955401e-01 -6.20262657e-01 -4.98648504e-01 -4.70574734e-01
   5.82343214e-01 -1.28835133e+00  1.58623711e-01  3.73205575e-01]
 [ 1.55536140e-01  3.19018191e-02  6.81543578e-01  1.33907809e+00
   3.62416634e-01  4.52212419e-01 -1.39290253e+00 -5.61663629e-02
   1.21994565e+00 -5.23784892e-01  1.02637964e+00 -2.48711322e-01
  -2.66871458e-03 -8.68201271e-01 -2.49983125e-02  4.56603517e-01
  -8.70077298e-01  8.33211143e-02 -1.98460334e-01  4.16872588e-01]
 [-2.81480504e-01  3.38005596e-01  7.88862140e-01 -2.83408144e-01
  -9.06870220e-01 -8.13938484e-01 -6.59134610e-01  5.77923318e-01
   6.53442427e-01 -5.70348191e-01 -2.17166999e-01  1.25036178e-01
  -1.02060338e+00 -8.00856392e-01 -9.58851896e-01  9.52106400e-01
  -1.10434197e+00 -7.48533160e-01  3.87325716e-01 -9.92327629e-01]
 [ 5.25530745e-01 -2.45364646e-01 -5.31628360e-01 -7.83282357e-01
  -7.61644499e-01  2.98805744e-02  8.53313309e-01  1.29086977e-01
  -3.89653858e-01  1.23424731e+00  1.31201144e+00 -2.56270397e-01
   1.49168814e-01  1.22442846e+00  1.35732622e+00 -7.17699496e-01
  -2.65664017e-01 -1.05149351e-01  7.31349840e-01  2.42482711e-01]
 [-7.38412432e-01  3.27540426e-01  9.34179217e-02  4.54096841e-02
  -3.80121509e-01  4.71386073e-01 -1.63072732e-01  8.15623381e-01
   4.20366647e-01 -5.08499823e-01 -4.67625357e-01  2.69001606e-01
  -3.44125664e-01 -2.82205477e-01  5.02423517e-01 -4.99966755e-01
  -6.43130043e-01 -8.54704852e-01  1.16306664e-02 -4.00079200e-01]
 [-1.32420702e-01 -5.84719686e-01  1.89156178e-01 -5.09568630e-01
   8.89565481e-01  2.66491689e-01  4.52158524e-01  2.33073457e-01
   7.04997294e-01  5.66892933e-01 -7.31601245e-01  6.16594830e-02
   6.56722640e-01 -1.16941553e+00 -6.24345937e-01 -8.88155318e-01
   1.31003104e+00  1.72567873e-01 -6.01091122e-01  3.34440979e-01]
 [-9.19394755e-01 -3.39170187e-01 -2.69420287e-01 -5.52409980e-01
  -9.89259072e-02  4.51362235e-01 -1.66802554e+00  3.01031158e-01
  -1.26983900e+00 -4.31524140e-01  1.32067801e-01  1.30132899e+00
   3.31453938e-01  1.17612084e+00  2.98183355e-01 -4.63167099e-01
  -3.45980364e-01  5.07425276e-01 -4.08167148e-01  1.74583772e-01]
 [-5.91019683e-01 -6.04445971e-01  1.95971482e-01  1.07145372e+00
   3.30687899e-01 -3.68180950e-02  2.03368721e-01  1.74072543e-01
  -6.18425166e-01 -5.12583452e-01 -9.13801856e-01  2.30655095e-01
   3.62013096e-01 -6.15199732e-01  3.60677365e-01 -5.23604984e-01
  -5.47526136e-01 -9.79072406e-01  1.23107227e+00 -1.74635417e-01]
 [ 3.67485388e-02  6.01262702e-01  1.12007941e+00 -6.33303127e-01
   5.11006038e-01 -1.11138565e+00 -2.81937627e-01  8.28919783e-02
   8.69588358e-01  7.10917561e-01  7.77336505e-01 -7.71016346e-01
  -8.01419795e-02 -7.37001793e-01 -5.94533748e-01  8.16399322e-01
   3.42092733e-01  6.25054411e-01  1.67810911e-01  5.91431355e-01]
 [-1.33248532e+00 -9.17902598e-01 -8.64210263e-02  3.77852648e-01
  -3.74631898e-01  5.19811999e-01  6.80116231e-01 -7.67847023e-01
   5.42365042e-01  2.46900645e-01  1.35511424e-01 -2.30102267e-01
   1.34014327e+00 -9.98372000e-01  2.74514075e-01 -1.57010086e-01
   3.46544597e-01  2.97110965e-02  1.88174119e-01  6.25888724e-01]
 [-4.66991528e-01 -2.76510720e-01  1.16555753e+00  2.57498931e-01
  -6.40417454e-01 -9.54554527e-01 -1.18652348e+00  8.20348145e-01
   7.57605111e-01 -4.63982537e-01  1.30245258e+00  2.53677300e-01
   6.17474626e-01 -7.53411725e-01  2.57545712e-01 -3.17838379e-01
   4.82278153e-01  1.19788951e+00  5.84998370e-01  5.10865275e-01]
 [ 9.38438599e-01 -7.62993710e-01  4.78341017e-01 -8.16203498e-01
  -9.46414832e-02 -7.80156122e-01  3.39331206e-01 -6.07505739e-01
   4.54844707e-01  5.77650981e-01 -3.26308610e-02  3.23548911e-01
   1.29331916e-01 -2.08635306e-01 -5.19697523e-01  3.56318717e-01
  -9.01032938e-01  1.34950614e+00 -6.46387756e-01  1.20489120e+00]
 [ 7.78611447e-01 -1.45386169e+00 -8.37973520e-01 -6.00700167e-01
   3.99070697e-01 -6.47183655e-01 -7.99511597e-02 -1.03532760e+00
   1.40626633e+00 -1.30413508e+00 -8.61948456e-02 -6.70233058e-01
   1.68641089e-01  2.61513185e-02 -2.26402887e-01 -8.20110986e-02
  -3.86463737e-01  1.29687864e+00  1.16864641e+00 -6.32370891e-02]
 [-1.29025474e+00  2.69651598e-01 -8.26532967e-01 -9.68703430e-01
   1.18685916e+00 -1.48165777e+00 -1.78524935e-01  8.07067638e-01
   6.98687164e-01 -6.40207225e-01 -7.49040307e-01  3.22729458e-01
   2.13834777e-01  2.01354526e-01  1.03776208e+00  5.51945643e-01
  -6.69212551e-01 -7.11849427e-02 -5.78837419e-01 -5.78415264e-01]
 [-1.06022226e-01  1.02753294e+00 -2.20062562e-01  1.47299092e-01
   4.86387743e-02 -7.85324638e-01 -5.72345778e-01 -7.23318277e-02
   3.93987065e-02 -7.23147470e-01 -6.28486359e-01 -3.36736072e-02
   2.32723410e-01 -6.94105899e-01  8.80616556e-02  4.30274124e-02
   4.34511296e-01 -5.41977065e-01 -6.98984982e-01 -4.94806047e-01]
 [ 3.97752093e-01 -8.18509024e-01 -1.74502027e-01 -3.48611867e-01
  -2.47605156e-01 -7.40003000e-02  5.59321175e-01  5.72177179e-01
   1.01768939e+00  8.64953535e-01 -3.82255180e-01 -1.83329614e-01
   1.11517383e+00  2.64028330e-01  7.91701798e-01 -1.69849327e+00
  -8.32437255e-01  1.27755086e+00  1.44578688e+00 -5.96187008e-01]
 [ 6.25437608e-01  4.66990996e-01  6.65972807e-01  2.09009273e-01
   7.00115131e-01 -7.07377130e-01  1.06393755e+00  3.26912175e-01
  -3.79585445e-01 -2.49931603e-01 -3.22422747e-01  4.21698575e-01
   2.68673465e-01 -1.22019875e+00 -1.66176794e-01  4.39416495e-01
   7.70642914e-02 -9.16098042e-01  2.06122962e-01  4.44421917e-01]
 [-6.22879183e-01  4.85122934e-01 -9.26673821e-01 -3.27709079e-01
  -7.72392983e-01 -7.60576458e-01  2.65324362e-01  3.50666955e-02
   5.05965130e-01  5.72111447e-01 -7.92957590e-01 -1.24980622e-01
   7.90996619e-01  8.69895711e-01 -4.71127830e-01 -1.03393917e+00
  -1.68010909e-01  3.13958634e-01  8.22066101e-01  8.43427209e-01]
 [-4.12668690e-02 -9.25657019e-01 -5.19453739e-01  4.89275787e-01
   5.18593640e-01  7.81199426e-01  1.01497383e-01 -4.00021296e-01
  -1.67353877e+00 -9.55606788e-01 -1.06123771e-01 -1.27229452e+00
   4.22314342e-01  5.76190748e-01 -6.86500663e-01 -6.12563424e-01
  -3.56679212e-01 -2.07212717e-01  9.64885849e-01 -2.16981083e-01]
 [ 5.54690475e-01  3.97366690e-01 -8.73610464e-01 -2.54609237e-01
  -3.34247146e-01 -4.35245794e-01 -1.90806901e-01 -2.14565825e-01
  -2.53697754e-01 -9.33402190e-01 -6.65937600e-01  9.22042305e-01
  -1.14844906e+00 -8.66154779e-01 -6.76790464e-02 -9.31451782e-01
   1.48104311e-02 -2.95874135e-01 -6.30655557e-01 -2.99372821e-01]
 [-7.42704950e-01 -5.91048202e-01  2.51791041e-01  6.19007942e-02
   6.67688699e-01 -6.97543550e-01 -1.10363321e+00  2.14103527e-01
  -4.03915482e-01  9.13208956e-02  6.28727620e-02  2.86576114e-01
   3.62225204e-01 -5.37336562e-01 -7.53072301e-01 -2.46985816e-01
   4.63074287e-01 -9.24622325e-02 -7.00299191e-01  1.68748500e+00]
 [-1.79458572e-01 -1.16899419e-01  1.27595596e+00  1.95007579e-01
   6.46544647e-01  6.51581233e-01  1.44344658e-01 -4.26931828e-01
   1.15051478e+00 -1.09570051e-01 -3.78978414e-01 -4.44394103e-01
   5.38744294e-01 -4.05676530e-01 -4.88305832e-01 -6.25176797e-01
   1.00258670e+00  4.47677727e-02  6.70063291e-01 -9.02491153e-01]
 [ 1.14817985e+00 -1.03867821e+00  1.14765921e+00  9.08509131e-01
  -2.73749159e-01 -7.32689408e-01 -1.54578789e-01  7.48352123e-01
  -2.57630195e-02  7.24821220e-01 -4.36072524e-01  7.30313971e-01
  -9.09647244e-01 -1.13569421e-02  8.13238194e-01  8.03479248e-01
   5.76021116e-01 -1.33131586e+00 -3.09346413e-01  5.27626820e-01]
 [ 6.02549967e-01  9.04332710e-02  1.57869413e+00 -1.86886036e-02
  -1.20485722e+00 -1.05023879e+00 -6.20421521e-01  1.27782894e+00
  -8.66593012e-01 -1.29684388e+00  2.67741911e-01 -3.16169189e-01
  -5.90868714e-01 -2.31538971e-01  2.77836704e-01  1.42043484e+00
  -3.60114387e-01  4.04526045e-01 -3.14439058e-02 -1.07317013e+00]
 [ 2.44364113e-02 -5.79677748e-01  5.84881371e-01  8.64152128e-01
   6.61076328e-01 -1.15103084e+00 -4.69722068e-01 -8.29519639e-01
  -2.81722846e-01 -6.00098393e-01 -2.56306153e-01 -9.87326050e-01
   2.82278993e-01 -7.54867314e-01  8.39484198e-01 -3.28596769e-03
  -6.36225550e-01  1.96053640e-01  6.17533652e-01 -9.17091223e-01]
 [-2.70257869e-01 -8.27704303e-01  2.55499391e-01  3.24944778e-01
  -1.09488721e+00  1.28582228e-02  2.99393821e-01  4.47275993e-02
  -9.05824228e-01 -1.53501709e+00 -1.00913365e+00 -1.78608204e-01
  -7.36630929e-01 -6.06006064e-01 -1.12900043e+00  5.70789326e-01
   2.90230401e-01 -5.73351710e-02  5.54992662e-02 -3.67023500e-01]
 [-3.14598380e-01 -5.74229970e-02  6.82006753e-01  7.36142188e-01
   2.05840427e-01 -3.33997125e-01 -8.30685547e-01 -3.85535847e-01
  -1.08893394e+00 -6.33775066e-01 -7.39711682e-01 -6.93616591e-02
   7.28253632e-01 -2.84902790e-01  6.59586867e-01  1.07709173e+00
  -1.26727383e-02  8.34786175e-01 -7.97076562e-01  7.07666190e-01]
 [-1.97355936e-01 -2.44822971e-01 -1.13450105e+00 -5.21593604e-01
  -7.37777821e-01 -7.84267078e-02  8.45683711e-02 -5.45379647e-01
   9.16293952e-01 -1.17678414e+00 -6.78876742e-01  1.66385069e-01
   2.12915323e-03 -5.22226510e-01 -9.93605225e-01 -2.04121815e-01
  -1.46481617e+00 -1.01357965e-01  1.66014639e-01  3.27627271e-01]
 [ 9.61184129e-01  2.12713630e-01  3.85555615e-01 -7.13466756e-02
   4.93474318e-02 -7.51039584e-01  6.25778287e-02  6.62133081e-01
  -2.06291677e-01  1.20854120e+00 -3.50346366e-01 -8.07281921e-01
  -2.96573111e-01 -1.37183886e-01  7.44589611e-01  4.62257555e-01
   1.56674389e-03  1.50257464e+00 -4.19653949e-01 -7.80481780e-03]
 [ 5.85544449e-01  3.98830079e-01  8.57299780e-01  8.42421728e-01
  -1.02015042e+00 -1.41098786e-01 -1.65410701e+00 -8.51392308e-01
   7.04690275e-02  9.12968108e-01 -1.46420111e-01  9.29108216e-01
   1.13707700e+00  6.56726849e-01  5.63602701e-02  5.82860027e-01
  -1.03047318e+00  9.00926854e-01 -6.25752489e-02 -8.52234216e-01]
 [ 5.57247820e-01  7.14795577e-01 -7.37331404e-01  8.97513199e-01
  -1.08590567e+00 -3.44602753e-01 -1.06648836e+00 -1.73362013e-02
  -1.13566766e+00 -7.87780050e-01 -3.03159491e-01  3.99698770e-01
   6.06644869e-01 -7.26779257e-01 -4.95807908e-01 -3.90730899e-01
   2.41427082e-02 -4.31918348e-01 -2.20467842e+00  9.24420735e-02]
 [ 9.74841840e-01 -5.20669683e-01  1.09868282e-01  6.04536746e-01
  -8.32596021e-01 -1.21915566e+00 -1.28531685e+00  7.37736216e-01
   8.99454485e-01  7.25517283e-01 -1.41817629e+00 -1.13328417e+00
   4.38031140e-01  2.01722153e-01  3.78277308e-01 -1.72548378e+00
  -5.02105700e-01  2.77046463e-01 -6.38851562e-02  1.46100432e+00]
 [ 6.17250887e-01 -1.08085331e+00  2.39639747e-01  6.42042251e-01
   1.24764408e-01 -2.69649218e-01 -2.01694318e-01 -4.03743347e-01
  -1.35386291e+00 -4.19184017e-01  8.97073218e-04 -1.25471395e+00
  -6.49223422e-01  3.98236442e-01 -1.57148465e-02 -7.63421606e-01
  -8.12300587e-02 -8.88552148e-01 -1.14910522e+00 -8.52456597e-02]
 [-3.49967583e-01  1.17005981e+00  4.59394234e-01  2.11050005e-01
  -1.23600337e+00  1.31486882e+00  2.23056245e-01  1.12282830e+00
   1.42236663e+00  5.07151522e-01  2.26347933e-01 -8.27019182e-01
  -1.10634452e-01 -3.30512609e-01 -6.20072693e-01  1.69243321e-01
  -8.06716144e-01 -2.58463691e-01  1.03414273e+00  7.19804268e-01]
 [ 9.38121549e-01 -7.45474034e-01 -1.20609603e+00 -6.05315079e-01
  -5.82457534e-01  1.08267226e+00  3.93972073e-01  3.62003398e-01
   7.80797300e-01  9.19360230e-01 -9.50445702e-02  1.06462783e+00
  -5.32342561e-01 -1.25778316e+00 -1.45733712e-01 -4.62448953e-01
  -2.99412947e-01  6.01275233e-02  3.73762888e-01  9.47286236e-01]
 [ 1.24010628e+00  6.10058478e-01  1.10351699e+00 -1.32875208e+00
  -1.26400813e+00  2.73678246e-01 -5.84660977e-01 -1.37394080e-01
   8.68223013e-01  1.34651767e+00 -2.02892173e-02  6.45449808e-01
   9.69571178e-01 -6.75114431e-01  6.74246329e-01  1.53784676e+00
  -1.50720806e+00  1.15249446e+00  2.52445943e-02  2.75664268e-01]],[[-0.11689225  0.11627163  0.24565122 -0.3865976  -0.17595555  0.54826529
   0.1919319   0.36963321  0.06621585 -1.24999939  2.24090224 -1.36838477
   0.65405818  0.39507642 -0.78510643  0.9841867 ]
 [ 1.4123955  -1.23014886  0.57338415 -0.17195884 -0.38382626 -1.14790038
   0.21197739  0.3103098   0.17484394  0.56206211  0.25301496  0.1812664
   0.48063893  0.41380579 -0.42444513 -0.62481094]
 [ 0.12092229 -0.06091123 -1.27594381 -1.90600394  0.04777255 -0.13209696
   0.2398061  -0.26962409 -0.01444104 -0.82228252 -0.68812425 -1.01221223
   1.11932419  0.56063441 -0.05122755 -0.29716766]
 [-0.12642618  1.00068914  1.8216857   0.91556341 -0.74952582 -1.09801119
   0.71213951 -0.16852874  0.571405   -2.95251837 -0.59328378 -0.03546913
   1.51683206 -0.66467479  0.64276859 -0.18215154]
 [-0.93828529 -0.06390396  0.22782226 -0.51134168 -0.4899611   0.28907879
  -0.493018   -0.73700368  0.66788059  0.17123834 -0.37161669  0.48827421
  -0.06261405  1.72526802 -1.05651754 -0.32005491]
 [ 0.61550582  0.90596011  1.23847377  1.01473153  1.99320948  1.02796989
  -1.85164697 -0.19777716 -0.59831892  0.83734496  1.43007354  0.27290719
  -1.49378494  0.2683748   0.10013006 -0.48827978]
 [ 1.12293391 -0.82413078  0.250774    0.34475282  0.8072489  -0.24203371
   0.44783647  0.62224917  0.99498952  1.12998914 -1.09836624 -0.17921676
   0.66525637  0.07199359  0.62655818 -0.82852704]
 [-1.70721079 -1.02541143  0.81886754 -1.07964561  0.11814083 -0.04496532
  -0.61723746 -0.27770341 -0.60155542 -1.24019959 -0.42676141  0.39693492
   0.19126544  0.96441192 -1.1087373  -0.69758687]
 [ 0.59595635  0.1897861  -0.06521316  0.21899881  1.6087523  -0.05685112
  -0.06022806 -0.23108898 -0.96111639  0.13335856  0.36955279 -0.64183268
   0.66122982 -1.10151062 -1.29078404  2.03100444]
 [-0.29731828  0.86142434  0.29474297 -0.26809306  0.25193565 -0.25020967
   1.04100134  1.6783753  -0.2738427  -1.26861532  0.87595197  0.07964888
   0.11468239 -0.13639669  1.35721645 -2.12334502]
 [-0.87283326  1.67251017 -0.17165893 -0.59605673 -0.97836569 -0.29906436
   0.51953536 -0.03412776 -0.47586003 -0.31871065  0.54140629  1.00789581
  -0.51849095  0.16398745 -0.34770399 -0.48531273]
 [-0.44971177  0.21847418  0.73957242  0.48635137 -0.5988197  -0.26864417
  -0.51108806  0.20096193 -0.51884531  1.31627055 -0.3459717   1.08341593
   0.34061019 -0.7998657   0.77054781 -1.02787837]
 [ 0.16392789 -1.24013346 -0.33883327  1.42556353  1.05986653  0.40025846
  -0.79191065 -1.74626599 -0.15686754  0.46642435 -1.35172003  1.27442973
  -0.57504069  0.49230874 -0.97123788 -1.11874521]
 [ 0.86063142  0.44030588  0.20398866 -0.49974835 -1.46660078  0.56434626
   1.03327907 -0.1223863  -0.72024812 -1.8147746  -0.20018019  0.0837151
  -1.21313918 -1.30382939 -0.37298026 -0.93718186]
 [ 1.06330334 -1.20068682 -0.4696729  -1.57547655  0.76970812 -0.35637366
  -0.20455996 -0.13841854 -1.23220126 -0.21584126  1.54903869 -1.78495575
  -1.50390358  0.1570744  -0.67986486  1.81315586]
 [-0.27282871  0.20853797  0.07237383  0.32483163 -0.77639371  0.08229663
  -0.73534994  0.33016923 -0.9580923  -0.19611393  0.94857336  1.06254988
  -1.08271332  1.67008478 -0.50546155  0.91529741]
 [-0.4516573   0.0926907   1.41863601  0.44269122  0.62249889  0.88921752
   0.7507357   0.3736682   1.31028773  0.55290689  0.54421865 -0.28745622
   0.64390424  0.59943525  1.22528889  0.83090554]
 [-0.00835055 -0.1217952  -1.75144059  0.98476419 -0.12419259 -0.48115049
  -0.38450485  1.14191734 -0.28379519  2.08484343  0.14618722  0.35476742
  -0.28286588 -0.10422391 -0.28851606  0.69933057]
 [-1.58020831 -0.26470722  0.11251312  0.26484033  0.60258446 -1.41683809
   0.29749369  0.39455193  0.87135945  0.14794595 -0.30871231  0.3459087
  -0.48292427 -0.05243633 -1.21388833 -1.48415293]
 [ 1.22784248  0.24312829 -0.63381976 -0.5724832   0.66957141 -0.39549958
   0.25267713  0.68645449 -0.45608846 -1.18990136 -0.52089491 -0.27642724
  -1.17386043  0.18161772  0.01216579  0.44458053]]