[[-3.71399301e-01 -7.50294093e-01  6.61944154e-02  1.01585775e+00
  -8.91230613e-01 -6.70837973e-01  1.86685887e-01  8.71632849e-01
  -1.08879168e+00 -2.61009607e-01 -3.56846591e-01 -2.58117046e-01
   1.03492262e+00 -1.02637043e+00  3.48340635e-02 -8.03678917e-01
   2.48932546e-01 -1.39787313e+00  5.47151979e-01 -4.86735911e-03]
 [-9.18799216e-02  3.24020392e-01  7.48076642e-01  7.81952989e-01
   2.03062820e-01  1.35640437e-01 -9.32797043e-01 -1.52188400e-01
   4.53454285e-01 -4.64305163e-01  1.21450400e+00 -7.37775571e-01
   1.12635476e-01 -1.00783183e+00 -1.13165630e-01  4.42376210e-01
  -3.52983026e-01 -3.18995125e-02 -5.13764524e-01  3.96769727e-01]
 [ 4.06326356e-01 -5.10771469e-01  9.00459270e-01 -5.09122619e-01
  -1.07420475e+00 -3.84465608e-01 -2.73327359e-01 -4.01468527e-01
   1.38813672e+00 -1.02199999e+00 -6.90618481e-01 -1.73689635e-01
  -6.27820416e-01 -4.72114978e-01 -8.78868595e-01  1.30255440e+00
  -2.65497679e-01 -3.17373277e-01  9.70467802e-01 -2.19580454e-01]
 [ 7.69413393e-01  2.78460210e-01 -9.47269547e-01 -8.24292034e-01
  -1.14389691e+00  2.98805744e-02 -1.46366045e-01  6.51576931e-01
  -6.70300205e-01  9.64455343e-01  1.75468965e+00  8.58768393e-01
   2.48472738e-02  6.43756392e-01  1.35355813e+00 -7.39654919e-01
  -6.18050281e-01  5.78081119e-01 -5.36813654e-01 -6.90197805e-02]
 [-4.93377886e-01 -3.08665301e-02 -2.93529809e-01  1.12148761e+00
   1.69602609e-01  1.14287477e-01 -3.45320621e-01  9.66841890e-01
   6.40590582e-01 -7.27937941e-01 -9.95669620e-01  1.03216616e+00
  -1.12146616e+00 -1.37306619e+00  1.26283405e+00 -2.77514963e-01
   3.91456660e-01 -4.14327022e-01 -1.61281570e-01 -6.33094607e-01]
 [ 7.79231630e-02 -7.32796282e-01  4.44779376e-01 -8.70961976e-01
   9.41538528e-01 -4.67171876e-01 -5.20841555e-01 -2.97613982e-01
   1.57138983e+00  4.34633113e-01  8.91479025e-02  2.08238410e-01
   1.46969622e+00 -1.28300725e+00 -1.25869645e+00 -7.91968554e-01
   9.99379253e-01 -4.22589681e-01 -7.90232089e-01  3.08013153e-01]
 [-8.70173511e-01 -2.26025214e-01  6.86853496e-01 -3.77599264e-01
  -9.89259072e-02  4.51362235e-01 -7.27127845e-01  1.24602667e+00
  -1.05130035e+00 -4.74491313e-01  1.42754421e-01  1.17059533e+00
  -8.80041400e-02  5.73309353e-01 -2.41676893e-01 -7.35533015e-01
  -2.25280172e-01  9.40111552e-01 -7.97649539e-01  4.75984158e-01]
 [-1.69085282e-01 -2.97847901e-01 -2.37517631e-01  1.33473604e+00
   3.73188459e-01 -3.68180950e-02  8.96596696e-01 -1.87496643e-01
  -1.97764424e-02 -6.35766035e-01 -8.79458506e-01  4.07279804e-01
   7.92440046e-01 -1.18174751e+00 -3.71594596e-01 -5.23604984e-01
  -1.03388318e+00 -5.23871874e-01  1.18619826e+00  2.21194850e-01]
 [-3.76950530e-01  1.02514908e+00  6.25463549e-01  5.58916761e-01
   5.35160159e-01 -2.21246140e+00 -7.56953278e-02  1.30756191e-02
   6.39247992e-01  1.05454959e+00 -4.09046726e-01 -2.50240511e-01
   6.18765531e-01 -6.87672766e-01 -5.94533748e-01  7.82131935e-01
   2.77646717e-01  1.65952134e+00  7.84414994e-03  1.18420116e-01]
 [-6.09576333e-01 -5.39111301e-01 -2.59480181e-01  4.30630040e-02
  -6.75715700e-01  1.22236191e+00  7.17193179e-01 -8.84568055e-01
   1.95854656e-01  2.30193453e-01  5.86088015e-01  2.22916534e-01
   1.34014327e+00 -7.54789627e-01  2.26138571e-01  1.93718014e-01
   2.00557609e-01  1.13670973e-01 -3.49974925e-01  5.67217353e-01]
 [-4.64427058e-01 -5.57638849e-01  1.43680292e+00  6.04170056e-01
  -9.46162296e-01 -6.75517403e-01 -1.35193171e+00  1.14874368e+00
  -6.58361972e-01 -4.63982537e-01  8.97330454e-01  5.79652296e-01
   9.75737860e-01 -1.32099643e+00 -1.02773681e-03 -3.17838379e-01
   2.62211572e-01  8.03833541e-01  8.51103629e-01  6.79847365e-01]
 [ 8.30134346e-01 -7.80363438e-01  5.06508162e-01 -6.58838774e-01
  -2.02904434e-02 -7.83473798e-01  3.66878417e-01  7.14055568e-02
   1.23648830e-01  1.38543189e+00 -3.26308610e-02 -4.19864748e-01
   7.34977804e-01 -1.18672737e-01 -8.33287276e-01  5.76328023e-01
  -7.50504235e-01  1.89942863e+00 -3.94295156e-01  1.20489120e+00]
 [ 1.45410950e+00 -1.39908385e+00 -1.72472748e-01 -5.43353514e-01
   7.61192373e-02 -9.34790992e-01  2.75830506e-02 -3.96053369e-01
   1.08061145e+00 -7.97663168e-01  4.48188632e-01 -6.85065533e-01
   1.68641089e-01  2.10207082e-01 -2.26402887e-01  6.46095139e-01
  -3.78665263e-01  4.65227938e-01  2.06745823e+00  6.92811030e-01]
 [-1.06857080e+00  1.94926127e-02  3.72945207e-02 -6.92671081e-01
   6.79810525e-01 -1.17994637e+00 -6.06465532e-01 -4.07578929e-01
   3.98503960e-01 -5.97459098e-01 -4.43041474e-01 -9.17100333e-02
   9.82073535e-01  1.56352254e+00  8.55954722e-01  8.59674564e-01
  -1.04360136e+00 -3.60958905e-01 -5.12332692e-01 -4.15870714e-01]
 [ 3.81157110e-01  5.92974534e-01 -6.81741616e-01  4.55667151e-01
  -3.39726405e-01 -1.19055189e+00 -1.73021130e-01 -7.23318277e-02
   3.46600163e-01 -1.09653032e+00 -4.72660512e-01  9.29317037e-02
   4.04023457e-01 -9.13267245e-01  3.61514176e-01  1.97381991e-01
   2.72066335e-01 -6.40371807e-01 -1.48436641e+00  2.07281423e-01]
 [ 7.25487001e-01 -1.17264326e+00 -1.05185268e-03 -3.82458265e-01
  -4.14014326e-01  6.49344743e-01  1.52682247e+00  6.43148685e-01
   5.35671322e-01  1.57805228e+00 -2.22804247e-01 -1.90388440e-01
   8.46619199e-01  1.51454096e-01  4.76573427e-01 -1.34699796e+00
  -9.65699452e-01  9.30175978e-01  3.68244341e-01 -1.52446603e+00]
 [ 2.11912511e-01  4.89389354e-01  4.31644832e-01  6.99227219e-02
   1.01379257e+00 -6.23097661e-01  1.24823772e+00 -1.32098654e-02
   8.26042628e-02  4.45958772e-01  4.93592021e-01  6.16145871e-01
  -9.82326719e-01 -2.67779917e-01 -6.55925433e-01  8.60707386e-01
  -4.28432174e-01 -4.38259564e-01  6.22347305e-03  1.51106055e-01]
 [-6.22879183e-01 -1.21308254e-01 -5.17425881e-01 -3.27709079e-01
  -5.80884857e-01 -9.42161029e-01  6.00714554e-02 -4.94432052e-01
   5.34294139e-01  6.40113238e-01 -6.96220954e-01  1.73447552e-01
   1.76255238e-01  1.27725247e+00 -8.98650387e-02 -1.20572999e+00
  -6.22582947e-01  3.94046779e-01  1.08788427e+00  9.14844536e-01]
 [-4.12668690e-02 -1.50607805e+00  6.07162963e-01  1.46008668e+00
   1.06435439e+00  7.81199426e-01 -7.00028889e-02  8.07837532e-01
  -4.46568085e-01 -6.46926974e-01 -1.64172322e-01 -8.28513366e-01
   9.81271317e-01  5.09806765e-01 -4.50707294e-01 -1.04080650e+00
  -3.72098855e-01 -4.42930537e-02  8.08457820e-01  4.86637360e-01]
 [ 4.20734749e-01  3.97366690e-01 -5.07581641e-01  6.49928659e-01
  -3.59174477e-01 -8.18263272e-01 -2.09603951e-01  7.01740511e-02
  -1.94846173e-01 -9.96189883e-01 -1.74860584e-01  3.67631438e-01
  -5.35035445e-01  1.83616763e-01  3.60638900e-03 -1.10330283e+00
  -5.81298439e-01 -1.23859282e-01 -6.30655557e-01  3.94754975e-02]
 [-3.01327374e-01 -2.95819594e-01  2.69483871e-01 -5.13423566e-01
   2.29545428e-01 -7.41623162e-01 -8.14484638e-01  1.46352870e-01
  -4.25082850e-01  9.13208956e-02 -1.12535408e-01 -3.76639133e-01
   7.80602519e-01 -5.56438884e-01 -8.68996839e-01 -3.90467033e-01
   7.15991839e-02 -9.32517456e-01 -1.73781021e+00  9.84555969e-01]
 [ 1.97183722e-03 -3.75087587e-01  8.72336358e-01  6.76416221e-01
   1.60533530e-01  6.51581233e-01 -4.23504340e-01 -1.10854676e+00
   4.63531473e-01  6.60631669e-01 -1.21114889e+00  1.26544682e-01
   1.16902887e+00 -3.99886586e-01  1.32364632e-01 -1.26117006e+00
   7.39160042e-01  5.14098281e-01  6.80080204e-01  2.84890436e-01]
 [ 1.23244139e-01 -9.62272146e-01  2.93371800e-01  8.43018268e-01
  -2.99342983e-01 -1.10041059e+00 -9.86096906e-02  1.42143451e+00
  -2.91992977e-02  5.84742948e-01 -1.75239565e-01  6.56638652e-01
  -1.12382302e+00  5.42083616e-01  3.07533903e-01  9.17022318e-01
   1.34870439e-01 -6.70238807e-01 -2.61288493e-01  2.26063477e-01]
 [ 1.23720810e+00 -2.78626768e-02  6.70529276e-01 -4.55526697e-01
  -8.05294443e-01 -1.23144178e+00 -6.20421521e-01  8.06838705e-01
  -8.66593012e-01 -8.17218855e-01  5.53367867e-01  3.35214788e-01
   3.18693743e-01 -1.86680083e-01  5.88959029e-01  8.37834445e-01
  -2.62510800e-01 -3.33529063e-01 -1.28126811e-01 -8.24010718e-01]
 [-3.32780947e-01 -1.06600454e+00  7.15376665e-01  4.63506144e-01
  -7.43067300e-01 -3.14941683e-01 -5.64950413e-01 -1.66246058e+00
  -2.22934663e-01 -2.36217570e-01 -4.62199287e-01  3.43289913e-01
   1.58891939e-01  2.00766089e-01  8.07037305e-01 -3.56238212e-01
  -1.64675432e-01  6.47540442e-01  6.17533652e-01 -1.36486636e+00]
 [ 3.77578146e-01 -5.58999226e-01  6.19723631e-01  3.57164443e-01
  -9.83520950e-01 -2.14873897e-01  3.39944605e-01 -2.82498097e-01
  -1.04038946e+00 -1.14460294e+00 -5.74347015e-01  4.29709225e-02
  -4.25104407e-01 -4.03469992e-01 -7.64514260e-01 -2.18141439e-01
  -6.82219704e-02  1.67533924e-01  2.36685632e-01 -6.54426370e-01]
 [-4.59481514e-01  4.24509963e-01  7.29012218e-01  9.47132772e-01
   4.25754480e-01 -7.69648053e-01 -6.96873671e-02 -5.89865438e-01
  -2.44912153e-01 -3.75615621e-01 -8.47174801e-01  2.11186011e-01
   1.32500052e-01 -5.86868149e-01  4.09964155e-01  8.33316978e-01
   2.82121253e-01  7.88749719e-01 -7.50952766e-01  3.53847434e-01]
 [ 2.64603004e-01  1.02038560e-01 -6.08287554e-01 -5.43313640e-01
  -1.33999150e+00 -1.11957218e-01  2.91162473e-01 -4.20951622e-01
  -6.59467711e-04 -1.25347503e+00 -4.00972253e-01  3.90088803e-01
  -4.61612384e-01  4.94618261e-02 -1.27889986e+00 -1.74155037e-01
  -7.72595757e-01  3.33033952e-01  6.39688078e-01  1.75476699e-01]
 [ 1.38241376e+00 -7.74641610e-03  3.85555615e-01  3.57482432e-02
  -2.87987562e-01 -1.10970596e+00  1.42781932e-01  9.42973675e-01
  -5.82482526e-01  1.15259877e+00 -2.39205302e-01 -2.97389213e-01
  -6.88040814e-01 -3.81094883e-01  9.07346231e-01  3.63040277e-01
   3.14556481e-01  1.51663724e+00  1.15815773e-01  1.50664951e-01]
 [ 9.40372038e-01  1.06165259e-01  7.17521274e-01  7.53534409e-01
  -4.19001681e-01 -4.57418079e-01 -1.16602773e+00 -1.30031155e+00
  -1.09716387e-01  1.43385415e-01 -5.60889173e-01  1.22119736e+00
   1.21229700e+00 -1.49530191e-01 -2.46614817e-01  8.48505654e-01
  -6.60989148e-01  6.19051755e-01 -4.73947540e-01 -3.47567387e-01]
 [-5.48561288e-02  4.63045288e-01 -3.93331653e-01 -3.45638871e-02
  -5.02938302e-01 -3.51631265e-01 -5.59152874e-01  4.61099363e-02
   4.25638916e-01 -9.09178331e-01  6.28828055e-02 -6.16056357e-01
   3.00925807e-01 -3.69108311e-01 -2.75129346e-02  2.63838822e-01
   6.28422109e-01  1.12510226e-01 -1.23211223e+00 -3.77562835e-01]
 [ 1.04003480e+00 -1.30529087e+00 -3.50360670e-01 -5.16737163e-01
  -9.87001242e-01 -1.01040526e+00 -2.58909256e-01  6.83429441e-01
   5.52930981e-01  6.02568369e-01 -1.83937462e+00 -1.04271598e+00
   4.39509694e-01  5.08638409e-01  3.78277308e-01 -8.74774614e-01
   2.89876679e-01  1.15971272e+00  4.24710989e-01  9.22363807e-01]
 [ 1.35187162e+00 -1.03986734e+00 -1.59606955e-01  1.99464087e-01
   1.42051332e-01 -4.97842710e-01 -2.83021230e-01 -3.26573373e-02
  -1.05158367e+00 -8.79051654e-01 -4.77057300e-01 -1.02540357e+00
  -2.21781684e-01  5.13337790e-02 -1.73189270e-01 -9.76414744e-01
  -1.95241939e-01 -7.26055092e-01 -1.32397175e+00 -4.95253747e-02]
 [-3.34935122e-01  1.10348146e+00  8.43378936e-01 -6.86959755e-01
  -7.74523021e-01  1.54600627e+00  5.37446088e-01  7.32321975e-01
   1.09316041e+00  3.00510731e-01  3.53989463e-01 -4.33275700e-01
  -1.10634452e-01  2.92422047e-01 -1.07002334e+00  6.26067602e-01
  -3.00920436e-01 -2.24764414e-01  3.21218751e-01  7.19804268e-01]
 [ 8.85984504e-01 -1.43082250e+00 -1.20609603e+00 -7.47256415e-01
  -8.69343354e-01  1.84725294e-01  1.05077793e+00  1.03674298e+00
   1.47324820e+00  5.30647485e-01  2.54173042e-01  1.15123300e-01
  -2.54767276e-01 -1.13764313e-01 -7.42075160e-01  9.15108951e-02
  -5.49777630e-01  1.25407768e-01  6.34183469e-01  7.48787381e-01]
 [ 1.03341019e+00  5.21226684e-01  3.13895985e-01 -8.67246172e-01
  -1.14693657e+00  1.13866447e+00 -5.87643683e-03 -3.37836067e-01
   5.82780294e-01  1.24417443e+00 -2.02892173e-02  6.37649278e-01
   8.90995225e-01  1.82803720e-01  4.54915565e-01  1.30774654e+00
  -1.08693073e+00  9.93908174e-01 -1.88767511e-01 -1.32165562e-01]],[[-0.42548446  0.68626063 -0.05739301 -0.58865225 -0.21635549  0.43789029
   1.53133309  0.79591767  0.99394153 -1.27504094  2.33727836  0.17887575
   0.53508379  0.63209011 -0.47428659  0.7093336 ]
 [ 0.72480554 -0.24503692  0.25361097  0.70229653 -1.04457407 -0.49387625
  -0.37170478  0.20848335 -1.27585242 -0.30818998  0.48607137  0.84738258
   0.74256521  1.62182245 -1.16742203 -0.70419433]
 [ 0.95015586 -0.11279272 -1.63664683 -0.90276823  0.22931864 -0.22026849
   0.07591144 -0.16760225 -0.21878165 -1.09416842  0.14726431 -0.78582026
   0.80978976  0.71949001 -0.10163659  0.27469878]
 [ 0.19907446  0.60432247  1.25487709  0.20384876 -0.32286046 -0.98074266
   0.14410385  0.24086587  1.84439549 -2.61301498 -0.91258781  0.13930698
   1.03029714 -0.49894472  0.85545458  0.0189522 ]
 [-0.80296121  0.57427358  0.31263105 -0.59428104 -0.2478988   0.3606966
  -0.68067507  2.19641891  0.6828884   0.18543651 -0.34860259 -0.66020133
   1.01078622  1.78408576 -2.1813963  -0.31256906]
 [ 1.03063151  1.63918158  0.93446998  0.34696856  1.67752314  0.21690275
  -0.65441356 -0.12776342  0.81626761  0.75231678  1.49880066  0.38609322
  -1.09996363 -0.1052299   0.04463625 -0.26788546]
 [ 0.65407051 -0.51905329  0.23388246  0.39276579  0.43154857  0.34424784
   1.63501937  1.29379404  1.52326795  0.9390311   0.48985692 -0.25121933
   0.47611907  0.97340883 -0.25894598  0.22723371]
 [-1.48800117 -0.01493643  0.06840138  0.16074207 -0.3707276   0.12046324
   0.43149659 -0.65836772 -1.01775176  0.20444859 -0.30585014  0.47321211
   0.26644593 -0.08164065  0.28023098 -0.13553649]
 [ 0.24924785  1.34200936  0.32053227  0.02232218  1.20482116  0.48217172
  -0.22171636 -0.47889632 -0.94509043  1.26267298 -0.2118095  -0.85370815
   0.53561903 -0.90947778 -0.67314517  0.57329763]
 [ 0.13204442  0.17014026  0.66032168 -0.25512972 -0.54294931  0.02969105
   1.41817135  0.74590825 -0.07436001 -1.06909895 -0.07287177 -1.09372523
  -0.06062389  0.01090763 -0.18136533 -1.519173  ]
 [-0.23248087  0.81723966 -0.34330584 -0.49111831 -1.69984638  0.27294174
   0.42911336 -0.55619892 -0.03147055 -0.34176493  0.94401338  0.78925846
  -0.47443316 -0.60745232 -0.0625546  -0.50997549]
 [-0.44584388  0.20281763  0.51101845  0.85077269 -0.59975083  0.12410678
  -0.19688552  0.44135962 -0.94601018  1.18674408 -0.19406448  1.41237373
  -0.21897493  0.03554652  0.24085432 -0.84433041]
 [-0.08231086 -1.46898646 -1.33472152  0.6279491   0.3639905  -0.70165893
  -0.04092458 -0.97669079 -0.01456907  1.13024883  0.06907345  0.71658334
  -0.37572337  0.27518327  1.06807738 -0.64469757]
 [ 0.52469191 -0.03504563  0.11142361 -0.82043341 -1.21909962  0.61472472
   0.91849869  1.00700573 -0.06403174 -1.12659338  0.27937522  0.1526402
  -0.91316541 -1.17581239  0.33484409 -1.70047408]
 [ 1.45774553 -1.76502319  0.13750008 -1.50048897  0.05009473 -0.96599997
  -0.75645741 -0.7392477  -1.18516798 -0.44635253  1.53997121 -0.7359839
  -1.01907019  0.10784176  0.56329739  1.65507502]
 [-0.37799849  0.06572576  0.15973382 -0.55806426  0.7541772  -0.25271207
  -0.51002089  1.36086497 -0.84457245  0.16900187  0.45750099  0.2547284
  -0.90794137  1.3534512   0.33961858  0.60122438]
 [-0.35803446  0.08859972  1.96815399  0.48723683  0.88542962 -0.41233118
  -0.02412758 -0.3572819   1.64616034 -1.05100152 -0.40293719 -0.18735582
   0.97333752 -0.21952633  0.3203782   0.65123853]
 [ 1.21929619 -1.98662153  0.27254531  0.51840867 -0.84466694  0.5261123
  -0.48861191 -0.28402733 -0.11559515  1.21595995 -0.6876381   1.3280703
  -0.01689641 -0.37447819 -0.1539288   1.07244867]
 [-1.69048035  0.30819069 -0.22912468 -1.61087141  0.63707599 -0.86923461
  -0.45342905 -0.13214469  1.35099128 -0.00770662 -0.77168191  1.12478216
  -0.65347664 -0.58482364 -1.4582794  -0.57335761]
 [ 0.01001099  0.87645974  0.43039498 -0.55859478 -0.35540167 -0.69782069
  -0.15698897 -0.41011949 -0.2097307  -1.94546345 -0.96878567 -0.12176529
   0.06752465  1.28203079  0.8105586   0.43521874]]