[[-3.71399301e-01 -8.11826959e-01  6.61944154e-02  1.01585775e+00
  -8.91230613e-01 -6.70837973e-01  1.86685887e-01  8.71632849e-01
  -7.14042325e-01 -2.61009607e-01 -3.56846591e-01 -2.62191875e-01
   1.03492262e+00 -1.02637043e+00  3.48340635e-02 -4.03280040e-01
   5.98076677e-01 -1.39787313e+00  5.47151979e-01 -4.86735911e-03]
 [-9.18799216e-02 -8.40203865e-02  7.48076642e-01  8.89413096e-01
   2.03062820e-01  3.09472180e-01 -1.39290253e+00 -1.52188400e-01
   4.53454285e-01 -4.64305163e-01  1.41296600e+00 -7.37775571e-01
   1.12635476e-01 -1.00783183e+00 -1.86863578e-01  4.42376210e-01
  -3.52983026e-01 -3.18995125e-02 -5.13764524e-01  3.96769727e-01]
 [ 4.06326356e-01 -4.94860559e-01  4.74826257e-01 -4.28734464e-01
  -1.05060999e+00 -3.84465608e-01 -2.73327359e-01 -4.01468527e-01
   1.38813672e+00 -5.82901832e-01 -6.90618481e-01 -1.73689635e-01
  -6.27820416e-01 -8.43212868e-02 -8.78868595e-01  1.30255440e+00
  -7.42202527e-01 -4.65502171e-01  8.73756315e-01 -2.19580454e-01]
 [ 5.25530745e-01  2.78460210e-01 -5.48923271e-01 -8.24292034e-01
  -1.14389691e+00  2.98805744e-02 -3.84082229e-02  6.51576931e-01
  -6.70300205e-01  9.64455343e-01  1.75468965e+00  8.58768393e-01
   2.19139309e-01  3.65539705e-01  1.35355813e+00 -5.21224557e-01
  -6.18050281e-01  3.40571428e-01 -5.36813654e-01 -6.90197805e-02]
 [-4.93377886e-01 -3.08665301e-02  7.85778805e-03  1.00004927e+00
   1.69602609e-01  1.14287477e-01 -3.34253238e-02  9.66841890e-01
   1.58288831e-01 -7.27937941e-01 -9.95669620e-01  6.54053256e-01
  -1.12146616e+00 -1.37306619e+00  1.26283405e+00 -2.77514963e-01
  -4.55039547e-02 -4.14327022e-01 -1.61281570e-01 -6.33094607e-01]
 [ 7.79231630e-02 -7.32796282e-01  4.44779376e-01 -8.70961976e-01
   1.20179109e+00  1.84020580e-02 -3.19507390e-01  4.19884979e-02
   1.57138983e+00  4.34633113e-01  8.91479025e-02  2.08238410e-01
   1.10052584e+00 -1.28300725e+00 -1.25869645e+00 -8.41046973e-01
   9.99379253e-01 -4.22589681e-01 -7.90232089e-01  6.96720477e-01]
 [-9.19394755e-01 -6.41011997e-01  6.86853496e-01 -3.77599264e-01
  -9.89259072e-02  4.48066805e-01 -7.27127845e-01  1.24602667e+00
  -1.05130035e+00 -4.74491313e-01  1.42754421e-01  1.17059533e+00
  -5.52166142e-01  6.54322832e-01 -4.66461629e-02 -9.35472725e-01
  -2.25280172e-01  9.40111552e-01 -4.32679915e-01  4.75984158e-01]
 [-1.69085282e-01 -2.97847901e-01  2.06059721e-01  1.33473604e+00
   6.20965184e-01  8.25163094e-02  8.96596696e-01 -2.64814069e-01
  -1.97764424e-02 -6.35766035e-01 -8.79458506e-01  4.07279804e-01
   7.92440046e-01 -1.18174751e+00 -3.71594596e-01 -5.23604984e-01
  -8.27942168e-01 -5.23871874e-01  1.52497199e+00  2.61476687e-01]
 [-3.76950530e-01  1.10791075e+00  6.25463549e-01  6.52347344e-01
   9.02236399e-01 -1.79170273e+00 -3.24702643e-01  1.30756191e-02
   6.39247992e-01  1.05454959e+00 -4.09046726e-01 -2.50240511e-01
   6.18765531e-01 -4.24779713e-01 -9.71020819e-01  6.02147473e-01
  -1.20508155e-02  1.41533873e+00 -1.39562868e-01  1.18420116e-01]
 [ 1.33902730e-01 -5.39111301e-01 -2.59480181e-01  4.30630040e-02
  -6.75715700e-01  1.22236191e+00  1.17452495e+00 -8.84568055e-01
   3.00481345e-01  2.30193453e-01  9.95863215e-01  2.22916534e-01
   1.34014327e+00 -7.54789627e-01  2.26138571e-01  6.31504901e-01
   2.00557609e-01  1.13670973e-01 -3.49974925e-01  5.67217353e-01]
 [-4.64427058e-01 -3.17968694e-01  1.10091060e+00  4.20075685e-01
  -9.46162296e-01 -6.75517403e-01 -1.35193171e+00  1.14874368e+00
  -6.58361972e-01 -7.64080697e-01  8.97330454e-01  5.79652296e-01
   1.35892327e+00 -1.32099643e+00 -1.02773681e-03 -3.17838379e-01
   2.62211572e-01  8.03833541e-01  8.51103629e-01  6.97210553e-01]
 [ 3.66748165e-01 -7.80363438e-01  3.90584321e-01 -6.58838774e-01
  -2.02904434e-02 -7.83473798e-01  5.74818247e-01  7.14055568e-02
   5.02398073e-01  9.76440534e-01 -3.26308610e-02 -3.18439208e-01
   4.29321975e-01 -1.18672737e-01 -8.33287276e-01  5.76328023e-01
  -1.20795581e+00  1.89942863e+00 -6.54271602e-01  1.20489120e+00]
 [ 1.44108433e+00 -1.39908385e+00 -1.72472748e-01 -2.01487936e-01
   7.61192373e-02 -8.26743886e-01  2.75830506e-02 -7.20205400e-01
   1.08061145e+00 -1.22007144e+00  3.15946955e-01 -7.80248162e-01
   1.68641089e-01  2.10207082e-01 -3.10492857e-01  6.46095139e-01
  -3.78665263e-01  4.65227938e-01  2.06745823e+00  3.64972322e-01]
 [-1.06857080e+00  1.94926127e-02 -7.46189886e-01 -6.92671081e-01
   6.79810525e-01 -8.14740380e-01 -6.06465532e-01 -4.07578929e-01
   3.98503960e-01 -6.42298787e-01 -1.38867654e-01 -4.17809313e-01
   6.18579758e-01  1.17468836e+00  8.93617916e-01  8.59674564e-01
  -1.04601802e+00 -3.60958905e-01 -4.37440427e-01 -1.00027130e-01]
 [ 3.81157110e-01  5.92974534e-01 -6.81741616e-01  4.55667151e-01
  -3.81888157e-01 -1.23303593e+00 -1.73021130e-01 -1.12355643e-01
   4.60680625e-01 -1.09653032e+00 -4.14237370e-01 -2.73067233e-01
   4.04023457e-01 -9.13267245e-01  3.61514176e-01 -1.23441802e-01
   8.42416864e-01 -6.40371807e-01 -1.48436641e+00 -7.24242569e-02]
 [ 5.16899649e-01 -7.88456279e-01 -1.05185268e-03 -3.82458265e-01
  -4.14014326e-01  6.49344743e-01  1.03444576e+00  6.43148685e-01
   5.35671322e-01  1.57805228e+00 -5.76032175e-01 -1.90388440e-01
   8.46619199e-01  1.51454096e-01  4.76573427e-01 -1.34699796e+00
  -9.65699452e-01  1.23944994e+00  3.68244341e-01 -1.52446603e+00]
 [ 2.11912511e-01  6.92760190e-01  3.15943277e-01  2.05662706e-01
   6.71766901e-01 -7.61709165e-01  1.24823772e+00 -1.32098654e-02
  -3.50845534e-01  4.45958772e-01  2.14134910e-01  3.37765891e-01
  -9.82326719e-01 -2.67779917e-01 -6.48676450e-01  8.60707386e-01
  -8.84577512e-01 -6.73972195e-01  3.02533462e-01  1.51106055e-01]
 [-6.22879183e-01 -1.21308254e-01 -5.40281155e-01 -3.27709079e-01
  -5.80884857e-01 -9.42161029e-01  3.30870559e-01 -4.94432052e-01
   5.34294139e-01  6.40113238e-01 -6.96220954e-01 -2.30680130e-01
   1.76255238e-01  1.27725247e+00 -8.98650387e-02 -1.20572999e+00
  -6.22582947e-01  3.94046779e-01  1.08788427e+00  9.14844536e-01]
 [-4.12668690e-02 -1.50607805e+00  6.07162963e-01  4.89275787e-01
   8.66813329e-01  7.81199426e-01 -2.10532679e-01  8.07837532e-01
  -9.13763566e-01 -9.55606788e-01 -1.53833712e-01 -1.05530844e+00
   9.81271317e-01  5.09806765e-01 -4.50707294e-01 -6.12563424e-01
  -6.65956970e-01 -4.42930537e-02  5.58790654e-01  4.86637360e-01]
 [ 7.04466455e-01  6.31713269e-01  2.31352869e-01  6.49928659e-01
  -3.59174477e-01 -8.18263272e-01 -6.90845643e-02  7.01740511e-02
  -1.94846173e-01 -9.96189883e-01 -1.74860584e-01  3.92523593e-01
  -5.35035445e-01  1.83616763e-01 -2.80733246e-02 -1.10330283e+00
  -5.64303726e-01 -5.34655034e-01 -6.30655557e-01  3.94754975e-02]
 [-3.01327374e-01 -2.95819594e-01 -5.11902433e-01 -5.13423566e-01
   3.43885189e-01 -1.15976161e+00 -8.14484638e-01  9.43120308e-03
  -4.25082850e-01  9.13208956e-02 -1.12535408e-01 -3.76639133e-01
   7.80602519e-01 -5.56438884e-01 -1.10320661e+00 -3.90467033e-01
   7.15991839e-02 -9.32517456e-01 -1.73781021e+00  6.70895616e-01]
 [-3.24246494e-01 -3.75087587e-01  8.72336358e-01  2.78511983e-01
   1.60533530e-01  6.51581233e-01 -4.23504340e-01 -1.10854676e+00
   4.63531473e-01  6.60631669e-01 -1.85857845e+00  1.26544682e-01
   1.46653136e+00 -6.95209460e-01 -6.31828084e-01 -1.26117006e+00
   7.39160042e-01  5.14098281e-01  5.27950232e-01  2.84890436e-01]
 [ 1.23244139e-01 -9.62272146e-01  2.93371800e-01  4.37855068e-01
  -2.99342983e-01 -1.10041059e+00 -1.00087101e-01  1.42143451e+00
  -2.91992977e-02  5.42035131e-01 -1.18632242e+00  2.74648775e-01
  -1.12382302e+00  4.73418132e-01  3.07533903e-01  7.67453130e-01
  -2.01487919e-01 -6.70238807e-01 -2.96194721e-01  2.26063477e-01]
 [ 1.23720810e+00 -2.78626768e-02  3.38171084e-01 -4.55526697e-01
  -4.96028507e-01 -1.23144178e+00 -6.20421521e-01  8.06838705e-01
  -9.30571852e-01 -8.17218855e-01  5.53367867e-01  3.35214788e-01
   3.18693743e-01  2.04018215e-01  5.88959029e-01  1.13450312e+00
  -3.17645906e-01 -4.78203286e-01 -1.28126811e-01 -8.73202443e-01]
 [-9.69188876e-01 -9.05083949e-01  7.15376665e-01  4.63506144e-01
  -1.00095968e+00 -3.14941683e-01 -5.76649866e-01 -1.26955957e+00
  -5.15025057e-01 -2.36217570e-01 -4.62199287e-01  3.69523327e-01
  -3.01212294e-01  6.62246664e-01  8.07037305e-01 -3.56238212e-01
  -1.64675432e-01  6.47540442e-01  6.17533652e-01 -8.93824459e-01]
 [ 3.77578146e-01 -5.58999226e-01  6.19723631e-01  9.54802238e-01
  -9.83520950e-01 -2.09370440e-01  3.39944605e-01 -2.82498097e-01
  -1.04038946e+00 -1.16711416e+00 -5.74347015e-01  4.29709225e-02
   1.60873903e-01 -4.03469992e-01 -9.92267352e-01  2.60437139e-01
  -1.41833926e-01  1.67533924e-01  2.36685632e-01 -6.54426370e-01]
 [-4.59481514e-01  4.24509963e-01  7.29012218e-01  6.39162478e-01
   4.25754480e-01 -7.69648053e-01 -4.35099579e-01 -5.89865438e-01
  -2.44912153e-01 -3.75615621e-01 -8.47174801e-01  2.11186011e-01
   1.32500052e-01 -5.86868149e-01  4.09964155e-01  8.33316978e-01
   5.64961795e-02  7.88749719e-01 -7.50952766e-01  4.45043855e-01]
 [ 2.64603004e-01  1.02038560e-01 -1.34550773e-01 -5.43313640e-01
  -1.33999150e+00 -1.11957218e-01  2.91162473e-01 -8.66651725e-01
   3.68715470e-01 -1.25347503e+00 -6.90146741e-01  3.90088803e-01
  -4.61612384e-01  4.94618261e-02 -1.27889986e+00 -1.74155037e-01
  -7.72595757e-01  3.33033952e-01  6.39688078e-01  4.92504433e-01]
 [ 1.46412321e+00 -7.74641610e-03  3.85555615e-01  3.57482432e-02
  -3.43815102e-02 -1.10970596e+00  1.42781932e-01  9.35712780e-01
  -7.38409942e-01  9.79692334e-01 -3.92462512e-02 -2.97389213e-01
  -6.88040814e-01 -3.81094883e-01  9.68767612e-01  3.16407036e-01
   3.14556481e-01  1.48223805e+00 -6.39402298e-03  6.91418208e-02]
 [ 9.40372038e-01  5.66095274e-01  7.35773676e-01  7.53534409e-01
  -9.44051483e-01 -4.57418079e-01 -1.24185955e+00 -1.30031155e+00
  -1.09716387e-01  1.43385415e-01 -8.32952754e-01  1.22119736e+00
   1.21229700e+00 -1.49530191e-01  4.84332356e-01  1.32465490e+00
  -4.16720043e-01  6.19051755e-01 -4.75834514e-04 -3.47567387e-01]
 [-5.48561288e-02  4.63045288e-01 -2.90459885e-01  7.69526765e-01
  -8.22036967e-01 -5.59785828e-01 -5.59152874e-01  4.77832192e-01
   4.25638916e-01 -7.98531504e-01 -1.44449305e-01 -1.09988661e+00
   3.00925807e-01 -3.69108311e-01 -4.68621958e-01  2.63838822e-01
   3.26302551e-01 -3.52639959e-01 -1.23211223e+00 -8.02759947e-01]
 [ 1.04003480e+00 -1.43396144e+00 -3.50360670e-01 -2.87053007e-02
  -9.87001242e-01 -1.39726698e+00 -2.58909256e-01  6.83429441e-01
   5.52930981e-01  6.77973762e-01 -1.90032393e+00 -1.21906001e+00
   4.39509694e-01  5.08638409e-01  3.78277308e-01 -7.33929307e-01
   2.89876679e-01  1.15971272e+00  4.24710989e-01  9.22363807e-01]
 [ 1.35187162e+00 -6.34900777e-01 -1.59606955e-01 -1.02864510e-02
   1.42051332e-01 -4.97842710e-01 -1.35759268e-01 -3.26573373e-02
  -1.05158367e+00 -8.79051654e-01 -4.77057300e-01 -1.02540357e+00
  -6.49223422e-01  5.13337790e-02 -1.73189270e-01 -9.76414744e-01
  -1.95241939e-01 -7.26055092e-01 -1.32397175e+00 -4.95253747e-02]
 [-3.34935122e-01  1.10348146e+00  4.47918029e-01 -6.86959755e-01
  -7.74523021e-01  1.54600627e+00 -1.94660802e-01  2.91072692e-01
   1.09316041e+00  1.81536813e-01  3.53989463e-01 -9.28229043e-01
  -1.10634452e-01  2.17070533e-01 -6.20072693e-01  6.26067602e-01
  -3.00920436e-01 -5.52477675e-01  3.21218751e-01  7.19804268e-01]
 [ 7.79604607e-01 -7.59395318e-01 -1.38538079e+00 -7.47256415e-01
  -1.53477535e+00  2.99404835e-01  1.05077793e+00  1.03674298e+00
   1.52602943e+00  5.30647485e-01  2.54173042e-01  4.98890164e-01
  -2.54767276e-01 -1.13764313e-01 -7.42075160e-01  2.56997671e-01
  -5.49777630e-01 -2.18687901e-01  1.03114176e+00  7.48787381e-01]
 [ 1.03341019e+00  5.21226684e-01  3.53724473e-01 -4.97972860e-01
  -1.14693657e+00  1.13866447e+00  1.87274102e-01 -3.37836067e-01
   5.78457244e-01  1.00905311e+00 -2.34734993e-01  6.37649278e-01
   8.90995225e-01  1.82803720e-01  4.54915565e-01  1.44448565e+00
  -9.67448187e-01  9.93908174e-01  2.52445943e-02 -1.32165562e-01]],[[-0.42548446  0.47535421 -0.08546754 -0.35297305 -0.21635549  0.43789029
   1.53133309  0.13506472  1.47144908 -1.24999939  1.86929992  0.17887575
   0.97111247  0.63209011 -1.21010936  0.51841836]
 [ 0.53210088 -0.24503692  0.67182171  0.41734738 -1.04457407 -0.27564617
  -0.17537227  0.20848335 -1.27794165 -0.30818998  1.63723038  0.45154399
   0.74256521  2.06128085 -1.04545692 -0.74570451]
 [ 0.85120198  0.165968   -1.63664683 -1.16280677  0.32180451 -0.22026849
   0.07591144 -0.42175293 -0.21878165 -0.24340413  0.03796547 -0.78582026
   0.6380657   0.21991316  0.44462164 -0.19500538]
 [-0.09936601  0.60432247  1.129812    0.20384876 -0.6724505  -1.0831595
   0.14580608  0.02506167  1.4486146  -2.20774974 -0.91258781  0.13930698
   0.92296864 -0.49894472  0.85545458  0.0189522 ]
 [-1.25482806  0.41511484  0.31263105 -0.40111315 -0.47173528  0.68239587
  -0.68067507  1.37873463  0.6828884   0.18543651 -0.34860259 -0.34642379
   1.03572979  1.78408576 -1.97597323 -0.45906547]
 [ 1.03063151  1.63918158  1.45874577 -0.00683715  1.39789099  0.21690275
  -0.78896143  0.13712374  0.96415648  1.3528741   1.49880066  0.38609322
  -1.09996363 -0.1052299   0.69033038  0.20004056]
 [ 0.65407051 -0.29497889  0.04629646  0.71822807  0.28360166  0.34424784
   1.18233582  1.28747907  0.96387553  0.9390311   0.27669478 -0.19161681
   0.50528644  0.35470171 -0.42414628  0.085038  ]
 [-1.48891227 -0.01493643 -0.06649454  0.16074207 -0.69698918 -0.1094283
  -0.35889841 -1.03484302 -1.01775176  0.20444859  0.18533594  0.64252342
   0.41315298 -0.34659977  0.28023098 -0.13553649]
 [ 0.24924785  0.92400942  0.32053227  0.25845317  1.20482116  0.21058918
  -0.14465432 -0.47889632 -0.66719491  1.26267298  0.09866094 -0.85370815
   0.53561903 -0.90947778 -0.61735181  0.57329763]
 [ 0.76086772  0.24150402  0.95691746 -0.25512972  0.36512567  0.02969105
   1.02235994  0.74590825  0.17729889 -1.06909895 -0.19730618 -1.06702377
   0.40504224  0.01090763 -0.02829603 -1.70221567]
 [-0.23248087  0.54500534  0.22221147 -0.33703699 -1.3419631  -0.0154146
   0.88189489 -1.00787524 -0.15112347 -0.64805186  0.71943452  1.10444232
  -0.31603453 -0.54064402 -0.33762737 -0.50997549]
 [-0.48048215  0.20281763  0.81088315  0.85077269 -0.59975083  0.12410678
  -0.19688552  0.40817374 -1.07682124  1.08983645  0.17183706  1.27447756
   0.02174448  0.03554652  0.24085432 -0.47519097]
 [-0.08231086 -1.41494831 -2.27553651  0.6279491   0.3639905  -0.3382614
  -0.04092458 -0.70412114  0.09298374  1.13024883  0.06907345  0.7439319
  -0.37572337  0.64020225  1.06807738 -0.73929874]
 [ 0.52469191 -0.03504563  0.10781058 -0.97385911 -1.21909962  0.61472472
   0.57256203  0.15173188 -0.36669603 -1.12659338  0.17386834 -0.38957092
  -0.91316541 -1.17581239  0.33484409 -2.0604445 ]
 [ 1.45774553 -1.70695833  0.13750008 -1.50048897  0.30326995 -1.03736631
  -0.26275499 -0.80528616 -1.18516798 -1.40098049  1.0576303  -0.38279331
  -1.01907019  0.12568096  0.45787788  1.82620021]
 [-0.37799849 -0.12938454  0.06361326 -0.32326997  0.7541772   0.19858696
  -0.11986276  1.26992219 -0.04977748  0.16900187  0.33039789 -0.03102201
  -0.60562596  1.3534512  -0.63406635  0.5936055 ]
 [-0.35803446  0.5442098   1.96815399  0.22624213  0.72480057 -0.41233118
   0.17889792 -0.21957168  1.05076323 -0.77176675 -0.08325375 -0.49333689
   1.15828169  0.22105509  0.18579704  0.65123853]
 [ 0.88557389 -1.43458765  0.27254531  0.51840867 -0.76386768  0.24388933
  -0.48861191 -0.28402733 -0.33246687  1.59395376 -0.6876381   0.72503593
  -0.01689641 -0.23150144 -0.01406699  1.52240154]
 [-1.7588904   0.30819069 -0.22912468 -1.31725938  0.63707599 -0.47663913
  -0.29835939 -0.53551546  1.2346327  -0.4385122  -0.77168191  1.12478216
  -0.65347664 -0.96013025 -1.4582794  -0.58977231]
 [-0.69279809  0.79888708  0.43039498 -0.9126707  -0.24915742 -0.69782069
  -0.15698897 -0.41011949  0.14827724 -2.11639847 -0.96878567  0.03916897
  -0.29595536  1.08421805  1.12676658  0.13262047]]