[[-3.71399301e-01 -7.50294093e-01  4.07653256e-01  1.01585775e+00
  -4.28354196e-01 -6.70837973e-01  1.86685887e-01  8.71632849e-01
  -7.14042325e-01 -2.61009607e-01 -3.56846591e-01 -2.91423280e-01
   1.03492262e+00 -1.02637043e+00 -1.55327996e-01 -8.03678917e-01
   2.48932546e-01 -1.39787313e+00  5.47151979e-01  9.52804847e-02]
 [-9.18799216e-02  3.24020392e-01  6.98333933e-01  4.48093855e-01
   2.03062820e-01  1.35640437e-01 -9.32797043e-01 -1.52188400e-01
   4.53454285e-01 -4.64305163e-01  1.45678457e+00 -7.37775571e-01
   1.12635476e-01 -1.00783183e+00 -1.13165630e-01  4.42376210e-01
  -6.13629779e-01 -3.18995125e-02 -5.13764524e-01  3.96769727e-01]
 [ 6.87337458e-01 -5.10771469e-01  9.00459270e-01 -5.09122619e-01
  -1.20695232e+00 -3.84465608e-01 -2.73327359e-01 -4.01468527e-01
   1.38813672e+00 -1.02199999e+00 -6.90618481e-01 -3.50337698e-01
  -6.27820416e-01 -4.72114978e-01 -8.79008158e-01  1.30255440e+00
  -2.66773303e-01 -4.65502171e-01  9.70467802e-01 -2.19580454e-01]
 [ 5.25530745e-01  2.78460210e-01 -9.47269547e-01 -8.24292034e-01
  -1.14389691e+00  2.98805744e-02 -1.46366045e-01  6.51576931e-01
  -6.70300205e-01  9.64455343e-01  2.11573027e+00  8.58768393e-01
   2.48472738e-02  6.43756392e-01  1.35355813e+00 -7.39654919e-01
  -6.18050281e-01  5.78081119e-01 -5.36813654e-01 -4.65576709e-01]
 [-4.93377886e-01 -3.08665301e-02 -2.93529809e-01  1.00004927e+00
   1.69602609e-01  1.14287477e-01 -3.34253238e-02  9.66841890e-01
   6.40590582e-01 -1.44298560e+00 -9.88015941e-01  6.54053256e-01
  -1.12146616e+00 -1.37306619e+00  1.26283405e+00 -2.77514963e-01
   3.91456660e-01 -4.14327022e-01 -1.61281570e-01 -1.11349906e+00]
 [ 7.79231630e-02 -7.32796282e-01  4.44779376e-01 -8.70961976e-01
   9.41538528e-01  1.84020580e-02 -5.20841555e-01  4.19884979e-02
   1.57138983e+00  8.88529879e-02 -4.10155062e-01  6.49835862e-01
   1.10052584e+00 -1.28300725e+00 -1.25869645e+00 -7.91968554e-01
   9.99379253e-01 -4.22589681e-01 -5.97058929e-01  3.08013153e-01]
 [-9.19394755e-01 -2.26025214e-01  6.86853496e-01 -3.77599264e-01
  -9.89259072e-02  4.51362235e-01 -7.27127845e-01  1.24602667e+00
  -1.29187513e+00 -4.74491313e-01  1.42754421e-01  1.17059533e+00
  -8.80041400e-02  1.02566448e+00 -4.66461629e-02 -7.35533015e-01
  -2.25280172e-01  1.05163627e+00 -6.41118601e-01  5.93696750e-01]
 [-1.69085282e-01 -2.97847901e-01 -7.34368124e-02  1.33473604e+00
   4.42762044e-01 -3.68180950e-02  8.96596696e-01 -2.64814069e-01
  -1.08672732e-01 -6.35766035e-01 -8.79458506e-01  4.07279804e-01
   7.92440046e-01 -1.13163442e+00 -5.95730507e-03 -5.23604984e-01
  -8.27942168e-01 -5.23871874e-01  1.18619826e+00  2.21194850e-01]
 [-3.76950530e-01  5.60425640e-01  2.44436996e-01  6.52347344e-01
   5.35160159e-01 -1.70347897e+00 -7.56953278e-02  1.30756191e-02
   6.39247992e-01  1.05454959e+00 -4.09046726e-01 -2.50240511e-01
   6.18765531e-01 -6.87672766e-01 -5.94533748e-01  1.14262180e+00
   2.77646717e-01  1.65952134e+00 -1.39562868e-01  5.84252527e-01]
 [-1.03870529e+00 -5.39111301e-01 -8.74986702e-02  1.92351290e-02
  -2.58695984e-01  1.22236191e+00  7.17193179e-01 -8.84568055e-01
   1.95854656e-01  1.85049812e-01  6.39079390e-01  2.22916534e-01
   1.34014327e+00 -7.54789627e-01  5.54481682e-01  1.93718014e-01
   2.00557609e-01  3.59197930e-01 -3.49974925e-01  4.42261264e-01]
 [-4.64427058e-01 -5.57638849e-01  1.08594562e+00  4.20075685e-01
  -9.46162296e-01 -6.75517403e-01 -1.08949344e+00  1.38333447e+00
  -6.58361972e-01 -4.63982537e-01  8.97330454e-01  8.02323644e-01
   9.75737860e-01 -1.32099643e+00 -1.02773681e-03 -3.17838379e-01
   2.62211572e-01  8.03833541e-01  8.51103629e-01  6.79847365e-01]
 [ 8.30134346e-01 -7.80363438e-01  5.06508162e-01 -6.58838774e-01
  -5.14806743e-01 -7.61241765e-01  5.74818247e-01  7.14055568e-02
  -1.84767077e-01  1.37265874e+00 -3.26308610e-02 -4.19864748e-01
   4.29321975e-01 -1.18672737e-01 -8.33287276e-01  4.92372898e-01
  -7.50504235e-01  1.96291749e+00 -3.94295156e-01  1.20489120e+00]
 [ 1.47714739e+00 -1.08829852e+00 -1.72472748e-01 -5.43353514e-01
   7.61192373e-02 -9.34790992e-01  2.75830506e-02 -3.96053369e-01
   1.46124045e+00 -8.14381484e-01  4.48188632e-01 -7.80248162e-01
   1.68641089e-01  2.10207082e-01  2.35812134e-01  6.46095139e-01
  -3.78665263e-01  4.65227938e-01  2.06745823e+00  2.03638656e-01]
 [-1.06857080e+00  1.94926127e-02 -3.90738599e-01 -6.92671081e-01
   6.79810525e-01 -1.17994637e+00 -6.06465532e-01 -4.07578929e-01
   3.98503960e-01 -5.97459098e-01 -4.43041474e-01 -9.17100333e-02
   9.82073535e-01  1.56352254e+00  8.55954722e-01  8.79286834e-01
  -1.04601802e+00 -3.60958905e-01 -8.67088744e-02 -4.15870714e-01]
 [ 3.81157110e-01  5.92974534e-01 -6.81741616e-01  5.32852087e-02
  -5.47002754e-01 -1.19055189e+00 -1.73021130e-01 -7.23318277e-02
   7.19500783e-01 -1.09653032e+00 -4.72660512e-01 -9.16055289e-02
   4.04023457e-01 -1.03760389e+00  3.61514176e-01  1.97381991e-01
  -1.88444083e-02 -6.40371807e-01 -1.48436641e+00  2.07281423e-01]
 [ 7.25487001e-01 -1.17264326e+00 -1.05185268e-03 -3.82458265e-01
  -4.14014326e-01  7.57015885e-01  1.52682247e+00  6.43148685e-01
   5.35671322e-01  1.25621155e+00 -2.22804247e-01 -1.90388440e-01
   8.46619199e-01  1.51454096e-01  4.76573427e-01 -1.34699796e+00
  -9.65699452e-01  1.23944994e+00  3.68244341e-01 -1.52446603e+00]
 [ 2.11912511e-01  4.89389354e-01  4.31644832e-01  6.99227219e-02
   1.01379257e+00 -6.35810920e-01  1.24823772e+00 -2.30926745e-01
  -1.17825400e-01  4.45958772e-01  4.93592021e-01  6.16145871e-01
  -9.82326719e-01 -2.67779917e-01 -1.12525771e+00  8.60707386e-01
  -4.28432174e-01 -7.95906152e-01  6.22347305e-03  1.51106055e-01]
 [-6.22879183e-01 -1.21308254e-01 -5.17425881e-01 -3.27709079e-01
  -6.72622384e-01 -9.42161029e-01  3.30870559e-01 -4.94432052e-01
   5.60398968e-01  6.40113238e-01 -6.96220954e-01 -2.30680130e-01
   1.76255238e-01  1.27725247e+00 -8.98650387e-02 -1.20572999e+00
  -6.22582947e-01  3.94046779e-01  1.08788427e+00  9.14844536e-01]
 [-4.12668690e-02 -7.33499366e-01  6.07162963e-01  9.73655612e-01
   8.57953322e-01  6.46593958e-01 -2.10532679e-01  1.18849681e+00
  -3.76535181e-01 -9.55606788e-01 -1.64172322e-01 -8.28513366e-01
   9.81271317e-01  5.09806765e-01 -4.50707294e-01 -6.12563424e-01
  -3.72098855e-01 -4.42930537e-02  5.58790654e-01  4.86637360e-01]
 [ 6.09959683e-01  3.52716617e-01 -5.07581641e-01  6.21689173e-01
  -3.59174477e-01 -8.18263272e-01 -2.09603951e-01  4.44126548e-01
  -1.94846173e-01 -9.96189883e-01 -1.74860584e-01  3.92523593e-01
  -5.35035445e-01  1.83616763e-01 -2.80733246e-02 -1.10330283e+00
  -5.64303726e-01  3.24396837e-02 -6.30655557e-01  3.94754975e-02]
 [-3.01327374e-01 -2.95819594e-01 -2.26172387e-02 -5.13423566e-01
   2.29545428e-01 -1.15976161e+00 -4.20206398e-01  5.56275199e-01
  -4.25082850e-01  9.13208956e-02 -1.12535408e-01 -3.76639133e-01
   7.80602519e-01 -5.56438884e-01 -8.68996839e-01 -7.18573983e-01
   7.15991839e-02 -9.32517456e-01 -1.73781021e+00  1.09004265e+00]
 [ 1.97183722e-03 -4.83261099e-01  6.43796475e-01  2.13153835e-01
  -1.43939060e-01  6.51581233e-01 -4.23504340e-01 -1.10854676e+00
   4.63531473e-01  6.60631669e-01 -1.21114889e+00  1.26544682e-01
   1.46653136e+00 -3.99886586e-01 -2.90192556e-01 -1.26117006e+00
   3.88562941e-01  5.14098281e-01  5.38284393e-01  2.84890436e-01]
 [ 1.23244139e-01 -9.62272146e-01  3.84191205e-02  8.43018268e-01
  -2.99342983e-01 -1.10041059e+00 -1.00087101e-01  1.42143451e+00
  -2.91992977e-02  1.03702345e+00 -1.75239565e-01  2.74648775e-01
  -1.12313494e+00  5.42083616e-01  3.07533903e-01  9.17022318e-01
  -6.80819830e-01 -6.70238807e-01 -2.96194721e-01  2.26063477e-01]
 [ 1.23720810e+00 -2.78626768e-02  6.70529276e-01 -4.55526697e-01
  -8.05294443e-01 -1.23144178e+00 -6.20421521e-01  8.06838705e-01
  -8.66593012e-01 -8.17218855e-01  5.53367867e-01  3.35214788e-01
   3.18693743e-01  1.07684419e-01  5.88959029e-01  1.13450312e+00
  -3.17645906e-01 -3.33529063e-01 -1.28126811e-01 -8.24010718e-01]
 [-6.16568038e-01 -8.37325397e-01  7.15376665e-01  4.61574970e-01
  -7.43067300e-01 -7.13109001e-01 -5.64950413e-01 -1.66246058e+00
  -5.03831115e-02 -2.36217570e-01 -4.62199287e-01  6.51151464e-01
   3.51071441e-01  2.00766089e-01  8.07037305e-01 -3.56238212e-01
  -1.64675432e-01  8.10932537e-01  6.17533652e-01 -1.36486636e+00]
 [ 3.77578146e-01 -5.58999226e-01  6.19723631e-01  3.13720740e-01
  -9.83520950e-01 -2.14873897e-01  7.49678668e-02 -2.82498097e-01
  -1.25075589e+00 -1.14460294e+00 -5.74347015e-01  4.84494883e-01
  -1.75120384e-01 -4.03469992e-01 -9.92267352e-01 -2.18141439e-01
  -1.41833926e-01  1.26857917e-01  1.16014761e-01 -6.54426370e-01]
 [-4.59481514e-01  4.24509963e-01  3.82900633e-01  9.47132772e-01
   7.26671495e-01 -7.69648053e-01 -6.96873671e-02 -5.89865438e-01
  -2.44912153e-01 -3.75615621e-01 -1.02446707e+00  2.11186011e-01
   1.32500052e-01 -5.86868149e-01  4.09964155e-01  8.33316978e-01
   3.06172490e-01  7.88749719e-01 -7.50952766e-01  9.49359951e-02]
 [ 2.64603004e-01  1.02038560e-01 -6.08287554e-01 -5.43313640e-01
  -1.16070624e+00 -1.11957218e-01  2.91162473e-01 -4.20951622e-01
  -2.57514652e-01 -1.25347503e+00 -4.00972253e-01  3.90088803e-01
  -3.18186561e-01  4.94618261e-02 -1.27889986e+00 -1.74155037e-01
  -7.72595757e-01  3.33033952e-01  6.39688078e-01  4.93961264e-01]
 [ 1.46412321e+00 -7.74641610e-03  3.85555615e-01  3.57482432e-02
  -2.87987562e-01 -1.10970596e+00  1.42781932e-01  9.42973675e-01
  -7.38409942e-01  9.79692334e-01 -3.92462512e-02 -2.97389213e-01
  -6.88040814e-01 -3.81094883e-01  9.07346231e-01  4.01519294e-01
   3.14556481e-01  1.51663724e+00 -6.39402298e-03  1.50664951e-01]
 [ 5.46308676e-01  6.53087498e-01  7.35773676e-01  6.40326826e-01
  -4.19001681e-01 -4.57418079e-01 -1.63470853e+00 -1.30031155e+00
   1.36046560e-02  1.43385415e-01 -5.60889173e-01  1.22119736e+00
   8.76996376e-01  2.10554812e-01 -2.46614817e-01  8.48505654e-01
  -6.60989148e-01  6.19051755e-01 -4.73947540e-01 -3.47567387e-01]
 [-5.48561288e-02  4.63045288e-01 -9.31971219e-02 -3.45638871e-02
  -1.49636651e-01 -5.59785828e-01 -5.59152874e-01  4.61099363e-02
   4.25638916e-01 -9.09178331e-01  6.28828055e-02 -6.16056357e-01
   3.00925807e-01 -3.69108311e-01 -2.75129346e-02  2.63838822e-01
   6.28422109e-01  1.12510226e-01 -1.23211223e+00 -3.77562835e-01]
 [ 1.04003480e+00 -1.30529087e+00 -4.18998158e-01 -5.16737163e-01
  -1.30780074e+00 -1.39726698e+00 -2.58909256e-01  6.83429441e-01
   5.52930981e-01  3.81382122e-01 -1.83937462e+00 -8.40413784e-01
   4.39509694e-01  5.08638409e-01  3.78277308e-01 -7.33929307e-01
  -9.75860187e-02  1.15971272e+00  4.24710989e-01  8.01957692e-01]
 [ 1.35187162e+00 -1.03986734e+00 -1.59606955e-01  1.99464087e-01
   1.42051332e-01 -4.97842710e-01 -1.35759268e-01 -3.26573373e-02
  -1.05158367e+00 -8.79051654e-01 -4.77057300e-01 -5.51265710e-01
  -6.49223422e-01  5.13337790e-02 -1.73189270e-01 -9.76414744e-01
  -6.36618141e-01 -8.51995110e-01 -1.32397175e+00 -4.95253747e-02]
 [-3.34935122e-01  1.10348146e+00  8.43378936e-01 -6.86959755e-01
  -7.74523021e-01  1.54600627e+00  5.37446088e-01  7.32321975e-01
   1.09316041e+00  6.10647795e-01  3.53989463e-01 -4.33275700e-01
  -1.10634452e-01  2.92422047e-01 -6.20072693e-01  1.07465035e+00
  -3.00920436e-01 -4.18180767e-01 -1.17214655e-01  7.19804268e-01]
 [ 1.22397996e+00 -9.47792915e-01 -1.20609603e+00 -1.40214081e-01
  -8.69343354e-01  1.84725294e-01  1.05077793e+00  5.75390850e-01
   1.35598287e+00  5.30647485e-01  5.37473653e-01  4.98890164e-01
  -2.54767276e-01 -1.13764313e-01 -7.42075160e-01 -2.89911364e-01
  -5.49777630e-01 -3.59189329e-01  6.34183469e-01  7.48787381e-01]
 [ 1.03341019e+00  5.21226684e-01  5.87986618e-01 -8.67246172e-01
  -1.15899369e+00  1.13866447e+00 -5.87643683e-03 -3.37836067e-01
   5.82780294e-01  1.24417443e+00 -2.02892173e-02  6.37649278e-01
   8.90995225e-01  1.82803720e-01  4.63610020e-01  1.30774654e+00
  -1.08693073e+00  8.24087672e-01  2.52445943e-02 -4.98008226e-01]],[[-4.25484464e-01  6.86260626e-01 -8.54675399e-02 -1.41581406e-01
  -7.11537927e-01  4.37890293e-01  1.53133309e+00  7.95917666e-01
   1.04276653e+00 -1.27504094e+00  1.86929992e+00  3.86570338e-01
   5.35083791e-01  6.32090115e-01 -4.74286588e-01  5.18418357e-01]
 [ 1.32358543e-01 -2.45036915e-01  2.53610970e-01  5.77602176e-01
  -1.04457407e+00 -2.75646167e-01 -3.00172511e-01  3.26156631e-01
  -9.21182115e-01 -3.08189983e-01  4.86071375e-01  9.33799828e-01
   7.42565208e-01  2.48629692e+00 -7.23592485e-01 -7.04194327e-01]
 [ 8.51201981e-01 -1.12792721e-01 -1.42624249e+00 -1.34864068e+00
   2.29318640e-01 -2.20268488e-01  7.59114437e-02 -1.67602252e-01
  -2.58928084e-01 -7.09171712e-01  1.47264314e-01 -1.07371554e+00
   8.66476108e-01  7.19490011e-01 -1.01636593e-01  2.74698777e-01]
 [ 1.99074462e-01  8.77136857e-01  1.44423673e+00  8.02087362e-02
  -3.22860455e-01 -1.13577045e+00  1.44103852e-01 -4.57686778e-01
   1.18350651e+00 -2.61301498e+00 -9.12587812e-01  1.08376519e-01
   1.03029714e+00 -4.98944716e-01  8.55454583e-01  1.89522050e-02]
 [-3.72215013e-01  5.74273576e-01 -2.66800835e-02 -4.01113149e-01
  -2.47898799e-01  8.37336727e-01 -6.80675073e-01  2.19641891e+00
   6.82888399e-01  2.56956660e-01 -3.48602589e-01 -1.97319772e-02
   1.01078622e+00  1.78408576e+00 -2.18874929e+00 -5.53511299e-01]
 [ 1.29124969e+00  1.43819388e+00  1.04313065e+00 -6.83714628e-03
   1.86056040e+00  6.80310964e-01 -6.54413555e-01 -1.27763416e-01
   8.16267607e-01  3.32554536e-01  1.45460198e+00  6.15819471e-02
  -1.09996363e+00 -1.05229896e-01 -4.50837590e-02 -3.21200889e-01]
 [ 6.54070508e-01 -9.12637917e-01  3.56826181e-01  7.06129776e-01
   1.14039039e-01  8.33220030e-01  1.18233582e+00  1.20185386e+00
   1.52326795e+00  2.02355009e+00  3.77007702e-01 -4.92994095e-01
   4.76119070e-01  3.54701711e-01 -4.84751862e-01 -3.13535460e-02]
 [-1.22446569e+00  3.66606418e-01  4.47962327e-01  2.53645678e-01
  -8.54134846e-01  6.02997093e-01 -6.77497755e-02 -1.82298807e-01
  -1.01775176e+00  5.50185996e-02 -5.21635855e-01  2.35494144e-01
   2.66445927e-01 -2.09720714e-01  2.80230977e-01 -1.35536488e-01]
 [ 4.14259965e-01  9.24009416e-01  3.67372614e-02  2.23221786e-02
   8.30690233e-01  4.82171724e-01 -2.21716357e-01 -4.78896321e-01
  -1.11955702e+00  1.26267298e+00 -2.11809499e-01 -8.53708154e-01
   5.35619033e-01 -9.09477776e-01 -2.69185407e-01  2.27566106e-01]
 [ 1.32044420e-01  2.41504016e-01  6.60321677e-01 -2.55129715e-01
  -5.50171184e-01 -1.03960364e-03  5.52790319e-01  6.43841874e-01
   4.19172660e-01 -1.06909895e+00 -7.28717667e-02 -1.09372523e+00
  -3.38561959e-01  1.09076346e-02  1.38259162e-01 -1.51917300e+00]
 [-2.49716812e-01  8.17239664e-01  2.22211473e-01 -4.91118314e-01
  -1.34196310e+00 -1.54146033e-02  9.05567102e-01 -5.56198918e-01
   1.84514242e-01 -5.08110330e-01  4.99861059e-01  7.89258464e-01
  -4.74433164e-01 -1.08631456e+00  4.45428063e-02 -7.71130385e-01]
 [-7.00007893e-01  2.07028346e-01  8.24131358e-01  6.02865736e-01
  -5.99750827e-01  1.24106784e-01 -3.66772236e-01  3.03177119e-01
  -1.62794574e+00  3.09603383e-01  1.71837065e-01  1.41237373e+00
  -2.18974932e-01  3.55465245e-02  7.34184085e-01 -5.36687566e-01]
 [-8.23108598e-02 -1.41494831e+00 -1.70670065e+00  6.27949095e-01
   6.83484097e-01 -4.79928083e-01 -4.09245769e-02 -1.29861415e+00
  -1.45690692e-02  1.34853717e+00 -2.23488319e-01  7.16583337e-01
  -3.86802627e-01  2.75183273e-01  1.06807738e+00 -7.39298738e-01]
 [ 1.88528549e-01 -3.50456307e-02 -2.64376075e-01 -7.74143164e-01
  -1.01577647e+00  6.14724723e-01  9.18498688e-01  1.00700573e+00
  -6.40317388e-02 -1.12659338e+00  1.75561461e-01  1.52640199e-01
  -5.30488489e-01 -1.17581239e+00  3.90194101e-01 -1.72814210e+00]
 [ 1.45774553e+00 -1.88209886e+00  1.37500076e-01 -1.13206392e+00
  -1.35061266e-01 -1.16610100e+00 -8.52593733e-01 -3.94657650e-01
  -1.34358451e+00 -4.46352527e-01  1.53997121e+00 -9.13225894e-01
  -1.28143441e+00  4.72998366e-01  8.12745526e-01  1.73365002e+00]
 [-3.77998491e-01 -2.98867697e-01  1.59733822e-01 -5.58064257e-01
   7.54177200e-01 -1.36711621e-01 -3.73632305e-01  1.53673901e+00
  -8.10581152e-01  1.69001865e-01  4.57500993e-01  2.54728401e-01
  -5.31900508e-01  1.35345120e+00  4.39828204e-01  1.02866343e+00]
 [-3.58034462e-01 -4.19264023e-01  1.96815399e+00 -2.47045640e-01
   7.24800568e-01 -4.12331184e-01  3.92858303e-01 -1.41851119e-01
   1.29751884e+00 -1.20219260e+00 -9.94239087e-02 -1.42321998e-01
   9.73337525e-01  1.06202635e-01  7.43526141e-01  6.51238527e-01]
 [ 8.46714009e-01 -1.90292525e+00  2.72545313e-01  5.18408670e-01
  -4.55394886e-01  5.26112299e-01 -4.88611914e-01 -6.51855192e-01
  -4.34817841e-01  1.44068073e+00 -4.11634198e-01  1.05512034e+00
  -1.68964129e-02 -2.31501440e-01 -1.25971820e-01  1.07244867e+00]
 [-1.69048035e+00  3.08190692e-01 -4.87656970e-01 -1.28870400e+00
   6.37075993e-01 -8.69234613e-01 -7.23904292e-01  2.51000193e-01
   1.35099128e+00 -7.70662164e-03 -1.31137250e+00  1.12478216e+00
  -6.53476637e-01 -1.17697858e+00 -1.52677437e+00 -5.73357607e-01]
 [ 1.00109922e-02  8.76459741e-01  8.90615266e-02 -5.58594783e-01
  -2.92975424e-01 -6.54652593e-01  2.80542038e-01 -4.10119487e-01
   7.39860032e-02 -1.94546345e+00 -9.68785671e-01 -1.21765288e-01
   6.75246465e-02  1.03035913e+00  7.32818952e-01  4.35218743e-01]]