[[-3.71399301e-01 -6.07641585e-01  6.61944154e-02  1.01585775e+00
  -8.91230613e-01 -6.70837973e-01  1.86685887e-01  8.71632849e-01
  -1.08879168e+00 -2.61009607e-01 -3.56846591e-01 -2.91423280e-01
   1.03492262e+00 -1.02637043e+00  3.48340635e-02 -8.03678917e-01
   2.48932546e-01 -1.39787313e+00  5.47151979e-01 -4.86735911e-03]
 [-9.18799216e-02  3.24020392e-01  7.48076642e-01  4.48093855e-01
   2.03062820e-01  1.35640437e-01 -9.32797043e-01 -1.52188400e-01
   4.53454285e-01 -4.64305163e-01  1.21450400e+00 -7.37775571e-01
   1.12635476e-01 -1.00783183e+00 -1.13165630e-01  4.42376210e-01
  -3.52983026e-01 -3.18995125e-02 -5.13764524e-01  2.65023544e-01]
 [ 4.06326356e-01 -3.17132427e-01  9.00459270e-01 -5.09122619e-01
  -1.07420475e+00 -3.84465608e-01 -1.17383634e-01 -4.77237860e-01
   1.38813672e+00 -1.02199999e+00 -6.90618481e-01 -1.73689635e-01
  -6.27820416e-01 -4.72114978e-01 -8.78868595e-01  1.30255440e+00
  -7.42202527e-01 -3.17373277e-01  9.70467802e-01 -2.19580454e-01]
 [ 4.86388934e-01  2.78460210e-01 -9.47269547e-01 -8.24292034e-01
  -1.14389691e+00  2.98805744e-02 -1.46366045e-01  6.51576931e-01
  -6.70300205e-01  9.64455343e-01  1.75468965e+00  9.06595460e-01
   2.48472738e-02  6.43756392e-01  1.35355813e+00 -1.18303927e+00
  -6.18050281e-01  5.78081119e-01 -6.28884910e-01 -6.90197805e-02]
 [-4.93377886e-01 -3.08665301e-02 -2.93529809e-01  1.12148761e+00
   1.69602609e-01  1.14287477e-01 -3.34253238e-02  9.66841890e-01
   6.40590582e-01 -7.27937941e-01 -9.95669620e-01  6.54053256e-01
  -1.12146616e+00 -1.37306619e+00  1.26283405e+00 -2.77514963e-01
   3.91456660e-01 -4.14327022e-01 -1.61281570e-01 -6.33094607e-01]
 [ 7.79231630e-02 -7.32796282e-01  4.44779376e-01 -8.70961976e-01
   9.41538528e-01 -4.67171876e-01 -5.20841555e-01  4.19884979e-02
   1.57138983e+00  4.34633113e-01  8.91479025e-02  2.08238410e-01
   1.10052584e+00 -1.11419180e+00 -1.25869645e+00 -7.91968554e-01
   9.99379253e-01 -4.22589681e-01 -7.90232089e-01  3.08013153e-01]
 [-8.70173511e-01 -2.26025214e-01  6.86853496e-01 -3.77599264e-01
  -9.89259072e-02  4.51362235e-01 -7.27127845e-01  1.24602667e+00
  -1.05130035e+00 -4.74491313e-01  1.42754421e-01  1.17059533e+00
  -8.80041400e-02  6.54322832e-01 -4.66461629e-02 -7.35533015e-01
  -2.25280172e-01  9.40111552e-01 -7.97649539e-01  4.75984158e-01]
 [-1.69085282e-01 -2.97847901e-01 -2.37517631e-01  1.33473604e+00
   6.20965184e-01 -3.68180950e-02  8.96596696e-01 -5.22499027e-01
  -1.97764424e-02 -6.35766035e-01 -8.79458506e-01  4.07279804e-01
   4.28343796e-01 -1.18174751e+00 -4.78745904e-01 -7.31676737e-01
  -8.27942168e-01 -5.23871874e-01  1.18619826e+00  2.21194850e-01]
 [-3.76950530e-01  1.02514908e+00  6.25463549e-01  3.19877522e-01
   5.35160159e-01 -1.79170273e+00 -7.56953278e-02  1.30756191e-02
   6.39247992e-01  1.05454959e+00 -4.09046726e-01 -2.50240511e-01
   6.18765531e-01 -6.87672766e-01 -5.94533748e-01  5.24808147e-01
   2.77646717e-01  1.65952134e+00  7.84414994e-03  1.18420116e-01]
 [-6.09576333e-01 -5.39111301e-01 -2.59480181e-01  4.30630040e-02
  -6.75715700e-01  1.22236191e+00  7.17193179e-01 -8.84568055e-01
   1.95854656e-01  2.30193453e-01  5.86088015e-01  2.22916534e-01
   1.34014327e+00 -7.54789627e-01  2.26138571e-01  1.93718014e-01
   2.00557609e-01  1.13670973e-01 -3.49974925e-01  5.67217353e-01]
 [-4.64427058e-01 -5.57638849e-01  1.43680292e+00  6.04170056e-01
  -9.46162296e-01 -6.75517403e-01 -1.35193171e+00  1.14874368e+00
  -6.58361972e-01 -4.63982537e-01  8.97330454e-01  5.79652296e-01
   9.75737860e-01 -1.32099643e+00 -1.02773681e-03 -3.17838379e-01
   7.34223370e-01  8.03833541e-01  8.51103629e-01  6.79847365e-01]
 [ 8.30134346e-01 -7.80363438e-01  5.06508162e-01 -6.58838774e-01
  -2.02904434e-02 -1.24547454e+00  5.74818247e-01  7.14055568e-02
   3.72727909e-01  1.38543189e+00 -3.26308610e-02 -4.19864748e-01
   2.70431999e-01 -1.18672737e-01 -8.33287276e-01  5.76328023e-01
  -7.50504235e-01  1.89942863e+00 -3.94295156e-01  1.20489120e+00]
 [ 1.45410950e+00 -1.39908385e+00 -1.72472748e-01 -5.43353514e-01
   7.61192373e-02 -9.34790992e-01  1.79259954e-01 -3.96053369e-01
   1.08061145e+00 -8.14381484e-01  4.48188632e-01 -5.41559936e-01
   1.68641089e-01  1.86245278e-01 -2.26402887e-01  6.46095139e-01
  -3.78665263e-01  4.65227938e-01  2.06745823e+00  6.92811030e-01]
 [-1.18093028e+00  1.94926127e-02  3.72945207e-02 -6.92671081e-01
   6.79810525e-01 -1.17994637e+00 -6.06465532e-01 -4.07578929e-01
   3.98503960e-01 -5.97459098e-01 -8.41661042e-01 -6.50172100e-01
   1.18129379e+00  1.56352254e+00  8.55954722e-01  8.59674564e-01
  -1.04601802e+00 -3.60958905e-01 -5.12332692e-01 -4.15870714e-01]
 [ 3.81157110e-01  5.92974534e-01 -6.81741616e-01  4.55667151e-01
  -3.39726405e-01 -1.19055189e+00 -1.73021130e-01 -7.23318277e-02
   3.46600163e-01 -1.09653032e+00 -4.72660512e-01  9.29317037e-02
   4.04023457e-01 -9.13267245e-01  3.61514176e-01  1.97381991e-01
   2.72066335e-01 -6.40371807e-01 -1.48436641e+00  2.07281423e-01]
 [ 9.48577748e-01 -1.17264326e+00 -1.05185268e-03 -3.82458265e-01
  -4.14014326e-01  6.49344743e-01  1.52682247e+00  6.43148685e-01
   5.35671322e-01  1.57805228e+00 -2.22804247e-01 -1.90388440e-01
   3.84290446e-01  1.51454096e-01  4.76573427e-01 -1.34699796e+00
  -1.27398931e+00  9.30175978e-01  3.68244341e-01 -1.52446603e+00]
 [ 2.11912511e-01  4.89389354e-01  4.31644832e-01  6.99227219e-02
   1.01379257e+00 -6.23097661e-01  1.24823772e+00 -1.32098654e-02
   8.26042628e-02  4.45958772e-01  4.93592021e-01  6.16145871e-01
  -8.88731443e-01 -2.67779917e-01 -6.55925433e-01  8.60707386e-01
  -4.28432174e-01 -6.73972195e-01  6.22347305e-03  1.51106055e-01]
 [-6.22879183e-01 -2.88639151e-01 -5.17425881e-01 -3.27709079e-01
  -5.80884857e-01 -9.42161029e-01  6.00714554e-02 -4.94432052e-01
   5.34294139e-01  6.40113238e-01 -6.96220954e-01  1.73447552e-01
   1.76255238e-01  1.27725247e+00 -8.98650387e-02 -1.20572999e+00
  -6.22582947e-01  3.94046779e-01  1.08788427e+00  9.14844536e-01]
 [-4.12668690e-02 -1.50607805e+00  6.07162963e-01  1.46008668e+00
   1.06435439e+00  1.07345086e+00 -2.10532679e-01  8.07837532e-01
  -4.46568085e-01 -6.46926974e-01 -1.64172322e-01 -8.28513366e-01
   9.81271317e-01  5.09806765e-01 -4.50707294e-01 -1.04080650e+00
  -3.72098855e-01 -4.42930537e-02  5.58790654e-01  4.86637360e-01]
 [ 7.04466455e-01  3.97366690e-01 -5.07581641e-01  6.49928659e-01
  -3.59174477e-01 -8.18263272e-01 -2.09603951e-01  7.01740511e-02
  -1.94846173e-01 -9.96189883e-01 -1.74860584e-01  3.67631438e-01
  -5.35035445e-01  1.83616763e-01  3.60638900e-03 -1.10330283e+00
  -5.23250333e-01 -1.23859282e-01 -6.30655557e-01  3.94754975e-02]
 [-3.01327374e-01 -2.95819594e-01  2.69483871e-01 -5.13423566e-01
   2.29545428e-01 -7.41623162e-01 -8.14484638e-01  5.56275199e-01
  -4.25082850e-01  9.13208956e-02 -1.12535408e-01 -3.76639133e-01
   9.40896012e-01 -5.56438884e-01 -6.44172182e-01 -3.90467033e-01
   7.15991839e-02 -9.32517456e-01 -1.73781021e+00  9.84555969e-01]
 [ 1.97183722e-03 -3.75087587e-01  8.72336358e-01  2.78511983e-01
   1.60533530e-01  6.51581233e-01 -4.23504340e-01 -1.10854676e+00
   4.63531473e-01  6.60631669e-01 -1.21114889e+00  1.26544682e-01
   1.46653136e+00 -3.99886586e-01 -2.90192556e-01 -1.26117006e+00
   7.39160042e-01  5.14098281e-01  4.61184798e-01  2.84890436e-01]
 [ 1.23244139e-01 -9.62272146e-01  2.93371800e-01  8.43018268e-01
  -2.99342983e-01 -1.10041059e+00 -9.86096906e-02  1.42143451e+00
  -2.91992977e-02  3.00578906e-01 -1.75239565e-01  2.74648775e-01
  -1.12382302e+00  1.00675147e+00  3.07533903e-01  9.17022318e-01
  -2.14299877e-01 -6.70238807e-01  1.64472547e-01  2.26063477e-01]
 [ 1.23720810e+00 -2.78626768e-02  6.70529276e-01 -4.55526697e-01
  -8.05294443e-01 -1.23144178e+00 -6.20421521e-01  9.06517269e-01
  -8.66593012e-01 -8.17218855e-01  5.53367867e-01  3.35214788e-01
   3.18693743e-01 -1.86680083e-01  5.88959029e-01  1.13450312e+00
  -3.17645906e-01 -3.33529063e-01 -1.28126811e-01 -8.24010718e-01]
 [-6.16568038e-01 -1.06600454e+00  7.15376665e-01  4.63506144e-01
  -7.43067300e-01 -3.14941683e-01 -5.64950413e-01 -1.66246058e+00
  -2.22934663e-01 -2.36217570e-01 -4.62199287e-01  3.43289913e-01
   1.58891939e-01  2.00766089e-01  8.07037305e-01 -3.56238212e-01
  -1.64675432e-01  6.47540442e-01  6.17533652e-01 -1.36486636e+00]
 [ 3.77578146e-01 -5.58999226e-01  6.19723631e-01  6.49862645e-01
  -9.83520950e-01 -2.14873897e-01  3.39944605e-01 -2.82498097e-01
  -1.04038946e+00 -1.14460294e+00 -4.59926200e-01  4.29709225e-02
  -4.25104407e-01 -4.03469992e-01 -7.64514260e-01 -2.18141439e-01
  -1.41833926e-01  1.67533924e-01  2.36685632e-01 -6.54426370e-01]
 [-4.59481514e-01  4.24509963e-01  7.29012218e-01  9.47132772e-01
   4.25754480e-01 -7.69648053e-01 -1.18996429e-01 -5.89865438e-01
  -9.80429270e-02 -3.75615621e-01 -8.47174801e-01  2.11186011e-01
   1.32500052e-01 -5.86868149e-01  4.09964155e-01  8.33316978e-01
   2.82121253e-01  7.88749719e-01 -7.50952766e-01  4.77958146e-01]
 [ 2.64603004e-01  1.02038560e-01 -6.08287554e-01 -5.43313640e-01
  -1.33999150e+00 -1.11957218e-01  2.91162473e-01 -4.20951622e-01
  -6.59467711e-04 -1.25347503e+00 -4.00972253e-01  3.90088803e-01
  -4.61612384e-01  4.94618261e-02 -1.27889986e+00 -1.74155037e-01
  -7.72595757e-01  3.33033952e-01  6.39688078e-01  1.75476699e-01]
 [ 1.46412321e+00 -7.74641610e-03  3.85555615e-01  3.57482432e-02
  -2.87987562e-01 -1.13263890e+00  1.42781932e-01  9.42973675e-01
  -7.38409942e-01  9.79692334e-01 -3.92462512e-02 -2.97389213e-01
  -6.88040814e-01 -3.81094883e-01  1.15868597e+00  4.01519294e-01
   3.14556481e-01  1.51663724e+00  1.12487334e-01  1.50664951e-01]
 [ 9.40372038e-01  5.66095274e-01  7.35773676e-01  7.53534409e-01
  -4.19001681e-01 -4.57418079e-01 -1.63470853e+00 -1.30031155e+00
  -1.09716387e-01  1.43385415e-01 -5.60889173e-01  1.22119736e+00
   1.21229700e+00 -1.49530191e-01 -2.46614817e-01  8.48505654e-01
  -6.60989148e-01  5.27989917e-01 -4.73947540e-01 -3.47567387e-01]
 [-5.48561288e-02  4.63045288e-01 -9.31971219e-02 -3.45638871e-02
  -5.02938302e-01 -3.51631265e-01 -6.38703418e-01  4.61099363e-02
   4.25638916e-01 -9.09178331e-01 -2.01466895e-01 -6.16056357e-01
   3.00925807e-01 -3.69108311e-01 -2.75129346e-02  2.63838822e-01
   6.28422109e-01  1.12510226e-01 -1.23211223e+00 -3.77562835e-01]
 [ 1.04003480e+00 -1.30529087e+00 -3.50360670e-01 -5.16737163e-01
  -9.87001242e-01 -1.39726698e+00 -2.58909256e-01  6.83429441e-01
   5.52930981e-01  6.77973762e-01 -1.83937462e+00 -8.40413784e-01
   4.39509694e-01  6.85729109e-01  1.47582802e-01 -8.74774614e-01
   2.89876679e-01  1.15971272e+00  4.24710989e-01  9.22363807e-01]
 [ 1.35187162e+00 -1.03986734e+00 -1.59606955e-01  1.99464087e-01
   1.42051332e-01 -4.97842710e-01 -2.83021230e-01 -3.26573373e-02
  -1.05158367e+00 -8.79051654e-01 -4.77057300e-01 -1.02540357e+00
  -2.21781684e-01  5.13337790e-02 -1.73189270e-01 -9.76414744e-01
   2.44338661e-01 -7.26055092e-01 -1.32397175e+00 -4.95253747e-02]
 [-3.34935122e-01  1.10348146e+00  8.43378936e-01 -6.86959755e-01
  -7.74523021e-01  1.54600627e+00  5.37446088e-01  7.32321975e-01
   1.09316041e+00  3.00510731e-01  3.53989463e-01 -4.33275700e-01
  -1.10634452e-01  2.92422047e-01 -6.20072693e-01  6.26067602e-01
  -3.00920436e-01 -2.24764414e-01  3.21218751e-01  7.19804268e-01]
 [ 7.79604607e-01 -9.47792915e-01 -1.20609603e+00 -1.23669383e+00
  -8.69343354e-01  1.84725294e-01  1.05077793e+00  1.03674298e+00
   1.35598287e+00  5.30647485e-01  2.54173042e-01  4.98890164e-01
  -2.54767276e-01 -1.13764313e-01 -7.79841198e-01  9.15108951e-02
  -5.49777630e-01  1.25407768e-01  6.34183469e-01  7.48787381e-01]
 [ 1.03341019e+00  5.21226684e-01  2.97985863e-01 -8.67246172e-01
  -1.14693657e+00  1.51964434e+00 -5.87643683e-03 -3.37836067e-01
   5.82780294e-01  1.24417443e+00 -2.02892173e-02  6.37649278e-01
   8.27718823e-01  1.82803720e-01  4.54915565e-01  1.30774654e+00
  -1.08693073e+00  9.93908174e-01 -1.88767511e-01 -1.32165562e-01]],[[-2.61765361e-03  6.86260626e-01 -8.54675399e-02 -5.88652246e-01
  -2.16355487e-01  4.37890293e-01  1.53133309e+00  1.05321169e+00
   1.04276653e+00 -1.27504094e+00  1.42508639e+00  1.78875745e-01
   5.35083791e-01  6.32090115e-01 -4.74286588e-01  5.18418357e-01]
 [ 4.13640963e-01 -2.45036915e-01  2.53610970e-01  7.02296526e-01
  -1.04457407e+00 -2.75646167e-01 -3.00172511e-01  2.08483355e-01
  -1.27585242e+00 -2.96946799e-01  4.86071375e-01  8.47382582e-01
   7.42565208e-01  2.06128085e+00 -1.16742203e+00 -7.04194327e-01]
 [ 8.51201981e-01 -1.12792721e-01 -1.63664683e+00 -1.01243567e+00
   2.29318640e-01 -2.20268488e-01  7.59114437e-02 -1.67602252e-01
  -2.18781649e-01 -7.09171712e-01  2.07236047e-01 -7.85820263e-01
   8.09789758e-01  7.19490011e-01 -1.01636593e-01  2.74698777e-01]
 [ 1.99074462e-01  6.04322475e-01  1.25487709e+00  2.03848760e-01
   1.25306781e-01 -9.80742659e-01  1.44103852e-01  2.40865875e-01
   1.68206332e+00 -2.61301498e+00 -5.24826313e-01  1.39306975e-01
   1.03029714e+00 -4.98944716e-01  8.55454583e-01  1.89522050e-02]
 [-8.02961213e-01  5.74273576e-01  3.12631054e-01 -2.41575066e-01
  -2.47898799e-01  4.05148795e-01 -6.80675073e-01  2.19641891e+00
   6.82888399e-01  1.48714340e-01 -1.48146525e-01 -6.60201333e-01
   1.01078622e+00  1.78408576e+00 -2.18139630e+00 -5.53511299e-01]
 [ 1.03063151e+00  1.63918158e+00  9.34469976e-01  1.69244676e-01
   1.77133258e+00  2.16902749e-01 -6.54413555e-01 -1.27763416e-01
   8.16267607e-01  7.63167333e-01  1.49880066e+00  3.86093219e-01
  -1.09996363e+00 -1.05229896e-01 -1.56857092e-01 -8.04208062e-03]
 [ 6.54070508e-01 -5.19053294e-01  3.56826181e-01  3.92765788e-01
   4.31548569e-01  3.44247836e-01  1.18233582e+00  1.29379404e+00
   1.52326795e+00  9.39031101e-01  8.49145459e-02 -2.51219331e-01
   4.76119070e-01  3.54701711e-01 -2.58945984e-01  5.66745015e-01]
 [-1.63271695e+00 -1.49364345e-02 -5.74615350e-02  1.60742074e-01
  -3.70727602e-01  1.20463239e-01  4.31496588e-01 -5.14634367e-01
  -1.01775176e+00  5.64352029e-01 -3.05850136e-01  2.35494144e-01
   2.66445927e-01 -8.16406500e-02  5.64924507e-01 -1.35536488e-01]
 [ 2.06862199e-01  1.30157067e+00  3.20532268e-01  2.23221786e-02
   1.20482116e+00  7.84112449e-02 -2.21716357e-01 -4.78896321e-01
  -9.45090427e-01  1.26267298e+00 -2.11809499e-01 -8.53708154e-01
   5.35619033e-01 -9.09477776e-01 -2.69185407e-01  5.73297630e-01]
 [ 1.32044420e-01  2.41504016e-01  6.60321677e-01 -2.55129715e-01
  -5.42949309e-01 -4.65818027e-01  1.41817135e+00  7.45908253e-01
  -7.43600147e-02 -1.06909895e+00 -7.28717667e-02 -1.09372523e+00
  -2.71819901e-01  1.09076346e-02 -1.81365334e-01 -1.12920671e+00]
 [-2.32480865e-01  8.17239664e-01  7.64626188e-02 -4.91118314e-01
  -1.69984638e+00 -1.54146033e-02  9.05567102e-01 -6.53081957e-01
   9.44607012e-03 -2.86164810e-01  9.44013385e-01  1.10716285e+00
  -4.74433164e-01 -6.07452318e-01 -3.93919867e-01 -4.38756929e-01]
 [-5.09084042e-01  2.02817634e-01  5.11018452e-01  8.50772687e-01
  -5.99750827e-01  1.24106784e-01 -1.96885517e-01  4.08173742e-01
  -9.46010185e-01  1.18674408e+00 -1.94064479e-01  1.41666461e+00
  -2.18974932e-01  3.55465245e-02  2.40854319e-01 -8.44330414e-01]
 [-8.23108598e-02 -1.41494831e+00 -1.37064663e+00  6.27949095e-01
   3.63990499e-01 -8.75926015e-01 -4.09245769e-02 -9.76690788e-01
  -1.45690692e-02  1.13024883e+00 -8.79317444e-02  7.16583337e-01
  -3.75723373e-01  2.75183273e-01  1.06807738e+00 -7.39298738e-01]
 [ 5.24691907e-01 -3.50456307e-02 -2.64376075e-01 -4.31843556e-01
  -1.21909962e+00  6.14724723e-01  7.47164855e-01  1.00700573e+00
  -6.40317388e-02 -1.12659338e+00  2.79375215e-01  1.52640199e-01
  -1.17676215e+00 -1.17581239e+00  3.34844085e-01 -1.72814210e+00]
 [ 1.45774553e+00 -1.38021573e+00  1.37500076e-01 -1.50048897e+00
   5.00947305e-02 -1.03736631e+00 -2.62754988e-01 -7.39247698e-01
  -1.18516798e+00 -4.46352527e-01  1.53997121e+00 -7.35983900e-01
  -1.01907019e+00  1.07841756e-01  5.63297390e-01  1.65507502e+00]
 [-3.77998491e-01  6.57257607e-02  4.62091694e-01 -5.58064257e-01
   1.15324253e+00 -2.52712065e-01 -9.30434953e-01  1.15044573e+00
  -2.77395498e-01  1.69001865e-01  1.31875816e-01  2.54728401e-01
  -9.07941371e-01  1.35345120e+00  3.39618581e-01  1.02866343e+00]
 [-3.58034462e-01  8.85997226e-02  1.96815399e+00  2.26242128e-01
   7.24800568e-01 -4.12331184e-01  1.78897922e-01 -2.19571684e-01
   1.64616034e+00 -1.05100152e+00 -4.02937188e-01 -1.87355824e-01
   1.20923268e+00 -3.50034879e-01  3.20378198e-01  6.51238527e-01]
 [ 8.85573888e-01 -2.17284141e+00  2.72545313e-01  5.18408670e-01
  -4.27902911e-01  5.26112299e-01 -4.88611914e-01 -2.84027334e-01
  -1.15595155e-01  1.21595995e+00 -6.87638099e-01  1.10128582e+00
  -1.68964129e-02 -3.74478192e-01 -3.92842925e-01  1.07244867e+00]
 [-1.69048035e+00  3.08190692e-01 -2.29124680e-01 -1.61087141e+00
   7.32448825e-01 -8.69234613e-01 -7.27609337e-01 -3.72817534e-02
   1.35099128e+00 -7.70662164e-03 -7.71681910e-01  1.12478216e+00
  -6.53476637e-01 -5.84823636e-01 -1.45827940e+00 -5.73357607e-01]
 [ 1.00109922e-02  8.76459741e-01  4.30394981e-01 -2.53350880e-03
  -2.49157417e-01 -6.97820685e-01 -1.56988971e-01 -4.10119487e-01
  -6.73526937e-01 -1.94546345e+00 -9.68785671e-01 -1.21765288e-01
   6.75246465e-02  1.03035913e+00  8.10558599e-01  4.35218743e-01]]