[[-3.71399301e-01 -7.50294093e-01  6.61944154e-02  1.02948121e+00
  -8.91230613e-01 -6.70837973e-01  1.89683844e-01  8.71632849e-01
  -7.14042325e-01 -2.61009607e-01 -3.56846591e-01 -2.91423280e-01
   1.03492262e+00 -1.02637043e+00  3.48340635e-02 -8.03678917e-01
  -1.98971084e-01 -1.39787313e+00  2.37783674e-01 -4.86735911e-03]
 [ 1.21667482e-01  4.15865437e-01  7.48076642e-01  4.48093855e-01
   2.03062820e-01 -3.08383724e-01 -9.32797043e-01 -1.52188400e-01
   4.53454285e-01 -4.64305163e-01  1.41296600e+00 -7.37775571e-01
   1.12635476e-01 -1.00783183e+00 -1.13165630e-01  4.42376210e-01
  -3.52983026e-01 -3.18995125e-02 -5.13764524e-01  1.18427500e-01]
 [ 4.06326356e-01 -5.10771469e-01  9.00459270e-01 -5.09122619e-01
  -1.36780250e+00 -3.84465608e-01 -2.73327359e-01 -4.01468527e-01
   1.38813672e+00 -1.02199999e+00 -8.89086642e-01 -1.73689635e-01
  -1.14670822e+00 -4.72114978e-01 -8.78868595e-01  1.72573116e+00
  -8.00860687e-01 -4.65502171e-01  9.70467802e-01 -2.19580454e-01]
 [ 5.25530745e-01  2.78460210e-01 -9.47269547e-01 -8.24292034e-01
  -1.14389691e+00  2.98805744e-02 -1.46366045e-01  6.51576931e-01
  -6.70300205e-01  9.64455343e-01  1.75468965e+00  1.34728840e+00
   2.48472738e-02  6.43756392e-01  1.11018702e+00 -7.39654919e-01
  -6.18050281e-01  5.78081119e-01 -5.36813654e-01 -5.82604304e-02]
 [-4.93377886e-01 -2.54950662e-01 -2.93529809e-01  1.23999802e+00
   1.69602609e-01  1.14287477e-01 -3.34253238e-02  9.66841890e-01
   6.40590582e-01 -7.27937941e-01 -9.95669620e-01  6.54053256e-01
  -1.12146616e+00 -1.37306619e+00  1.26283405e+00 -2.77514963e-01
   3.91456660e-01 -4.14327022e-01 -1.61281570e-01 -6.33094607e-01]
 [ 7.79231630e-02 -7.32796282e-01  4.44779376e-01 -8.70961976e-01
   9.41538528e-01  1.84020580e-02 -5.20841555e-01  4.19884979e-02
   1.49537390e+00  4.34633113e-01  8.91479025e-02 -9.79695979e-02
   1.10052584e+00 -1.28300725e+00 -1.25869645e+00 -7.91968554e-01
   9.99379253e-01 -6.66207767e-01 -7.90232089e-01  6.75953385e-01]
 [-9.19394755e-01 -2.26025214e-01  6.86853496e-01 -3.77599264e-01
  -9.89259072e-02  7.24023016e-02 -7.27127845e-01  1.24602667e+00
  -1.05130035e+00 -4.74491313e-01  1.42754421e-01  1.17059533e+00
  -8.80041400e-02  6.54322832e-01 -4.66461629e-02 -7.35533015e-01
  -2.25280172e-01  9.40111552e-01 -6.24480809e-01  4.75984158e-01]
 [ 1.29809449e-01 -2.97847901e-01  2.06059721e-01  1.33473604e+00
   2.80754872e-01 -8.50990955e-03  8.96596696e-01 -2.64814069e-01
  -1.97764424e-02 -6.35766035e-01 -8.79458506e-01  4.07279804e-01
   7.92440046e-01 -1.60396031e+00 -3.71594596e-01 -5.65980862e-01
  -8.87041411e-01 -5.23871874e-01  1.18619826e+00  2.21194850e-01]
 [-3.62733426e-02  1.00611228e+00  6.25463549e-01  6.52347344e-01
   5.35160159e-01 -2.13825768e+00 -1.46749621e-01  1.30756191e-02
   6.39247992e-01  1.05454959e+00 -4.09046726e-01 -2.50240511e-01
   6.74978810e-01 -8.25996528e-01 -5.94533748e-01  7.82131935e-01
   2.77646717e-01  1.56927111e+00 -1.39562868e-01  1.18420116e-01]
 [-6.09576333e-01 -5.39111301e-01 -2.59480181e-01  4.30630040e-02
  -6.75715700e-01  9.47330757e-01  7.08055054e-01 -8.84568055e-01
   1.95854656e-01 -2.68249047e-01  3.79818850e-01  2.22916534e-01
   1.34014327e+00 -7.54789627e-01  2.26138571e-01  1.93718014e-01
   6.07103466e-01  1.13670973e-01 -3.49974925e-01  5.67217353e-01]
 [-4.64427058e-01 -5.57638849e-01  1.43680292e+00  4.20075685e-01
  -9.46162296e-01 -1.10756566e+00 -1.35193171e+00  1.14874368e+00
  -6.58361972e-01 -4.63982537e-01  8.97330454e-01  1.06886931e+00
   9.75737860e-01 -1.32099643e+00 -4.99716842e-01 -3.17838379e-01
   2.62211572e-01  8.03833541e-01  8.51103629e-01  6.79847365e-01]
 [ 8.30134346e-01 -7.80363438e-01  5.06508162e-01 -6.58838774e-01
  -2.02904434e-02 -7.83473798e-01  5.74818247e-01  7.14055568e-02
   5.02398073e-01  1.38543189e+00 -3.26308610e-02 -7.17642813e-01
   4.29321975e-01 -1.41225490e-01 -8.33287276e-01  5.76328023e-01
  -7.50504235e-01  1.89942863e+00 -3.94295156e-01  1.20489120e+00]
 [ 1.44108433e+00 -1.39908385e+00 -1.72472748e-01 -6.49116235e-01
   7.61192373e-02 -9.34790992e-01  2.75830506e-02 -3.96053369e-01
   1.08061145e+00 -6.07535610e-01  4.48188632e-01 -7.80248162e-01
   1.68641089e-01  2.10207082e-01 -2.26402887e-01  6.46095139e-01
  -7.16445834e-01  4.65227938e-01  2.06745823e+00  3.64972322e-01]
 [-1.06857080e+00 -3.11961843e-01 -3.90738599e-01 -6.92671081e-01
   6.79810525e-01 -1.17994637e+00 -6.06465532e-01 -4.07578929e-01
   3.98503960e-01 -5.97459098e-01 -4.43041474e-01 -9.17100333e-02
   1.05790206e+00  1.85065263e+00  8.55954722e-01  8.78990890e-01
  -1.04601802e+00 -3.60958905e-01 -4.37440427e-01 -4.15870714e-01]
 [ 3.81157110e-01  5.92974534e-01 -6.81741616e-01  4.55667151e-01
  -3.81888157e-01 -1.19055189e+00  2.04872772e-01 -7.23318277e-02
   7.19500783e-01 -1.09653032e+00 -4.72660512e-01  9.29317037e-02
   2.51205281e-02 -9.13267245e-01  3.61514176e-01  6.51780935e-01
   2.72066335e-01 -6.40371807e-01 -1.48436641e+00  2.07281423e-01]
 [ 7.25487001e-01 -1.17264326e+00 -1.05185268e-03 -3.82458265e-01
  -4.14014326e-01  6.49344743e-01  1.52682247e+00  2.80062829e-01
   5.35671322e-01  1.57805228e+00 -2.22804247e-01 -1.66612681e-01
   8.46619199e-01  1.51454096e-01  8.93314752e-01 -1.34699796e+00
  -9.65699452e-01  1.23944994e+00  3.68244341e-01 -1.52446603e+00]
 [ 2.11912511e-01  4.89389354e-01  9.12748154e-01  6.99227219e-02
   1.01379257e+00 -6.23097661e-01  1.24823772e+00 -1.32098654e-02
   8.26042628e-02  4.45958772e-01  4.93592021e-01  6.16145871e-01
  -9.82326719e-01 -2.67779917e-01 -6.55925433e-01  1.33959500e+00
  -4.28432174e-01 -6.73972195e-01  6.22347305e-03  1.51106055e-01]
 [-6.22879183e-01 -1.21308254e-01 -8.13697041e-02 -3.27709079e-01
  -5.80884857e-01 -9.42161029e-01  3.30870559e-01 -4.94432052e-01
   5.34294139e-01  6.40113238e-01 -6.96220954e-01 -2.30680130e-01
   1.76255238e-01  1.26837596e+00 -2.44029705e-01 -1.09257685e+00
  -6.22582947e-01  3.94046779e-01  1.08788427e+00  9.14844536e-01]
 [-4.12668690e-02 -1.58236064e+00  6.07162963e-01  9.73655612e-01
   7.34870004e-01  7.81199426e-01 -2.10532679e-01  8.07837532e-01
  -4.46568085e-01 -9.55606788e-01 -1.64172322e-01 -1.30728890e+00
   1.32957768e+00  5.09806765e-01 -7.35689411e-01 -6.12563424e-01
  -3.72098855e-01 -4.42930537e-02  5.58790654e-01  4.86637360e-01]
 [ 8.41958389e-01  3.97366690e-01 -5.07581641e-01  6.49928659e-01
  -3.59174477e-01 -8.18263272e-01 -2.09603951e-01  7.01740511e-02
  -1.94846173e-01 -9.96189883e-01 -1.74860584e-01  3.92523593e-01
  -7.92974154e-01  1.83616763e-01 -2.80733246e-02 -1.10330283e+00
  -5.64303726e-01 -1.23859282e-01 -6.30655557e-01  3.94754975e-02]
 [-3.01327374e-01 -2.95819594e-01 -2.26172387e-02 -5.13423566e-01
   2.29545428e-01 -1.15976161e+00 -8.14484638e-01  5.56275199e-01
  -4.25082850e-01  9.13208956e-02 -1.12535408e-01 -3.76639133e-01
   4.15424228e-01 -5.56438884e-01 -8.68996839e-01 -4.85887606e-01
   7.15991839e-02 -9.32517456e-01 -1.73781021e+00  9.84555969e-01]
 [ 1.97183722e-03 -3.75087587e-01  8.72336358e-01  2.78511983e-01
   1.60533530e-01  6.51581233e-01 -4.23504340e-01 -1.10854676e+00
   1.44166322e-01  6.60631669e-01 -1.21114889e+00  1.26544682e-01
   1.46653136e+00 -3.99886586e-01 -2.90192556e-01 -1.26117006e+00
   7.39160042e-01  5.14098281e-01  4.61184798e-01  2.84890436e-01]
 [ 5.37807335e-01 -9.62272146e-01  2.93371800e-01  8.43018268e-01
  -2.99342983e-01 -1.10041059e+00 -1.00087101e-01  1.42143451e+00
  -2.91992977e-02  5.84742948e-01 -1.75239565e-01  2.74648775e-01
  -9.84496440e-01  3.39856813e-01  3.07533903e-01  9.17022318e-01
  -2.01487919e-01 -6.70238807e-01 -2.96194721e-01  4.16324857e-01]
 [ 1.56301083e+00 -2.78626768e-02  6.70529276e-01 -6.19828740e-02
  -8.55991294e-01 -1.23144178e+00 -6.20421521e-01  8.06838705e-01
  -8.66593012e-01 -8.17218855e-01  5.53367867e-01  3.35214788e-01
   3.18693743e-01 -1.86680083e-01  5.88959029e-01  1.13450312e+00
  -3.17645906e-01 -3.33529063e-01 -1.28126811e-01 -8.24010718e-01]
 [-6.16568038e-01 -1.06600454e+00  5.48878343e-01  8.93253732e-02
  -7.43067300e-01 -3.14941683e-01 -5.64950413e-01 -1.66246058e+00
  -2.22934663e-01 -2.36217570e-01 -4.62199287e-01  3.43289913e-01
   1.58891939e-01  2.00766089e-01  8.07037305e-01 -3.56238212e-01
  -1.64675432e-01  6.47540442e-01  6.17533652e-01 -1.36486636e+00]
 [ 6.71017140e-01 -5.58999226e-01  6.19723631e-01  6.49862645e-01
  -9.83520950e-01 -2.14873897e-01  3.39944605e-01 -2.82498097e-01
  -1.04038946e+00 -1.13085101e+00 -5.74347015e-01  3.84261326e-01
  -1.75120384e-01 -4.03469992e-01 -9.92267352e-01 -2.18141439e-01
  -1.41833926e-01  1.67533924e-01  2.36685632e-01 -6.54426370e-01]
 [-4.59481514e-01  7.42772981e-01  1.16185290e+00  9.47132772e-01
   4.25754480e-01 -2.99341409e-01 -6.96873671e-02 -5.89865438e-01
  -2.44912153e-01 -3.75615621e-01 -8.47174801e-01  2.11186011e-01
   1.32500052e-01 -5.86868149e-01  4.09964155e-01  8.33316978e-01
  -1.65086348e-02  1.26273042e+00 -7.50952766e-01  4.53305968e-01]
 [ 2.64603004e-01  1.02038560e-01 -6.08287554e-01 -5.43313640e-01
  -1.33999150e+00 -1.11957218e-01  2.91162473e-01 -4.20951622e-01
  -6.59467711e-04 -1.25347503e+00 -4.00972253e-01  3.90088803e-01
  -4.61612384e-01  4.94618261e-02 -1.27889986e+00 -1.74155037e-01
  -7.72595757e-01  3.33033952e-01  6.39688078e-01  5.28687059e-01]
 [ 1.46412321e+00 -7.74641610e-03  3.85555615e-01  3.57482432e-02
  -2.87987562e-01 -1.10970596e+00  1.42781932e-01  9.42973675e-01
  -7.38409942e-01  9.79692334e-01 -3.92462512e-02 -2.97389213e-01
  -6.88040814e-01 -3.81094883e-01  9.07346231e-01  5.20990299e-01
   3.14556481e-01  1.51663724e+00 -6.39402298e-03  1.50664951e-01]
 [ 9.40372038e-01  5.66095274e-01  4.91824739e-01  7.53534409e-01
  -4.19001681e-01 -4.57418079e-01 -1.63470853e+00 -1.30031155e+00
   2.46022060e-01  1.43385415e-01 -5.60889173e-01  1.22119736e+00
   1.21229700e+00 -4.81492310e-01 -2.46614817e-01  8.48505654e-01
  -6.60989148e-01  6.19051755e-01 -4.73947540e-01  2.66839330e-02]
 [-5.48561288e-02  5.63472536e-01 -9.31971219e-02 -3.45638871e-02
  -5.02938302e-01 -5.59785828e-01 -5.59152874e-01  4.61099363e-02
   4.25638916e-01 -9.09178331e-01  6.28828055e-02 -6.16056357e-01
   3.00925807e-01 -3.69108311e-01 -2.75129346e-02  2.63838822e-01
   6.28422109e-01  5.17230344e-01 -1.23211223e+00 -2.64864132e-01]
 [ 1.04003480e+00 -1.30529087e+00 -3.52397287e-01 -5.16737163e-01
  -1.15626502e+00 -1.39726698e+00 -2.58909256e-01  6.83429441e-01
   5.52930981e-01  6.77973762e-01 -1.83937462e+00 -8.40413784e-01
   4.39509694e-01  5.08638409e-01  3.78277308e-01 -7.33929307e-01
   2.91669623e-01  1.15971272e+00  4.24710989e-01  9.22363807e-01]
 [ 1.35187162e+00 -1.03986734e+00 -1.59606955e-01  1.99464087e-01
   2.83186818e-01 -3.51830718e-02 -1.35759268e-01 -3.26573373e-02
  -1.05158367e+00 -8.79051654e-01 -4.77057300e-01 -8.16645900e-01
  -9.97794899e-01  5.13337790e-02 -1.73189270e-01 -9.76414744e-01
  -1.95241939e-01 -7.26055092e-01 -1.32397175e+00 -4.95253747e-02]
 [-7.51766124e-01  1.10348146e+00  8.43378936e-01 -6.86959755e-01
  -7.74523021e-01  1.05840633e+00  5.37446088e-01  7.32321975e-01
   1.09316041e+00  3.00510731e-01  3.53989463e-01 -4.33275700e-01
  -1.10634452e-01  2.92422047e-01 -6.20072693e-01  6.26067602e-01
  -3.00920436e-01 -2.24764414e-01  3.21218751e-01  7.19804268e-01]
 [ 4.08777309e-01 -9.47792915e-01 -1.20609603e+00 -7.47256415e-01
  -9.36709682e-01  1.84725294e-01  1.05077793e+00  1.03674298e+00
   1.35598287e+00  6.31132040e-01  2.54173042e-01  4.98890164e-01
  -2.54767276e-01 -1.13764313e-01 -9.26864356e-01  9.15108951e-02
   4.37276810e-04  1.25407768e-01  6.34183469e-01  1.35321714e+00]
 [ 1.03341019e+00  5.21226684e-01  2.26064259e-01 -6.58830042e-01
  -1.14693657e+00  1.13866447e+00 -5.87643683e-03 -3.37836067e-01
   5.82780294e-01  1.24417443e+00 -2.02892173e-02  6.37649278e-01
   8.90995225e-01  1.82803720e-01  7.68185084e-01  9.08993507e-01
  -1.08693073e+00  9.93908174e-01  2.52445943e-02 -9.95450846e-02]],[[-0.42548446  0.68626063 -0.08546754 -0.76265118 -0.04289075  0.43789029
   1.53133309  0.79591767  1.04276653 -1.27504094  1.86929992  0.17887575
   0.53508379  1.11660893 -0.47428659  0.51841836]
 [ 0.53210088 -0.24503692  0.00367532  0.57760218 -1.04457407 -0.27564617
  -0.5832666   0.20848335 -0.82607291 -0.30818998  0.48607137  0.84738258
   0.2492811   2.06128085 -0.39326914 -0.70419433]
 [ 0.88619267 -0.11279272 -1.63664683 -1.01243567  0.22931864 -0.22026849
   0.07591144 -0.16760225 -0.21878165 -0.70917171 -0.33625906 -1.21995481
   0.89027232  0.92544742 -0.58508197  0.27469878]
 [-0.13480639  0.60432247  1.20543466  0.20384876 -0.32286046 -0.98074266
   0.21700047 -0.13005449  1.4486146  -2.61301498 -0.91258781  0.13930698
   1.03029714 -0.49894472  0.92676362 -0.12822006]
 [-0.80296121  0.78229092  0.31263105 -0.61517486 -0.2478988   0.43568607
  -0.68067507  2.19641891  0.6828884   0.18543651 -0.34860259 -0.33820967
   1.01078622  2.02271606 -2.1813963  -1.03895833]
 [ 1.03063151  1.64369736  1.27930821 -0.00683715  1.67752314  0.21690275
  -0.65441356 -0.12776342  0.81626761  1.08573997  1.49880066  0.37088409
  -1.29124379  0.0908811  -0.15685709 -0.6310686 ]
 [ 0.65407051 -0.51905329  0.35682618  0.53077209  0.62084233  0.34424784
   1.18233582  0.95990068  1.07670751  0.52770647  0.3770077  -0.23656492
   0.8132404   0.35470171 -0.48475186  0.085038  ]
 [-1.48800117 -0.01493643  0.06840138  0.16074207 -0.85413485 -0.24811111
   0.61813458 -0.65836772 -1.35818501  0.20444859 -0.30585014  0.23549414
   0.56904071 -0.08164065  0.28023098 -0.13553649]
 [ 0.19380048  0.92400942 -0.04744613  0.24704716  1.20482116  0.48217172
  -0.22171636 -0.47889632 -0.64227798  1.10072386 -0.2118095  -1.00466978
   0.53561903 -0.90947778 -0.26918541  0.57329763]
 [ 0.13204442  0.40959057  0.17876143 -0.25512972 -0.41549799  0.15767834
   1.38998773  0.74590825  0.17729889 -1.06909895 -0.07287177 -1.04719142
  -0.06062389  0.01090763  0.13825916 -1.25590748]
 [ 0.05099272  0.81723966  0.22221147 -0.46894047 -1.3419631  -0.0154146
   0.9055671  -0.55619892 -0.15651569 -0.61614548  1.18833491  0.78925846
  -0.47443316 -0.60745232 -0.39391987 -0.50997549]
 [-0.48048215  0.20281763  0.51101845  0.85077269 -0.59975083 -0.34480357
  -0.19688552  0.40817374 -1.2710833   0.74699746  0.17183706  1.41237373
  -0.21897493  0.03554652  0.00728979 -0.46719422]
 [-0.08231086 -1.4101754  -1.70670065  0.6279491   0.33665652 -0.3382614
   0.07426357 -0.97669079 -0.20970541  1.13024883  0.06907345  0.71658334
  -0.37572337  0.27518327  1.06807738 -0.73929874]
 [ 0.52469191  0.29696741 -0.26437608 -0.51842017 -0.38188662  0.95709587
   0.91849869  1.00700573 -0.06403174 -1.12659338  0.17556146  0.1526402
  -0.91316541 -1.25145242  0.33484409 -1.7281421 ]
 [ 1.1327388  -1.3504697   0.3050851  -1.50048897 -0.20057985 -1.03736631
  -0.26275499 -0.47503867 -1.18516798 -0.68436658  1.53997121 -0.83875909
  -1.01907019  0.12568096  0.16519405  1.73365002]
 [-0.36284224  0.06572576  0.15973382 -0.37756512  0.7541772   0.29946604
  -0.51002089  1.35553468 -0.79413819  0.16900187  0.45750099  0.2547284
  -0.76022527  1.3534512   0.33961858  1.02866343]
 [ 0.27374755  0.08859972  2.36273536  0.22624213  0.72480057  0.04010779
   0.17889792 -0.21957168  0.95826309 -1.03586187 -0.40293719 -0.49333689
   0.97333752  0.10620264  0.3203782   0.65123853]
 [ 1.25146984 -1.90292525  0.27254531  0.51840867 -0.40544576  0.85019028
  -0.34231181 -0.38342768 -0.11559515  1.0528814  -0.6876381   1.05512034
  -0.01689641 -0.38195205 -0.12597182  1.07244867]
 [-1.55228383  0.30819069 -0.22912468 -1.76517271  0.64613034 -0.86923461
  -0.72390429 -0.03728175  1.31314189  0.27914035 -0.48250478  1.12478216
  -0.63312016 -0.96013025 -1.5766859  -0.23878699]
 [-0.27525793  0.54847373  0.43039498 -0.55859478 -0.24915742 -0.69782069
  -0.15698897 -0.38190858 -0.2097307  -2.29385756 -0.96878567 -0.12176529
   0.06752465  1.36735322  1.18909233  0.47130676]]