[[-3.71399301e-01 -7.50294093e-01  6.61944154e-02  1.01585775e+00
  -8.91230613e-01 -6.70837973e-01  1.86685887e-01  8.71632849e-01
  -1.08879168e+00 -2.61009607e-01 -3.56846591e-01 -2.91423280e-01
   1.03492262e+00 -6.92934968e-01  3.48340635e-02 -8.03678917e-01
   2.48932546e-01 -1.39787313e+00  5.47151979e-01 -4.86735911e-03]
 [-3.02222097e-01  3.24020392e-01  6.27728589e-01  4.48093855e-01
   2.03062820e-01  1.35640437e-01 -9.32797043e-01 -1.52188400e-01
   6.23347500e-01 -4.64305163e-01  1.21450400e+00 -7.37775571e-01
   1.12635476e-01 -1.00783183e+00 -1.13165630e-01  4.42376210e-01
  -5.92000135e-01 -3.18995125e-02 -5.13764524e-01  3.96769727e-01]
 [ 4.06326356e-01 -5.10771469e-01  1.04304128e+00 -5.09122619e-01
  -1.07420475e+00 -3.84465608e-01 -2.73327359e-01 -4.01468527e-01
   1.38813672e+00 -1.02199999e+00 -6.90618481e-01 -1.73689635e-01
  -6.27820416e-01 -4.72114978e-01 -8.78868595e-01  1.30255440e+00
  -7.42202527e-01 -3.17373277e-01  9.70467802e-01 -2.19580454e-01]
 [ 5.25530745e-01  2.78460210e-01 -9.47269547e-01 -8.24292034e-01
  -1.14389691e+00  2.98805744e-02 -1.46366045e-01  6.51576931e-01
  -6.70300205e-01  9.64455343e-01  1.75468965e+00  4.53477886e-01
  -1.49730322e-01  6.43756392e-01  1.35355813e+00 -7.39654919e-01
  -6.18050281e-01  5.78081119e-01 -5.36813654e-01 -6.90197805e-02]
 [-4.93377886e-01 -3.08665301e-02 -2.93529809e-01  1.12148761e+00
   1.69602609e-01  4.28972798e-01 -3.34253238e-02  9.66841890e-01
   6.40590582e-01 -7.27937941e-01 -9.95669620e-01  6.54053256e-01
  -1.12146616e+00 -1.37306619e+00  1.26283405e+00 -2.77514963e-01
   3.91456660e-01 -4.14327022e-01 -1.61281570e-01 -6.33094607e-01]
 [ 7.79231630e-02 -7.32796282e-01  4.44779376e-01 -8.70961976e-01
   9.41538528e-01 -4.67171876e-01 -5.20841555e-01  4.19884979e-02
   1.57138983e+00  4.34633113e-01  8.91479025e-02  2.08238410e-01
   1.10052584e+00 -1.28300725e+00 -1.25869645e+00 -7.91968554e-01
   7.59646756e-01 -4.22589681e-01 -7.90232089e-01  3.08013153e-01]
 [-8.70173511e-01 -2.26025214e-01  6.86853496e-01 -3.77599264e-01
  -9.89259072e-02  4.51362235e-01 -7.27127845e-01  1.24602667e+00
  -1.05130035e+00 -4.74491313e-01  1.42754421e-01  1.17059533e+00
  -8.80041400e-02  6.54322832e-01 -4.66461629e-02 -7.14332034e-01
  -2.25280172e-01  9.40111552e-01 -7.97649539e-01  4.75984158e-01]
 [ 1.71675274e-01 -2.97847901e-01 -2.37517631e-01  1.33473604e+00
   6.20965184e-01 -3.68180950e-02  7.09883676e-01 -2.64814069e-01
  -1.97764424e-02 -6.35766035e-01 -8.79458506e-01  4.07279804e-01
   7.92440046e-01 -1.18174751e+00 -3.71594596e-01 -5.23604984e-01
  -8.27942168e-01 -5.23871874e-01  1.18619826e+00  2.21194850e-01]
 [-3.76950530e-01  1.02514908e+00  6.25463549e-01  5.58916761e-01
   8.15583485e-01 -1.79170273e+00 -7.56953278e-02  1.30756191e-02
   6.39247992e-01  1.05454959e+00 -4.09046726e-01 -2.50240511e-01
   6.18765531e-01 -6.87672766e-01 -5.94533748e-01  7.82131935e-01
   2.77646717e-01  1.65952134e+00  7.84414994e-03  1.18420116e-01]
 [-6.09576333e-01 -5.39111301e-01 -2.59480181e-01  4.30630040e-02
  -6.75715700e-01  1.22236191e+00  7.17193179e-01 -8.84568055e-01
   1.95854656e-01  2.30193453e-01  5.86088015e-01  2.22916534e-01
   1.34014327e+00 -7.54789627e-01  2.26138571e-01  1.93718014e-01
   2.00557609e-01  3.86339531e-01 -3.49974925e-01  5.67217353e-01]
 [-4.64427058e-01 -5.57638849e-01  1.43680292e+00  6.04170056e-01
  -9.46162296e-01 -6.75517403e-01 -1.35193171e+00  1.14874368e+00
  -7.07242130e-01 -7.45801382e-01  8.97330454e-01  5.79652296e-01
   9.75737860e-01 -1.72121608e+00 -1.02773681e-03  1.54038530e-01
   2.62211572e-01  8.03833541e-01  8.51103629e-01  6.79847365e-01]
 [ 8.30134346e-01 -7.80363438e-01  5.06508162e-01 -6.58838774e-01
  -2.02904434e-02 -7.83473798e-01  5.74818247e-01  7.14055568e-02
   5.02398073e-01  1.38543189e+00 -3.26308610e-02 -4.19864748e-01
   4.29321975e-01 -1.18672737e-01 -8.33287276e-01  5.76328023e-01
  -7.50504235e-01  1.89942863e+00 -3.94295156e-01  1.20489120e+00]
 [ 1.45410950e+00 -1.39908385e+00 -1.72472748e-01 -5.43353514e-01
   7.61192373e-02 -9.34790992e-01  2.75830506e-02 -3.96053369e-01
   1.08061145e+00 -8.14381484e-01  4.48188632e-01 -6.85065533e-01
   1.68641089e-01  2.10207082e-01 -2.26402887e-01  6.46095139e-01
  -3.78665263e-01  4.65227938e-01  2.06745823e+00  6.92811030e-01]
 [-1.06857080e+00  1.94926127e-02  3.72945207e-02 -6.92671081e-01
   6.79810525e-01 -1.17994637e+00 -6.06465532e-01 -4.07578929e-01
   3.98503960e-01 -5.97459098e-01 -4.43041474e-01 -9.17100333e-02
   9.82073535e-01  1.56352254e+00  1.02666411e+00  8.59674564e-01
  -1.04601802e+00 -3.64875258e-01 -5.12332692e-01 -4.15870714e-01]
 [ 3.81157110e-01  5.92974534e-01 -6.81741616e-01  4.55667151e-01
  -3.39726405e-01 -1.19055189e+00 -1.73021130e-01 -7.23318277e-02
   3.46600163e-01 -1.09653032e+00 -4.72660512e-01  9.29317037e-02
   4.04023457e-01 -9.13267245e-01  3.61514176e-01  1.97381991e-01
   2.72066335e-01 -6.40371807e-01 -1.48436641e+00  2.07281423e-01]
 [ 7.25487001e-01 -1.17264326e+00 -1.05185268e-03 -3.82458265e-01
  -4.14014326e-01  8.70267812e-01  1.52682247e+00  6.43148685e-01
   5.35671322e-01  1.57805228e+00 -2.22804247e-01 -1.90388440e-01
   8.46619199e-01  1.51454096e-01  5.95795423e-01 -1.34699796e+00
  -5.88748853e-01  9.65725221e-01  3.68244341e-01 -1.15401580e+00]
 [ 2.11912511e-01  4.89389354e-01  4.31644832e-01  6.99227219e-02
   1.01379257e+00 -6.23097661e-01  1.24823772e+00 -1.32098654e-02
   8.26042628e-02  4.45958772e-01  4.93592021e-01  6.16145871e-01
  -9.82326719e-01 -2.67779917e-01 -6.55925433e-01  8.60707386e-01
  -4.28432174e-01 -6.73972195e-01  6.22347305e-03  1.51106055e-01]
 [-6.22879183e-01 -1.21308254e-01 -2.62403098e-01 -3.27709079e-01
  -5.80884857e-01 -9.42161029e-01  6.00714554e-02 -4.94432052e-01
   5.34294139e-01  6.40113238e-01 -6.96220954e-01  1.73447552e-01
   1.76255238e-01  1.27725247e+00 -8.98650387e-02 -1.62448610e+00
  -6.22582947e-01  3.94046779e-01  1.08788427e+00  9.14844536e-01]
 [-4.12668690e-02 -1.50607805e+00  6.07162963e-01  1.46008668e+00
   1.06435439e+00  7.81199426e-01 -2.10532679e-01  8.07837532e-01
  -4.46568085e-01 -6.46926974e-01 -1.64172322e-01 -8.28513366e-01
   9.81271317e-01  5.09806765e-01 -4.50707294e-01 -1.04080650e+00
  -3.72098855e-01 -4.42930537e-02  6.69523204e-02  4.86637360e-01]
 [ 7.04466455e-01  3.97366690e-01 -3.08002555e-01  6.49928659e-01
  -3.59174477e-01 -8.18263272e-01 -2.09603951e-01  7.01740511e-02
  -1.94846173e-01 -9.96189883e-01 -1.74860584e-01  3.67631438e-01
  -5.35035445e-01  1.83616763e-01  3.60638900e-03 -1.10330283e+00
  -5.81298439e-01 -1.23859282e-01 -6.30655557e-01  3.94754975e-02]
 [-3.01327374e-01 -2.95819594e-01  2.69483871e-01 -5.13423566e-01
   2.29545428e-01 -7.41623162e-01 -8.14484638e-01  1.07513138e-01
  -4.25082850e-01  9.13208956e-02 -1.12535408e-01 -3.76639133e-01
   7.80602519e-01 -5.56438884e-01 -8.68996839e-01 -2.79152445e-01
   7.15991839e-02 -9.32517456e-01 -1.73781021e+00  9.84555969e-01]
 [ 1.97183722e-03 -3.75087587e-01  8.72336358e-01  2.78511983e-01
   1.60533530e-01  6.51581233e-01 -4.23504340e-01 -1.10854676e+00
   4.63531473e-01  6.60631669e-01 -1.21114889e+00  1.26544682e-01
   1.46653136e+00 -3.99886586e-01 -2.90192556e-01 -1.26117006e+00
   7.39160042e-01  5.14098281e-01  4.61184798e-01  2.84890436e-01]
 [ 1.23244139e-01 -9.62272146e-01  2.93371800e-01  8.43018268e-01
  -2.99342983e-01 -1.10041059e+00 -9.86096906e-02  1.42143451e+00
  -2.91992977e-02  5.84742948e-01 -1.75239565e-01  2.74648775e-01
  -1.12382302e+00  5.42083616e-01  3.07533903e-01  9.17022318e-01
  -2.01487919e-01 -6.70238807e-01 -2.61288493e-01  2.26063477e-01]
 [ 1.23720810e+00 -2.78626768e-02  6.70529276e-01 -4.55526697e-01
  -8.05294443e-01 -1.23144178e+00 -6.20421521e-01  8.06838705e-01
  -8.66593012e-01 -8.17218855e-01  6.61941108e-01  3.35214788e-01
   3.18693743e-01 -1.86680083e-01  5.88959029e-01  1.13450312e+00
  -3.17645906e-01 -3.33529063e-01 -1.28126811e-01 -8.24010718e-01]
 [-6.16568038e-01 -1.06600454e+00  7.15376665e-01  1.26746502e-01
  -7.43067300e-01 -3.14941683e-01 -5.64950413e-01 -1.66246058e+00
  -2.22934663e-01 -2.36217570e-01 -4.62199287e-01  3.43289913e-01
   1.58891939e-01  2.00766089e-01  8.07037305e-01 -3.56238212e-01
  -1.64675432e-01  6.47540442e-01  4.72002690e-01 -1.36486636e+00]
 [ 3.77578146e-01 -5.58999226e-01  6.19723631e-01  6.49862645e-01
  -9.83520950e-01 -2.14873897e-01 -6.74228601e-02 -2.82498097e-01
  -1.04038946e+00 -1.14460294e+00 -5.74347015e-01  4.29709225e-02
  -1.64352701e-01 -4.03469992e-01 -7.64514260e-01 -2.18141439e-01
  -1.41833926e-01  1.67533924e-01  2.36685632e-01 -6.54426370e-01]
 [-4.59481514e-01  6.86462440e-01  7.29012218e-01  9.47132772e-01
   4.25754480e-01 -2.94824047e-01  8.08151928e-02 -5.89865438e-01
  -2.44912153e-01 -3.75615621e-01 -8.47174801e-01  2.11186011e-01
   1.32500052e-01 -5.86868149e-01  4.09964155e-01  8.33316978e-01
   2.82121253e-01  7.88749719e-01 -7.50952766e-01  3.53847434e-01]
 [ 2.64603004e-01  1.02038560e-01 -6.08287554e-01 -5.43313640e-01
  -1.33999150e+00 -3.13948985e-01  2.91162473e-01 -4.20951622e-01
  -1.57092057e-01 -1.72825512e+00 -4.00972253e-01  3.90088803e-01
  -4.61612384e-01  4.94618261e-02 -1.27889986e+00 -1.74155037e-01
  -7.72595757e-01  3.33033952e-01  6.39688078e-01  1.75476699e-01]
 [ 1.46412321e+00 -7.74641610e-03  3.85555615e-01  3.57482432e-02
  -2.87987562e-01 -1.10970596e+00  1.42781932e-01  1.21805369e+00
  -7.38409942e-01  9.79692334e-01 -3.92462512e-02 -2.97389213e-01
  -6.88040814e-01 -3.81094883e-01  9.07346231e-01  4.01519294e-01
   3.14556481e-01  1.51663724e+00  1.12487334e-01  1.50664951e-01]
 [ 9.40372038e-01  5.66095274e-01  7.35773676e-01  7.53534409e-01
  -4.19001681e-01 -4.57418079e-01 -1.63470853e+00 -1.30031155e+00
  -1.09716387e-01  1.43385415e-01 -5.60889173e-01  1.22119736e+00
   1.21229700e+00 -1.49530191e-01 -2.46614817e-01  8.48505654e-01
  -6.60989148e-01  4.92017282e-01 -4.73947540e-01 -3.47567387e-01]
 [-5.48561288e-02  4.63045288e-01 -9.31971219e-02 -3.45638871e-02
  -5.02938302e-01 -3.51631265e-01 -5.59152874e-01  4.61099363e-02
   4.25638916e-01 -9.09178331e-01  6.28828055e-02 -6.16056357e-01
   3.00925807e-01 -3.69108311e-01 -2.75129346e-02  2.63838822e-01
   6.28422109e-01  1.12510226e-01 -1.23211223e+00 -3.77562835e-01]
 [ 1.04003480e+00 -1.30529087e+00 -3.50360670e-01 -5.16737163e-01
  -9.87001242e-01 -1.39726698e+00  1.79834992e-01  6.83429441e-01
   5.52930981e-01  6.77973762e-01 -1.83937462e+00 -8.40413784e-01
   4.39509694e-01  5.08638409e-01  3.78277308e-01 -6.60278459e-01
   2.89876679e-01  1.15971272e+00  4.24710989e-01  9.22363807e-01]
 [ 1.35187162e+00 -1.03986734e+00 -1.59606955e-01  1.99464087e-01
   1.42051332e-01 -4.97842710e-01 -2.83021230e-01 -3.26573373e-02
  -1.05158367e+00 -8.79051654e-01 -4.77057300e-01 -1.02540357e+00
  -2.21781684e-01  5.13337790e-02 -1.73189270e-01 -9.76414744e-01
  -1.95241939e-01 -7.26055092e-01 -1.32397175e+00 -4.95253747e-02]
 [-3.34935122e-01  1.10348146e+00  8.43378936e-01 -6.86959755e-01
  -7.74523021e-01  1.54600627e+00  5.37446088e-01  7.32321975e-01
   1.09316041e+00  3.00510731e-01  3.53989463e-01 -4.33275700e-01
  -1.10634452e-01  2.92422047e-01 -6.20072693e-01  6.26067602e-01
  -1.91088640e-01  2.79711061e-02  3.21218751e-01  7.19804268e-01]
 [ 7.79604607e-01 -4.92934871e-01 -1.20609603e+00 -7.47256415e-01
  -8.69343354e-01  1.84725294e-01  9.71756542e-01  1.03674298e+00
   1.35598287e+00  5.30647485e-01  2.54173042e-01  4.98890164e-01
  -2.54767276e-01 -1.13764313e-01 -7.42075160e-01  9.15108951e-02
  -5.49777630e-01  1.25407768e-01  6.34183469e-01  7.48787381e-01]
 [ 1.03341019e+00  5.21226684e-01  5.87986618e-01 -8.67246172e-01
  -1.14693657e+00  1.13866447e+00 -5.87643683e-03 -1.87597393e-02
   5.82780294e-01  1.24417443e+00 -2.02892173e-02  7.34196701e-01
   8.90995225e-01  1.82803720e-01  4.54915565e-01  1.30774654e+00
  -1.08693073e+00  9.72602082e-01 -1.38023715e-01 -1.32165562e-01]],[[-0.42548446  0.68626063 -0.08546754 -0.58865225 -0.21635549  0.43789029
   1.53133309  0.41846045  1.04276653 -1.50779072  1.86929992 -0.31179105
   0.53508379  0.63209011 -0.47428659  0.51841836]
 [ 0.72480554 -0.24503692  0.25361097  0.70229653 -1.04457407 -0.27564617
  -0.30017251  0.20848335 -1.27585242 -0.30818998  0.48607137  0.84738258
   0.74256521  2.06128085 -1.43669771 -0.70419433]
 [ 0.85120198 -0.11279272 -1.63664683 -1.01243567  0.22931864 -0.02130546
   0.07591144 -0.09822504 -0.21878165 -0.70917171  0.14726431 -0.4335972
   0.80978976  0.71949001 -0.10163659  0.27469878]
 [ 0.19907446  0.60432247  1.25487709  0.20384876 -0.32286046 -0.98074266
   0.14410385  0.24086587  1.4486146  -2.61301498 -0.91258781  0.13930698
   1.03029714 -0.49894472  0.89674028  0.0189522 ]
 [-0.59999583  0.57427358  0.31263105 -0.90104417 -0.2478988   0.4051488
  -0.68067507  2.19641891  0.39719634  0.18543651 -0.34860259 -0.27031717
   0.72244887  1.78408576 -2.49611524 -0.5535113 ]
 [ 1.03063151  1.63918158  0.93446998  0.16878817  1.67752314  0.21690275
  -0.65441356 -0.12776342  0.94828217  0.75231678  1.49880066  0.38609322
  -1.09996363 -0.1052299  -0.15685709 -0.26788546]
 [ 0.65407051 -0.51905329  0.61813367  0.39276579  0.43154857  0.34424784
   1.18233582  1.29379404  1.60392507  0.9390311   0.3770077  -0.25121933
   0.47611907  0.35470171 -0.51910858  0.15293268]
 [-1.48800117 -0.01493643  0.06840138  0.13230925 -0.43032158  0.12046324
   0.43149659 -0.65836772 -1.49049283  0.20444859 -0.30585014  0.23549414
   0.26644593 -0.08164065  0.37946785 -0.13553649]
 [ 0.24924785  1.34200936  0.32053227  0.02232218  1.20482116  0.48217172
  -0.22171636 -0.47889632 -0.94509043  1.26267298 -0.2118095  -0.85370815
   0.53561903 -0.90947778 -0.26918541  0.57329763]
 [-0.26690203  0.24150402  0.66032168 -0.25512972 -0.54294931  0.02969105
   1.41817135  0.74590825 -0.07436001 -1.06909895 -0.07287177 -1.2616273
  -0.06062389  0.25100421 -0.18136533 -1.519173  ]
 [-0.23248087  0.81723966  0.07646262 -0.49111831 -1.69984638 -0.14705667
   0.9055671  -0.55619892 -0.03147055 -0.63729903  0.94401338  0.78925846
  -0.47443316 -0.60745232 -0.39391987 -0.50997549]
 [-0.48048215  0.20281763  0.18859254  0.85077269 -0.59975083  0.26133208
   0.14176513  0.40817374 -0.94601018  1.18674408 -0.19406448  1.69329854
  -0.21897493  0.03554652  0.24085432 -0.84433041]
 [-0.08231086 -1.41494831 -1.70670065  0.6279491   0.40840956 -0.3382614
  -0.04092458 -0.97669079 -0.01456907  1.13024883  0.05007312  0.71658334
  -0.37572337  0.27518327  1.07417604 -0.73929874]
 [ 0.52469191 -0.03504563 -0.26437608 -0.43184356 -1.36641252  0.61472472
   0.91849869  1.00700573 -0.06403174 -1.12659338 -0.03146064  0.39610586
  -0.91316541 -1.19533735  0.33484409 -1.7281421 ]
 [ 1.45774553 -1.76502319  0.13750008 -1.50048897  0.05009473 -1.03736631
  -0.26275499 -0.7392477  -1.18516798 -0.44635253  1.91267415 -0.7359839
  -1.01907019  0.10784176  0.66979237  1.65507502]
 [-0.14815763  0.06572576  0.15973382 -0.55806426  0.7541772  -0.25271207
  -0.51002089  1.36086497 -0.67364614  0.16900187  0.45750099  0.2547284
  -0.90794137  1.3534512   0.33961858  1.02866343]
 [-0.35803446  0.08859972  1.96815399  0.22624213  0.72480057 -0.41233118
   0.17889792 -0.21957168  1.3403373  -1.05100152 -0.40293719 -0.18735582
   0.97333752 -0.35003488  0.3203782   0.65123853]
 [ 0.88557389 -1.90292525  0.17344289  0.51840867 -0.42790291  0.5261123
  -0.48861191 -0.28402733 -0.11559515  0.98462413 -0.6876381   1.3280703
  -0.01689641 -0.35569107 -0.63666079  1.41125703]
 [-1.69048035  0.30819069 -0.22912468 -1.46798264  0.63707599 -0.86923461
  -0.79141647 -0.03728175  1.35099128 -0.00770662 -0.77168191  1.12478216
  -0.65347664 -0.58482364 -1.4582794  -0.84281392]
 [ 0.01001099  0.87645974  0.43039498 -0.55859478 -0.24915742 -0.69782069
  -0.15698897 -0.41011949 -0.2097307  -1.96158338 -0.96878567 -0.12176529
   0.06752465  1.14613638  0.8105586   0.43521874]]