[[-3.71399301e-01 -7.22933185e-01  6.61944154e-02  1.01585775e+00
  -8.91230613e-01 -6.70837973e-01  1.89683844e-01  8.71632849e-01
  -7.14042325e-01 -2.61009607e-01 -3.56846591e-01 -2.91423280e-01
   1.03492262e+00 -1.02637043e+00  3.48340635e-02 -8.03678917e-01
   2.48932546e-01 -1.67555121e+00  5.47151979e-01 -4.86735911e-03]
 [-9.18799216e-02  4.15865437e-01  7.48076642e-01  4.45577821e-01
  -6.31937223e-02  1.35640437e-01 -9.32797043e-01 -1.52188400e-01
   4.53454285e-01 -4.64305163e-01  1.41296600e+00 -7.37775571e-01
   1.12635476e-01 -1.00783183e+00 -1.13165630e-01  4.42376210e-01
  -3.52983026e-01 -3.18995125e-02 -5.13764524e-01  3.96769727e-01]
 [ 4.06326356e-01 -5.10771469e-01  9.00459270e-01 -5.30908893e-01
  -1.20950786e+00 -3.84465608e-01 -4.23904683e-01 -4.01468527e-01
   1.38813672e+00 -9.91312096e-01 -6.90618481e-01 -3.97342416e-01
  -6.27820416e-01 -6.93546610e-01 -8.78868595e-01  1.30255440e+00
  -7.42202527e-01 -4.65502171e-01  9.70467802e-01  6.17301678e-01]
 [ 5.25530745e-01  2.78460210e-01 -9.47269547e-01 -1.20220823e+00
  -9.02792003e-01  2.98805744e-02 -3.27230129e-01  2.66861263e-01
  -6.70300205e-01  9.64455343e-01  1.37185972e+00  8.58768393e-01
   2.48472738e-02  5.23028256e-01  1.35355813e+00 -7.39654919e-01
  -1.90704888e-01  5.78081119e-01 -5.36813654e-01 -6.90197805e-02]
 [-4.93377886e-01  3.80802568e-02 -2.93529809e-01  1.25757210e+00
   1.69602609e-01  1.14287477e-01 -3.34253238e-02  9.66841890e-01
   6.40590582e-01 -7.27937941e-01 -9.95669620e-01  6.54053256e-01
  -1.12146616e+00 -1.37306619e+00  1.26283405e+00 -2.77514963e-01
   3.91456660e-01 -4.14327022e-01 -1.61281570e-01 -1.07155388e+00]
 [ 7.79231630e-02 -7.32796282e-01  2.64214990e-01 -8.70961976e-01
   9.41538528e-01  1.84020580e-02 -5.20841555e-01  4.19884979e-02
   1.57138983e+00  4.34633113e-01  8.91479025e-02  2.08238410e-01
   1.07997202e+00 -1.28300725e+00 -8.60810223e-01 -7.91968554e-01
   9.99379253e-01 -4.22589681e-01 -7.90232089e-01 -1.89262489e-01]
 [-9.19394755e-01 -2.90442296e-01  6.86853496e-01  1.07923629e-01
  -9.89259072e-02  5.46944477e-01 -7.27127845e-01  1.24602667e+00
  -1.05130035e+00 -4.74491313e-01  1.42754421e-01  1.17059533e+00
  -8.80041400e-02  6.54322832e-01 -2.15904854e-01 -7.35533015e-01
  -2.25280172e-01  1.03415857e+00 -7.97649539e-01  4.75984158e-01]
 [-1.69085282e-01 -2.97847901e-01  2.06059721e-01  1.33473604e+00
   6.20965184e-01  1.77513948e-01  8.96596696e-01 -2.64814069e-01
  -1.97764424e-02 -6.35766035e-01 -8.79458506e-01  4.07279804e-01
   7.92440046e-01 -1.60396031e+00 -3.71594596e-01 -5.23604984e-01
  -4.48406649e-01 -5.23871874e-01  1.18619826e+00  2.21194850e-01]
 [-3.62733426e-02  5.60425640e-01  6.25463549e-01  6.52347344e-01
   5.35160159e-01 -2.13825768e+00 -7.56953278e-02  1.30756191e-02
   2.33507530e-01  1.05454959e+00 -4.09046726e-01 -2.50240511e-01
   6.18765531e-01 -8.25996528e-01 -7.88117700e-01  7.82131935e-01
   2.77646717e-01  1.45365676e+00 -1.39562868e-01 -8.43790680e-01]
 [-6.09576333e-01 -5.39111301e-01 -2.59480181e-01  4.50069903e-01
  -6.75715700e-01  9.47330757e-01  7.17193179e-01 -8.84568055e-01
   3.16307423e-01  2.30193453e-01  3.79818850e-01 -1.99607581e-01
   1.34014327e+00 -7.54789627e-01  2.26138571e-01  1.93718014e-01
   2.00557609e-01  1.13670973e-01 -3.49974925e-01  5.67217353e-01]
 [-4.64427058e-01 -5.57638849e-01  1.34113791e+00  4.20075685e-01
  -9.46162296e-01 -6.75517403e-01 -1.35193171e+00  1.14874368e+00
  -5.75677731e-01 -4.63982537e-01  8.97330454e-01  5.79652296e-01
   1.09422588e+00 -1.32099643e+00  2.37843680e-01 -3.17838379e-01
   2.62211572e-01  8.03833541e-01  8.51103629e-01  6.79847365e-01]
 [ 8.30134346e-01 -7.80363438e-01  3.70325966e-01 -6.58838774e-01
  -2.02904434e-02 -7.83473798e-01  5.74818247e-01  7.14055568e-02
   5.02398073e-01  1.38543189e+00 -3.26308610e-02 -4.19864748e-01
   4.29321975e-01  1.59244391e-01 -8.33287276e-01  5.76328023e-01
  -7.50504235e-01  1.89942863e+00 -3.94295156e-01  1.20489120e+00]
 [ 1.25384277e+00 -1.39908385e+00 -1.72472748e-01 -5.43353514e-01
   7.61192373e-02 -1.10194239e+00  2.75830506e-02 -3.96053369e-01
   1.57036021e+00 -6.07535610e-01  4.48188632e-01 -5.61063130e-01
   1.68641089e-01  2.10207082e-01 -2.26402887e-01  6.46095139e-01
  -3.78665263e-01  9.45876715e-01  2.06745823e+00  3.64972322e-01]
 [-1.06857080e+00  1.94926127e-02 -3.90738599e-01 -6.92671081e-01
   6.79810525e-01 -1.17994637e+00 -6.06465532e-01 -4.64178261e-01
   7.13198383e-01 -6.09655807e-01 -4.43041474e-01 -9.17100333e-02
   5.77712300e-01  1.85065263e+00  8.55954722e-01  8.59674564e-01
  -1.45483573e+00 -3.60958905e-01 -4.37440427e-01 -4.15870714e-01]
 [ 3.81157110e-01  5.92974534e-01 -6.81741616e-01  4.55667151e-01
  -3.81888157e-01 -1.19055189e+00  7.89876975e-02 -7.23318277e-02
   7.19500783e-01 -1.09653032e+00 -4.72660512e-01  9.29317037e-02
   4.04023457e-01 -9.13267245e-01  3.61514176e-01 -2.28248196e-01
   6.80475675e-01 -4.02344888e-01 -1.48436641e+00  2.07281423e-01]
 [ 7.25487001e-01 -8.62224373e-01  6.53727381e-02 -3.82458265e-01
  -4.14014326e-01  6.49344743e-01  1.52682247e+00  2.80062829e-01
   5.35671322e-01  1.57805228e+00 -2.22804247e-01 -1.61816547e-02
   8.46619199e-01  1.51454096e-01  8.93314752e-01 -1.34699796e+00
  -9.65699452e-01  1.23944994e+00  3.68244341e-01 -1.52446603e+00]
 [ 2.06234006e-01  4.64602239e-02  8.40787850e-02  6.99227219e-02
   1.01379257e+00 -6.23097661e-01  1.24823772e+00 -1.42076642e-01
   3.20899788e-02  4.45958772e-01  4.93592021e-01  6.16145871e-01
  -9.82326719e-01 -6.83572345e-01 -6.55925433e-01  8.60707386e-01
  -4.28432174e-01 -2.89643746e-01  1.84479131e-01  1.51106055e-01]
 [-6.22879183e-01 -1.21308254e-01 -5.17425881e-01 -1.90816626e-01
  -5.80884857e-01 -9.42161029e-01  3.30870559e-01 -6.00749619e-01
   5.34294139e-01  1.05481670e+00 -6.96220954e-01 -2.30680130e-01
   1.76255238e-01  1.27725247e+00 -8.98650387e-02 -1.04353766e+00
  -8.98157877e-01  3.94046779e-01  1.08788427e+00  9.14844536e-01]
 [-3.64691707e-01 -1.50607805e+00  6.07162963e-01  9.73655612e-01
   1.06435439e+00  7.81199426e-01 -2.10532679e-01  8.07837532e-01
  -4.46568085e-01 -1.01607691e+00 -1.64172322e-01 -3.60675700e-01
   1.05569494e+00  5.09806765e-01 -4.50707294e-01 -6.12563424e-01
  -3.72098855e-01 -4.42930537e-02  9.80533336e-01  4.86637360e-01]
 [ 7.04466455e-01  3.97366690e-01 -9.31342219e-01  5.27422821e-01
  -3.59174477e-01 -8.18263272e-01 -2.09603951e-01  7.01740511e-02
  -1.94846173e-01 -9.96189883e-01 -1.74860584e-01  3.92523593e-01
  -5.35035445e-01  1.83616763e-01 -2.80733246e-02 -1.10330283e+00
  -5.64303726e-01 -1.23859282e-01 -7.21122559e-01  3.94754975e-02]
 [-7.21202990e-01 -2.95819594e-01 -2.26172387e-02 -5.13423566e-01
   2.29545428e-01 -1.15976161e+00 -4.91818695e-01  5.56275199e-01
  -4.25082850e-01  9.13208956e-02 -1.12535408e-01 -3.76639133e-01
   7.80602519e-01 -5.56438884e-01 -8.68996839e-01 -3.90467033e-01
   7.15991839e-02 -9.32517456e-01 -1.73781021e+00  9.84555969e-01]
 [ 1.97183722e-03 -3.75087587e-01  8.72336358e-01  2.78511983e-01
   1.60533530e-01  5.56767817e-01 -4.23504340e-01 -1.10854676e+00
   4.63531473e-01  6.60631669e-01 -1.21114889e+00  1.26544682e-01
   1.46653136e+00 -5.21604473e-01 -2.90192556e-01 -1.26117006e+00
   1.06071116e+00  9.61023566e-01  4.61184798e-01  2.84890436e-01]
 [ 1.23244139e-01 -9.62272146e-01 -1.86051060e-02  8.43018268e-01
  -2.99342983e-01 -1.10041059e+00 -1.00087101e-01  1.42143451e+00
  -2.91992977e-02  5.84742948e-01 -1.75239565e-01  2.74648775e-01
  -1.12382302e+00  5.42083616e-01  3.07533903e-01  9.17022318e-01
  -2.01487919e-01 -6.70238807e-01 -2.96194721e-01  2.26063477e-01]
 [ 1.23720810e+00 -2.78626768e-02  6.70529276e-01 -4.55526697e-01
  -1.28183079e+00 -1.23144178e+00 -6.20421521e-01  8.06838705e-01
  -1.22565063e+00 -8.17218855e-01  5.53367867e-01  3.35214788e-01
   3.18693743e-01 -1.86680083e-01  5.88959029e-01  1.13450312e+00
  -3.17645906e-01 -8.15893607e-01 -1.28126811e-01 -8.24010718e-01]
 [-6.16568038e-01 -1.06600454e+00  7.15376665e-01  4.63506144e-01
  -6.56793918e-01 -3.14941683e-01 -1.03948852e+00 -1.56022916e+00
  -2.22934663e-01 -2.36217570e-01 -4.62199287e-01  3.43289913e-01
   1.58891939e-01  2.00766089e-01  8.07037305e-01 -3.56238212e-01
  -1.64675432e-01  6.47540442e-01  6.17533652e-01 -1.36486636e+00]
 [ 3.77578146e-01 -5.58999226e-01  6.19723631e-01  3.19571897e-01
  -9.83520950e-01 -2.14873897e-01  3.39944605e-01 -2.82498097e-01
  -1.04038946e+00 -1.14460294e+00 -5.74347015e-01  4.29709225e-02
  -1.75120384e-01 -2.73943261e-01 -9.92267352e-01 -2.18141439e-01
  -1.41833926e-01  1.67533924e-01  2.36685632e-01 -6.54426370e-01]
 [-4.59481514e-01  4.24509963e-01  7.29012218e-01  6.78725567e-01
   6.71618073e-01 -8.42224297e-01 -6.96873671e-02 -5.89865438e-01
  -2.44912153e-01 -3.75615621e-01 -8.47174801e-01  2.11186011e-01
   1.32500052e-01 -5.86868149e-01 -7.88137278e-02  8.33316978e-01
   2.82121253e-01  7.88749719e-01 -7.50952766e-01  4.53305968e-01]
 [-1.26554887e-01  1.87453270e-01 -6.08287554e-01 -5.43313640e-01
  -1.33999150e+00 -1.11957218e-01  2.91162473e-01 -4.02018779e-01
   3.39208045e-01 -1.25347503e+00 -4.00972253e-01  3.90088803e-01
  -8.81277233e-02  4.94618261e-02 -1.27889986e+00 -1.74155037e-01
  -7.72595757e-01  3.33033952e-01  6.39688078e-01  1.75476699e-01]
 [ 1.46412321e+00 -7.74641610e-03  3.85555615e-01  3.57482432e-02
  -2.87987562e-01 -1.10970596e+00  1.42781932e-01  9.42973675e-01
  -7.38409942e-01  9.79692334e-01 -3.92462512e-02 -2.97389213e-01
  -6.88040814e-01 -3.81094883e-01  9.07346231e-01  4.01519294e-01
   3.14556481e-01  1.51663724e+00 -6.39402298e-03  1.50664951e-01]
 [ 1.12849440e+00  5.66095274e-01  5.28094028e-01  7.53534409e-01
  -4.19001681e-01 -4.57418079e-01 -1.63470853e+00 -1.30031155e+00
  -1.09716387e-01  1.43385415e-01 -5.60889173e-01  1.22119736e+00
   1.21229700e+00 -1.49530191e-01 -2.46614817e-01  8.48505654e-01
  -6.60989148e-01  6.19051755e-01 -4.73947540e-01  2.66839330e-02]
 [-5.48561288e-02  4.63045288e-01 -9.31971219e-02 -3.45638871e-02
  -5.02938302e-01 -5.59785828e-01 -1.78112239e-01 -3.97159058e-02
   1.30708403e-01 -9.09178331e-01  6.28828055e-02 -6.16056357e-01
   3.00925807e-01 -3.69108311e-01 -2.75129346e-02  2.63838822e-01
   6.28422109e-01  9.25877020e-02 -1.23211223e+00 -4.71609406e-01]
 [ 1.04003480e+00 -1.28390816e+00 -3.52397287e-01 -7.42773755e-01
  -9.87001242e-01 -1.39726698e+00 -2.58909256e-01  6.38474843e-01
   5.52930981e-01  6.77973762e-01 -1.83937462e+00 -8.40413784e-01
   4.39509694e-01  5.08638409e-01  3.78277308e-01 -7.33929307e-01
   2.89876679e-01  7.23023696e-01  4.24710989e-01  9.22363807e-01]
 [ 1.35187162e+00 -1.03986734e+00 -1.59606955e-01  1.99464087e-01
   1.42051332e-01 -3.51830718e-02 -1.35759268e-01 -7.84120755e-01
  -1.05158367e+00 -8.79051654e-01 -4.77057300e-01 -1.02540357e+00
  -6.49223422e-01  4.99579305e-01 -1.73189270e-01 -1.43186670e+00
  -1.95241939e-01 -7.26055092e-01 -1.32397175e+00 -2.14214844e-01]
 [-3.34935122e-01  1.10348146e+00  7.57856546e-01 -6.86959755e-01
  -7.74523021e-01  1.05840633e+00  3.10821473e-01  7.32321975e-01
   1.09316041e+00  3.00510731e-01  3.53989463e-01 -4.33275700e-01
  -1.10634452e-01  2.92422047e-01 -6.20072693e-01  6.26067602e-01
  -2.81018681e-01 -1.67423085e-01  3.21218751e-01  7.19804268e-01]
 [ 7.79604607e-01 -9.47792915e-01 -1.20609603e+00 -3.53285024e-01
  -5.14844874e-01  2.11165918e-01  1.05077793e+00  1.03674298e+00
   1.35598287e+00  5.30647485e-01  2.54173042e-01  2.29340178e-01
  -2.54767276e-01 -1.13764313e-01 -9.87304943e-01  5.19781280e-02
  -5.49777630e-01 -1.78794747e-01  6.34183469e-01  1.12154101e+00]
 [ 1.03341019e+00  5.21226684e-01  1.92236628e-01 -6.58830042e-01
  -1.14693657e+00  1.13866447e+00 -5.87643683e-03 -3.37836067e-01
   5.82780294e-01  1.24417443e+00 -2.02892173e-02  6.37649278e-01
   8.90995225e-01  1.82803720e-01  4.54915565e-01  1.30774654e+00
  -1.08693073e+00  1.36739021e+00  1.58005927e-01 -1.32165562e-01]],[[-0.42548446  0.68626063 -0.08546754 -0.14158141 -0.2994415   0.43789029
   1.53133309  0.79591767  1.04276653 -1.54776404  1.86929992  0.17887575
   0.84588624  0.63209011 -0.78929537  0.34165575]
 [ 0.79710822 -0.24503692  0.25361097  0.57760218 -1.57150518 -0.27564617
  -0.53293663 -0.25921127 -1.29852164 -0.35305748  0.48607137  0.84738258
   0.74256521  2.06128085 -1.16742203 -0.70419433]
 [ 0.85120198 -0.42612394 -1.82709462 -1.01243567  0.22931864 -0.22026849
   0.05976027 -0.16760225 -0.21878165 -0.70917171  0.17559675 -1.21995481
   0.89027232  1.0529857  -0.10163659  0.27469878]
 [-0.13480639  0.60432247  1.25487709  0.20384876 -0.32286046 -0.57387158
   0.14410385 -0.15692895  0.9817845  -2.61301498 -0.91258781  0.13930698
   1.03029714 -0.49894472  0.85545458  0.0189522 ]
 [-0.55752283  0.57427358  0.50602106 -0.40111315  0.24144468  0.43568607
  -0.68067507  2.19641891  0.84139893 -0.0504566  -0.34860259 -0.66020133
   1.01078622  1.78408576 -2.50528621 -0.5535113 ]
 [ 1.03063151  1.63918158  0.93446998 -0.00683715  1.67752314  0.21690275
  -0.65441356 -0.12776342  0.81626761  0.78624036  1.49880066  0.38609322
  -1.35814394  0.0908811  -0.15685709 -0.54834039]
 [ 0.65407051 -0.51905329  0.35682618  0.39276579  0.86251657  0.34424784
   1.18233582  0.86545916  1.73041303  0.9390311   0.44572383 -0.25121933
   0.47611907  0.35470171 -0.48475186  0.085038  ]
 [-1.48800117  0.04718304  0.06840138  0.16713893 -0.85413485  0.12046324
   0.43149659 -0.65836772 -1.01775176  0.20444859  0.27692198  0.23549414
   0.26644593 -0.45918017  0.13259598 -0.13553649]
 [ 0.60638154  1.00584536  0.20034682  0.02232218  1.20482116  0.48217172
   0.16342922 -0.47889632 -0.94509043  1.26267298 -0.26102132 -1.25864442
   0.78715627 -0.90947778  0.08526192  0.57329763]
 [ 0.13204442  0.24150402  0.66032168 -0.25512972 -0.1369016   0.52359459
   1.41817135  0.74590825  0.17729889 -0.87293297 -0.07287177 -1.04719142
   0.43276113  0.01090763  0.13825916 -1.56653128]
 [-0.23248087  0.81723966  0.22221147 -0.46894047 -1.58848016 -0.0154146
   0.51936031 -0.37275442  0.28403512 -0.61614548  1.18833491  0.78925846
  -0.5294653  -1.05460625 -0.39391987  0.02096448]
 [-0.38247835  0.20281763  0.51101845  0.85077269 -0.59975083 -0.31132973
  -0.19688552 -0.01462984 -0.71749918  0.41585665  0.17183706  1.41237373
  -0.21897493  0.43507072  0.00728979 -0.82871693]
 [-0.08231086 -1.41494831 -1.70670065  0.6279491   0.3639905  -0.01323031
  -0.04092458 -0.89863304 -0.01456907  1.23523011  0.06907345  0.46126339
  -0.85819781 -0.07819957  1.06807738 -0.59759995]
 [ 0.52469191 -0.03504563 -0.71723001 -0.51842017 -1.21909962  0.61472472
   1.13978971  1.00700573 -0.06403174 -1.12659338 -0.63805349  0.1526402
  -0.96354586 -1.25145242  0.62417403 -1.7281421 ]
 [ 1.45774553 -1.76502319  0.13750008 -1.17789143 -0.0370216  -1.03736631
  -0.61900164 -0.7392477  -1.18516798 -0.68436658  1.63029431 -0.7359839
  -1.01907019 -0.29481146  0.30465331  1.73365002]
 [-0.37799849  0.54952446  0.15973382 -0.55806426  0.68374534 -0.17183903
  -0.51002089  1.06755635 -0.21601233  0.26892937  0.60313919  0.26590516
  -0.76022527  1.3534512  -0.15070266  1.13834843]
 [-0.35803446  0.08859972  1.96815399  0.0493262   0.72480057 -0.25650107
   0.17889792 -0.0109645   1.20182846 -1.61225775 -0.05270408 -1.34787375
   0.71886065  0.88394032 -0.04530587  0.78850734]
 [ 1.45780408 -1.90292525 -0.18216616  0.51840867 -0.42790291  0.85019028
  -0.48861191 -0.37896892 -0.04343026  1.44068073 -0.54039749  1.05512034
  -0.01689641  0.08418696 -0.12597182  1.07244867]
 [-1.41188826 -0.00808062 -0.2029264  -1.288704    0.68001791 -0.86923461
  -0.72390429 -0.50518159  1.34715313 -0.00770662 -0.77168191  1.25824517
  -0.65347664 -0.88031587 -1.12570199 -0.77213455]
 [ 0.09716649  0.87645974  0.14305823 -0.54013446 -0.24915742 -0.69782069
  -0.15698897 -0.41011949 -0.2097307  -1.94546345 -0.96878567 -0.13090222
  -0.18292944  0.64913087  1.2869215   0.43521874]]