[[ 9.29184712e-02 -7.56801564e-01  4.23252876e-01  7.28249843e-01
  -8.91230613e-01 -2.26016888e-01  1.86685887e-01  8.71632849e-01
  -7.14042325e-01 -2.61009607e-01 -3.56846591e-01 -2.91423280e-01
   8.61185494e-01 -1.02637043e+00  3.48340635e-02 -8.03678917e-01
   2.48932546e-01 -1.39787313e+00  5.47151979e-01 -4.86735911e-03]
 [-9.18799216e-02  3.24020392e-01  7.48076642e-01  4.48093855e-01
   2.03062820e-01  1.35640437e-01 -9.32797043e-01 -1.52188400e-01
   4.53454285e-01 -4.64305163e-01  1.41296600e+00 -7.37775571e-01
   1.12635476e-01 -7.97239824e-01 -1.13165630e-01  6.09277606e-01
  -3.52983026e-01 -3.18995125e-02 -5.13764524e-01  3.96769727e-01]
 [ 6.87337458e-01 -5.10771469e-01  9.00459270e-01 -5.09122619e-01
  -1.07420475e+00 -3.84465608e-01 -2.73327359e-01 -4.01468527e-01
   1.43960478e+00 -1.02199999e+00 -6.90618481e-01 -3.95685947e-01
  -6.27820416e-01 -4.72114978e-01 -8.78868595e-01  1.30255440e+00
  -7.42202527e-01 -4.65502171e-01  9.70467802e-01 -2.19580454e-01]
 [ 5.24284699e-01  2.78460210e-01 -9.47269547e-01 -8.24292034e-01
  -1.14389691e+00  2.98805744e-02 -1.46366045e-01  6.51576931e-01
  -6.70300205e-01  9.64455343e-01  1.75468965e+00  8.58768393e-01
   2.48472738e-02  6.43756392e-01  1.35355813e+00 -7.39654919e-01
  -6.18050281e-01  5.78081119e-01 -5.36813654e-01 -6.90197805e-02]
 [-4.93377886e-01 -3.08665301e-02 -2.93529809e-01  1.00004927e+00
   1.69602609e-01  2.27778279e-01 -3.34253238e-02  9.66841890e-01
   6.40590582e-01 -7.27937941e-01 -9.95669620e-01  6.54053256e-01
  -1.12146616e+00 -1.37306619e+00  1.05621853e+00 -2.77514963e-01
   3.91456660e-01 -4.14327022e-01 -1.61281570e-01 -2.35423779e-01]
 [-5.83163274e-02 -4.58325011e-01  4.44779376e-01 -1.30368278e+00
   9.41538528e-01  1.84020580e-02 -5.20841555e-01  4.19884979e-02
   1.57138983e+00  4.34633113e-01 -4.10155062e-01  2.08238410e-01
   1.10052584e+00 -1.28300725e+00 -1.25869645e+00 -7.91968554e-01
   9.99379253e-01 -4.22589681e-01 -7.90232089e-01  3.08013153e-01]
 [-5.79034805e-01 -2.26025214e-01  6.86853496e-01 -3.77599264e-01
  -9.89259072e-02  1.96819885e-01 -7.27127845e-01  1.24602667e+00
  -1.05130035e+00 -4.74491313e-01  1.42754421e-01  1.17059533e+00
   3.12007816e-01  6.54322832e-01 -4.66461629e-02 -7.35533015e-01
  -2.25280172e-01  9.40111552e-01 -7.97649539e-01  4.75984158e-01]
 [-1.69085282e-01 -2.97847901e-01 -7.34368124e-02  1.33473604e+00
   6.20965184e-01 -2.09937985e-01  8.96596696e-01 -2.64814069e-01
  -1.97764424e-02 -6.35766035e-01 -8.79458506e-01  4.07279804e-01
   7.92440046e-01 -1.18174751e+00 -5.95730507e-03 -5.23604984e-01
  -8.27942168e-01 -5.23871874e-01  1.18619826e+00  2.21194850e-01]
 [-3.76950530e-01  5.60425640e-01  2.44436996e-01  6.52347344e-01
   5.35160159e-01 -1.79170273e+00 -7.56953278e-02  1.30756191e-02
   6.39247992e-01  1.05454959e+00 -4.09046726e-01 -2.50240511e-01
   6.18765531e-01 -3.18573103e-01 -5.94533748e-01  1.14262180e+00
   2.77646717e-01  1.65952134e+00 -1.39562868e-01 -4.01724361e-01]
 [-6.09576333e-01 -1.02270815e+00 -2.59480181e-01  4.30630040e-02
  -5.15533266e-01  1.22236191e+00  7.17193179e-01 -8.84568055e-01
   1.95854656e-01  4.76074782e-01  5.86088015e-01  2.22916534e-01
   1.34014327e+00 -7.54789627e-01  2.26138571e-01  4.94988881e-01
   2.00557609e-01  1.13670973e-01 -2.17279640e-01  5.11677452e-01]
 [-5.41401554e-01 -5.57638849e-01  1.06774908e+00  4.20075685e-01
  -8.38060731e-01 -6.75517403e-01 -1.35193171e+00  1.14874368e+00
  -8.29244814e-01 -4.63982537e-01  8.97330454e-01  5.79652296e-01
   4.99126726e-01 -1.76876452e+00 -1.02773681e-03 -3.17838379e-01
   2.62211572e-01  8.03833541e-01  5.33376241e-01  6.79847365e-01]
 [ 1.12222490e+00 -7.80363438e-01  5.06508162e-01 -6.58838774e-01
  -2.02904434e-02 -7.83473798e-01  4.40330601e-01  7.14055568e-02
  -1.84767077e-01  1.56091816e+00 -3.26308610e-02 -4.19864748e-01
   4.29321975e-01 -1.18672737e-01 -8.33287276e-01  5.76328023e-01
  -7.50504235e-01  1.89942863e+00 -8.71590671e-02  1.20489120e+00]
 [ 1.44108433e+00 -1.39908385e+00 -1.72472748e-01 -5.43353514e-01
   7.61192373e-02 -9.34790992e-01  2.75830506e-02 -3.96053369e-01
   1.46124045e+00 -8.14381484e-01  4.48188632e-01 -7.80248162e-01
   1.68641089e-01  2.10207082e-01 -2.26402887e-01  1.46107525e+00
  -3.78665263e-01  5.18820779e-01  2.06745823e+00  3.64972322e-01]
 [-1.06857080e+00  1.94926127e-02 -3.90738599e-01 -6.92671081e-01
   6.79810525e-01 -1.17994637e+00 -6.06465532e-01 -4.07578929e-01
   2.03873126e-01 -5.97459098e-01 -4.43041474e-01 -9.17100333e-02
   9.82073535e-01  1.56352254e+00  8.55954722e-01  8.59674564e-01
  -1.04601802e+00 -3.60958905e-01 -4.09318210e-02 -4.15870714e-01]
 [ 3.81157110e-01  5.92974534e-01 -6.81741616e-01  4.55667151e-01
  -3.81888157e-01 -1.19055189e+00 -1.73021130e-01 -4.44881537e-01
   7.19500783e-01 -1.23973693e+00 -4.72660512e-01  9.29317037e-02
   4.04023457e-01 -9.13267245e-01  5.00690916e-01  1.97381991e-01
   2.72066335e-01 -5.19794329e-01 -1.48436641e+00  2.07281423e-01]
 [ 7.25487001e-01 -1.17264326e+00 -1.05185268e-03 -3.82458265e-01
  -4.14014326e-01  6.49344743e-01  1.69226466e+00  6.43148685e-01
   5.35671322e-01  1.57805228e+00 -2.22804247e-01 -1.90388440e-01
   8.46619199e-01  1.51454096e-01  4.76573427e-01 -1.34699796e+00
  -9.65699452e-01  1.23944994e+00  3.68244341e-01 -1.52446603e+00]
 [-5.28237610e-04  4.89389354e-01  4.31644832e-01  6.99227219e-02
   1.01379257e+00 -6.23097661e-01  1.24823772e+00 -1.32098654e-02
  -1.63961159e-01  4.45958772e-01  4.93592021e-01  6.16145871e-01
  -9.82326719e-01 -2.67779917e-01 -1.12525771e+00  8.60707386e-01
  -4.28432174e-01 -6.73972195e-01  6.22347305e-03 -3.36096642e-01]
 [-6.22879183e-01 -1.21308254e-01 -5.17425881e-01 -3.27709079e-01
  -6.72622384e-01 -9.42161029e-01  3.30870559e-01 -6.27604685e-01
   5.34294139e-01  6.40113238e-01 -6.96220954e-01 -2.30680130e-01
   1.76255238e-01  1.27725247e+00 -8.98650387e-02 -1.20572999e+00
  -6.22582947e-01  3.94046779e-01  1.23129707e+00  9.14844536e-01]
 [-4.12668690e-02 -1.28470401e+00  6.07162963e-01  9.73655612e-01
   1.06435439e+00  5.28140635e-01 -2.10532679e-01  8.07837532e-01
  -4.46568085e-01 -8.61991098e-01 -1.64172322e-01 -8.28513366e-01
   9.81271317e-01  5.09806765e-01 -4.50707294e-01 -6.12563424e-01
  -3.72098855e-01 -1.85448209e-01  5.58790654e-01  4.86637360e-01]
 [ 7.04466455e-01  3.97366690e-01 -9.20421062e-01  6.49928659e-01
  -3.59174477e-01 -8.18263272e-01 -2.09603951e-01  7.01740511e-02
  -1.94846173e-01 -9.96189883e-01 -6.47154085e-01  3.92523593e-01
  -2.37267475e-01  1.83616763e-01 -2.80733246e-02 -1.10330283e+00
  -4.22453518e-01 -1.23859282e-01 -6.30655557e-01 -3.19088965e-01]
 [-3.01327374e-01 -2.95819594e-01 -2.26172387e-02 -5.13423566e-01
   1.05243244e+00 -1.35337078e+00 -8.14484638e-01  5.56275199e-01
  -4.25082850e-01  9.13208956e-02 -1.12535408e-01 -3.76639133e-01
   7.80602519e-01 -5.56438884e-01 -8.68996839e-01 -3.90467033e-01
   7.15991839e-02 -9.32517456e-01 -1.73781021e+00  1.21413165e+00]
 [ 1.97183722e-03 -3.75087587e-01  8.72336358e-01  2.34285936e-01
   1.60533530e-01  6.51581233e-01 -4.23504340e-01 -1.10854676e+00
   4.63531473e-01  6.60631669e-01 -1.21114889e+00  2.26878570e-01
   1.46653136e+00 -3.99886586e-01 -5.17987307e-02 -1.26117006e+00
   7.39160042e-01  2.84286348e-02  4.61184798e-01  2.84890436e-01]
 [ 4.56367597e-01 -9.62272146e-01  2.93371800e-01  8.43018268e-01
  -5.98633424e-01 -1.10041059e+00 -2.98743924e-01  1.72263000e+00
  -2.91992977e-02  1.03702345e+00 -1.75239565e-01  2.74648775e-01
  -1.12382302e+00  5.42083616e-01  3.07533903e-01  9.17022318e-01
  -2.01487919e-01 -6.70238807e-01 -2.96194721e-01  2.26063477e-01]
 [ 1.23720810e+00 -2.78626768e-02  6.70529276e-01 -4.55526697e-01
  -8.05294443e-01 -1.23144178e+00 -6.20421521e-01  6.00884727e-01
  -8.66593012e-01 -8.52914194e-01  5.53367867e-01  3.35214788e-01
   3.18693743e-01 -1.86680083e-01  5.88959029e-01  1.42488086e+00
  -3.17645906e-01 -3.33529063e-01 -1.28126811e-01 -8.24010718e-01]
 [-6.16568038e-01 -1.42394982e+00  7.15376665e-01  5.67599705e-01
  -7.43067300e-01 -3.14941683e-01 -5.64950413e-01 -1.87027491e+00
  -2.22934663e-01  2.04596396e-01 -4.62199287e-01  3.43289913e-01
   1.58891939e-01  2.00766089e-01  8.07037305e-01 -3.56238212e-01
  -1.64675432e-01  4.94838050e-01  6.17533652e-01 -1.36486636e+00]
 [ 3.77578146e-01 -3.94441428e-01  6.19723631e-01  3.13720740e-01
  -9.83520950e-01 -2.14873897e-01  3.39944605e-01 -2.82498097e-01
  -1.04038946e+00 -1.14460294e+00 -5.74347015e-01  4.29709225e-02
  -1.75120384e-01 -4.03469992e-01 -9.92267352e-01 -2.18141439e-01
  -1.41833926e-01  1.67533924e-01  2.36685632e-01 -6.54426370e-01]
 [-4.59481514e-01  3.11181126e-01  7.29012218e-01  9.47132772e-01
   4.25754480e-01 -7.69648053e-01 -6.96873671e-02 -5.89865438e-01
  -2.44912153e-01 -3.75615621e-01 -8.47174801e-01  2.11186011e-01
   1.32500052e-01 -9.41162127e-01  6.82141028e-01  8.33316978e-01
   2.82121253e-01  7.88749719e-01 -7.50952766e-01  9.49359951e-02]
 [ 1.29286905e-01  1.02038560e-01 -6.08287554e-01 -2.63792945e-01
  -1.33999150e+00 -1.11957218e-01  2.91162473e-01 -4.20951622e-01
  -6.59467711e-04 -1.25347503e+00 -4.00972253e-01  3.90088803e-01
  -4.61612384e-01  4.94618261e-02 -1.46437910e+00 -1.74155037e-01
  -8.04004334e-01  3.33033952e-01  6.39688078e-01  1.75476699e-01]
 [ 1.46412321e+00 -7.74641610e-03  4.44686527e-01  3.57482432e-02
  -2.87987562e-01 -1.10970596e+00  1.42781932e-01  9.42973675e-01
  -7.38409942e-01  9.79692334e-01 -3.92462512e-02 -2.38882752e-02
  -6.88040814e-01 -3.81094883e-01  9.07346231e-01  4.01519294e-01
   3.14556481e-01  1.51663724e+00  4.33301888e-01  1.50664951e-01]
 [ 5.85590122e-01  5.66095274e-01  7.35773676e-01  6.40326826e-01
  -8.62082259e-02 -4.57418079e-01 -1.63470853e+00 -1.30031155e+00
  -1.09716387e-01  1.43385415e-01 -5.60889173e-01  1.22119736e+00
   1.21229700e+00 -1.49530191e-01 -2.46614817e-01  8.48505654e-01
  -1.02676691e+00  6.19051755e-01 -4.73947540e-01 -3.47567387e-01]
 [-5.48561288e-02  4.63045288e-01 -9.31971219e-02 -3.45638871e-02
  -5.02938302e-01 -5.59785828e-01 -5.59152874e-01  4.61099363e-02
   5.97383916e-01 -9.09178331e-01 -2.77968171e-01 -6.16056357e-01
   2.14381504e-01 -3.69108311e-01 -2.75129346e-02  2.63838822e-01
   6.28422109e-01  1.12510226e-01 -9.39287483e-01 -3.77562835e-01]
 [ 1.04003480e+00 -1.30529087e+00 -3.50360670e-01 -5.16737163e-01
  -9.87001242e-01 -1.15618906e+00 -2.58909256e-01  6.83429441e-01
   5.52930981e-01  6.77973762e-01 -1.83937462e+00 -4.95127262e-01
   4.39509694e-01  5.08638409e-01  3.78277308e-01 -7.33929307e-01
   2.89876679e-01  1.15971272e+00  4.24710989e-01  9.22363807e-01]
 [ 1.35187162e+00 -1.03986734e+00 -1.59606955e-01  1.99464087e-01
   1.42051332e-01 -4.97842710e-01 -1.35759268e-01 -3.26573373e-02
  -1.05158367e+00 -8.79051654e-01 -4.77057300e-01 -5.51265710e-01
  -2.01872805e-01  5.13337790e-02 -1.73189270e-01 -9.76414744e-01
  -4.82598811e-01 -7.26055092e-01 -1.32397175e+00 -4.95253747e-02]
 [-3.34935122e-01  1.10348146e+00  8.43378936e-01 -6.86959755e-01
  -4.13469884e-01  1.97435707e+00  5.58247402e-01  6.34163388e-01
   1.09316041e+00  3.00510731e-01  3.53989463e-01 -4.33275700e-01
  -1.10634452e-01  6.95144998e-01 -6.20072693e-01  6.26067602e-01
  -3.00920436e-01 -2.24764414e-01  4.54095067e-01  7.19804268e-01]
 [ 7.79604607e-01 -9.47792915e-01 -1.20609603e+00 -7.47256415e-01
  -8.69343354e-01  1.84725294e-01  1.05077793e+00  5.75390850e-01
   1.61160308e+00  5.30647485e-01  5.37473653e-01  4.98890164e-01
  -2.54767276e-01 -1.13764313e-01 -7.42075160e-01  5.10262037e-01
  -5.49777630e-01  5.75721264e-01  6.34183469e-01  4.41086890e-01]
 [ 1.03341019e+00  5.21226684e-01  9.37904270e-01 -8.67246172e-01
  -1.14693657e+00  1.13866447e+00 -5.87643683e-03 -7.47038526e-01
   5.82780294e-01  1.24417443e+00 -2.02892173e-02  6.37649278e-01
   8.90995225e-01  1.82803720e-01  6.84271700e-02  1.30774654e+00
  -1.08693073e+00  9.16480070e-01  2.52445943e-02 -1.32165562e-01]],[[-4.25484464e-01  6.86260626e-01 -8.54675399e-02 -1.41581406e-01
  -2.16355487e-01  4.37890293e-01  2.01051502e+00  3.69755770e-01
   1.04276653e+00 -1.37615017e+00  1.86929992e+00  1.78875745e-01
   5.35083791e-01  6.32090115e-01 -4.74286588e-01  7.46937867e-01]
 [ 7.32975763e-01 -2.45036915e-01  2.53610970e-01  5.77602176e-01
  -1.04457407e+00 -2.75646167e-01 -3.00172511e-01  2.08483355e-01
  -9.21182115e-01 -3.08189983e-01  4.86071375e-01  8.47382582e-01
   7.42565208e-01  1.65917798e+00 -9.50363144e-01 -7.04194327e-01]
 [ 4.78033950e-01 -1.12792721e-01 -1.63664683e+00 -1.01243567e+00
   3.40045269e-01 -2.20268488e-01  7.59114437e-02 -1.67602252e-01
  -8.92325903e-01 -7.09171712e-01  1.47264314e-01 -7.85820263e-01
   8.66476108e-01  1.01352993e+00 -1.01636593e-01  2.74698777e-01]
 [ 5.52957719e-01  6.04322475e-01  1.44423673e+00  2.30293337e-01
   5.38072370e-02 -9.80742659e-01  1.44103852e-01 -1.30054494e-01
   1.18350651e+00 -2.87771039e+00 -4.38915447e-01  1.08376519e-01
   1.03029714e+00 -4.98944716e-01  8.55454583e-01  5.07208558e-01]
 [-8.02961213e-01  8.63775198e-01  3.12631054e-01 -4.01113149e-01
  -2.47898799e-01  4.05148795e-01 -6.80675073e-01  2.60853408e+00
   1.08677822e+00  2.56956660e-01 -7.63349660e-01 -4.40494079e-01
   1.01078622e+00  1.78408576e+00 -2.18139630e+00 -5.53511299e-01]
 [ 1.02365963e+00  1.63918158e+00  9.34469976e-01 -6.83714628e-03
   1.86056040e+00  6.82958375e-01 -9.91690980e-01 -2.34943670e-01
   6.65071034e-01  7.52316780e-01  1.49880066e+00  6.64852662e-01
  -1.09996363e+00 -1.05229896e-01 -1.56857092e-01 -1.45002485e-01]
 [ 1.84611588e-01 -5.32701724e-02  3.56826181e-01  3.92765788e-01
   1.14039039e-01  3.44247836e-01  1.57068276e+00  9.59900675e-01
   1.37424618e+00  9.39031101e-01  3.77007702e-01 -2.51219331e-01
   3.04660970e-01  3.54701711e-01 -6.30640580e-01 -4.66210053e-01]
 [-1.48800117e+00 -1.49364345e-02 -2.19347140e-01  1.60742074e-01
  -1.26718234e+00  1.20463239e-01 -5.04375658e-02 -6.58367718e-01
  -1.01775176e+00  2.00365393e-02 -2.54388697e-01  2.35494144e-01
   2.66445927e-01 -3.56711875e-01  2.80230977e-01 -1.35536488e-01]
 [ 2.49247850e-01  1.20396220e+00  6.72699121e-01  2.23221786e-02
   1.20482116e+00  4.82171724e-01 -2.21716357e-01 -9.77415089e-01
  -1.30223824e+00  1.26267298e+00 -2.11809499e-01 -1.03807222e+00
   6.82757281e-01 -9.09477776e-01  2.07700411e-01 -1.05596578e-01]
 [ 1.32044420e-01  2.41504016e-01  6.60321677e-01 -2.12065499e-01
   1.07081043e-01  2.96910468e-02  1.49702600e+00  7.45908253e-01
   5.11079442e-01 -5.13820498e-01 -1.88697393e-01 -1.09372523e+00
  -1.59566836e-01  1.09076346e-02  1.28366184e-01 -1.51917300e+00]
 [-2.32480865e-01  8.17239664e-01  2.22211473e-01 -4.91118314e-01
  -1.34196310e+00 -1.54146033e-02  9.05567102e-01 -4.43830117e-01
   1.84514242e-01 -6.16145482e-01  9.44013385e-01  7.89258464e-01
  -4.74433164e-01 -6.07452318e-01 -3.93919867e-01 -4.87226484e-01]
 [-7.00007893e-01 -2.81866406e-01  5.11018452e-01  8.73816102e-01
  -5.99750827e-01  1.24106784e-01 -5.39899382e-01  4.08173742e-01
  -1.82247201e+00  7.46997462e-01  1.71837065e-01  1.41237373e+00
  -2.18974932e-01  3.55465245e-02 -2.65531760e-01 -1.15116581e+00]
 [-8.23108598e-02 -1.41494831e+00 -1.70670065e+00  6.27949095e-01
   2.08062576e-01 -3.38261397e-01 -4.09245769e-02 -9.76690788e-01
  -9.32686842e-01  9.98178529e-01 -2.23488319e-01  7.16583337e-01
  -6.98819226e-01  2.75183273e-01  1.06807738e+00 -3.19699830e-01]
 [ 5.24691907e-01 -3.50456307e-02 -3.73189567e-01 -8.01846692e-01
  -1.39014497e+00  6.14724723e-01  6.56480108e-01  1.00700573e+00
  -6.40317388e-02 -1.12659338e+00  1.75561461e-01  1.52640199e-01
  -5.10635366e-01 -1.17581239e+00  3.34844085e-01 -1.72814210e+00]
 [ 1.45774553e+00 -1.76502319e+00  1.37500076e-01 -1.50048897e+00
   5.00947305e-02 -1.09990810e+00 -5.35898977e-01 -7.39247698e-01
  -1.18516798e+00 -4.46352527e-01  1.53997121e+00 -7.35983900e-01
  -8.05220715e-01  4.72998366e-01  5.85703964e-01  1.31635745e+00]
 [-3.77998491e-01 -2.98867697e-01  1.59733822e-01 -2.16890709e-01
   7.54177200e-01 -4.17939096e-01 -4.38750068e-01  1.35553468e+00
  -6.73646143e-01 -1.14201939e-01  4.57500993e-01  2.54728401e-01
  -8.96677668e-01  1.35345120e+00  5.47934385e-01  1.02866343e+00]
 [-3.58034462e-01 -4.07489564e-01  1.96815399e+00 -2.66621126e-01
   7.24800568e-01 -4.12331184e-01 -1.42480783e-01 -2.19571684e-01
   8.37304927e-01 -1.21664419e+00 -4.02937188e-01 -4.93336892e-01
   9.73337525e-01  1.06202635e-01  6.16393759e-01  8.62766894e-01]
 [ 7.15883109e-01 -1.96367118e+00  2.72545313e-01  5.18408670e-01
  -4.27902911e-01  2.97973216e-01 -4.88611914e-01 -2.91766704e-01
  -3.47011843e-01  1.44068073e+00 -3.38786336e-01  1.05512034e+00
  -1.68964129e-02 -2.31501440e-01 -2.76459678e-01  1.07244867e+00]
 [-1.69048035e+00  3.08190692e-01 -2.29124680e-01 -1.28870400e+00
   6.31580737e-01 -1.33025946e+00 -1.18986409e+00 -3.72817534e-02
   1.23640748e+00 -2.59449868e-03 -8.35843417e-01  2.75877892e-01
  -6.53476637e-01 -9.60130253e-01 -1.45827940e+00 -5.73357607e-01]
 [ 1.00109922e-02  8.76459741e-01 -1.07319396e-01 -5.58594783e-01
  -2.49157417e-01 -7.53797974e-01 -1.56988971e-01 -4.10119487e-01
  -2.09730704e-01 -1.94546345e+00 -9.68785671e-01 -1.21765288e-01
  -4.08536489e-01  1.03035913e+00  8.10558599e-01  4.35218743e-01]]