[[-4.17056548e-01 -8.74657459e-01  3.37074607e-01  1.31938430e+00
  -9.59476251e-01 -1.42259092e+00 -1.86705362e-01  8.71632849e-01
   3.27818411e-01 -2.61009607e-01 -9.39541697e-01 -5.33053409e-01
   1.08038042e+00 -6.22786407e-01 -4.23668307e-01 -7.87125691e-01
   9.70003612e-01 -6.11406922e-01  5.51542343e-01  3.73205575e-01]
 [-9.18799216e-02  4.32090734e-01  7.48076642e-01  1.25024398e+00
   1.82808173e-01 -5.56467871e-02 -2.10790243e+00 -2.01133302e-01
   4.53454285e-01 -7.08963411e-01  1.41296600e+00  4.03907902e-01
   2.69331512e-01 -1.28278160e+00 -8.96292290e-02  1.04017203e+00
  -1.28811708e+00 -2.17509270e-01 -5.13764524e-01 -3.61463970e-01]
 [-3.73662539e-01 -2.75815768e-02  6.12483790e-01 -7.22638192e-01
  -9.36013313e-02 -9.51836110e-01 -1.38243412e+00 -7.84940743e-01
   1.71100198e+00 -1.42958380e+00 -6.90618481e-01 -1.73689635e-01
  -1.99407986e-01 -5.21313466e-01 -1.65163251e+00  1.00126334e+00
  -2.46268847e-01 -5.63262387e-01  7.28648801e-01 -4.33022631e-01]
 [ 5.25530745e-01  1.66757734e-01 -5.27957292e-01 -8.24292034e-01
  -1.63740306e+00  4.10838272e-01  2.90635601e-01  8.70462823e-01
   2.02639461e-02  9.64455343e-01  2.05574527e+00  6.11626952e-01
   2.92097530e-01  1.12567171e+00  1.05105509e+00 -4.69020753e-01
  -2.21929840e-01  7.08321832e-01  7.31349840e-01 -3.23414448e-01]
 [-1.05217613e+00  4.55365100e-01  1.30854314e-01  6.75380187e-02
  -2.26203223e-01  1.14287477e-01 -3.90131398e-01  4.20161260e-01
   1.59413504e+00 -7.27937941e-01 -5.54012815e-01  1.10360295e+00
  -5.73323609e-01 -7.48998587e-01  6.48086016e-01 -2.27152853e-01
  -3.00618888e-01 -7.66157710e-01 -1.61281570e-01 -1.03596478e+00]
 [-7.48581667e-01 -9.47138324e-01  4.44779376e-01 -8.22092610e-01
   9.41538528e-01  1.84020580e-02  3.11631898e-01 -3.97968005e-01
   9.58450741e-01  9.19111117e-01 -3.03392217e-01  5.77598124e-01
   9.75959569e-01 -1.47494831e+00 -1.02563814e+00 -8.88155318e-01
   9.28947741e-01  3.28502213e-01 -1.09098484e+00  6.71168450e-01]
 [-9.19394755e-01 -4.43733430e-01 -7.52612520e-01 -3.77599264e-01
   8.88687021e-01  4.51362235e-01 -4.73143788e-01  7.47527016e-01
  -1.62287572e+00 -7.94270290e-01 -4.37013010e-01  1.32826905e+00
  -8.80041400e-02  4.08722840e-01  2.98183355e-01 -6.97925567e-02
  -2.25280172e-01 -9.36235217e-02 -7.97649539e-01  4.75984158e-01]
 [-6.07113526e-01 -3.36670499e-01  3.15738695e-01  1.33473604e+00
   3.74393482e-01 -8.50480732e-02  5.53939380e-01  2.22580503e-01
  -1.92692166e-01 -5.12583452e-01 -5.67897589e-01 -6.28409916e-02
   7.92440046e-01 -1.08563167e+00 -8.69726824e-01 -3.95247253e-01
  -1.05275018e-01 -9.05048166e-01  8.57523018e-01 -1.72417687e-01]
 [ 3.11409311e-01  2.41057329e-01  7.56141673e-01  6.51112171e-01
   5.35160159e-01 -9.66178264e-01 -7.07655959e-01  1.30756191e-02
  -9.34244997e-02  4.94651232e-01 -4.06942387e-01 -2.50240511e-01
   6.18765531e-01 -3.35685303e-01 -8.13952218e-01  6.19743126e-01
   2.85062234e-01  7.91008267e-01  8.47531583e-01 -4.10086334e-01]
 [-1.00248634e+00 -9.58176957e-01  2.82009428e-01  1.19648513e-01
  -2.36387604e-02  5.75439006e-01  3.98947064e-01 -5.68953959e-01
   7.17266747e-01  8.86718609e-01 -7.30803120e-02  4.50254569e-01
   1.22370826e+00 -3.52558726e-01  6.14487854e-01 -4.85302273e-01
   4.37589279e-01 -2.65123645e-01  3.89654113e-01  6.25888724e-01]
 [-3.51254854e-01 -1.08562452e+00  1.67877357e+00 -3.27458812e-02
  -7.74866446e-01 -1.94365037e+00 -3.14369575e-01  9.68034752e-01
   2.09148271e-01 -3.45644880e-01  1.91122049e+00  9.07738416e-01
   4.85611614e-01 -8.32898462e-01 -1.02773681e-03 -1.27943997e-01
   2.62211572e-01  4.39942074e-01  1.25880743e+00  1.15016912e+00]
 [ 2.51077112e-01 -1.50420445e+00  3.09099552e-01 -9.83462236e-01
   1.84732357e-01 -9.59485216e-01  1.08088929e-01 -5.76122243e-01
   1.22317738e-01  5.77650981e-01 -3.26308610e-02 -2.87335633e-01
   5.39532527e-02 -4.25680615e-01 -1.33879214e+00  2.11617216e-01
  -8.47829334e-01  1.85499652e+00 -9.70919899e-01  9.91496251e-01]
 [ 8.96856072e-01 -1.62067304e+00  9.41282053e-02 -7.73856607e-01
   3.99070697e-01 -1.99962302e-01 -7.99511597e-02 -1.03532760e+00
   1.50635574e+00 -1.21080563e+00  7.62382462e-02 -1.45787609e+00
   5.63589972e-01 -4.37948815e-01 -6.96472930e-01  1.05385371e-01
   4.86453088e-01  8.59219487e-01  1.64282287e+00  1.72041336e-01]
 [-1.06857080e+00  6.66539528e-01 -7.79368031e-01 -4.77687120e-01
   6.79810525e-01 -3.81449927e-01 -4.18657216e-01  5.10257571e-01
   1.08582578e-01 -6.40207225e-01 -5.06654128e-01 -1.72981859e-01
   1.05365168e+00  8.22197063e-01  8.55954722e-01  1.32229479e+00
  -1.25192109e+00 -9.68453826e-01 -2.51661502e-01 -5.78415264e-01]
 [ 2.09430563e-01  1.12903088e+00  1.61948594e-01  3.12205372e-01
   1.79253619e-01 -1.19055189e+00  2.48607643e-01  2.17050504e-01
   4.60680625e-01 -7.59972185e-01 -2.04785384e-01 -3.66867594e-01
   2.89451641e-01 -7.06790376e-02  6.69505070e-01  2.89019349e-01
   4.31760410e-01 -1.66930400e-01 -1.54798609e+00 -2.49401956e-01]
 [ 3.97752093e-01 -1.11629863e+00  6.05154005e-01 -2.76314423e-01
   4.69599267e-01 -4.69748611e-01  1.58884335e+00  6.43148685e-01
   5.80114591e-01  1.29966996e+00 -3.30571539e-01  1.71104573e-01
   6.67047832e-01  1.51454096e-01 -2.27387337e-01 -2.02453038e+00
  -1.10630049e+00  1.01231133e+00  2.40525751e-01 -5.10295377e-01]
 [ 1.31539909e-01  7.12927125e-02  5.64372800e-01 -3.52479173e-01
   9.89173358e-01 -8.80555306e-01  7.54488457e-01  2.85272200e-01
  -2.06604715e-01  3.41648305e-01 -5.14860142e-01  3.35010310e-01
  -5.59719712e-01 -8.02060010e-02 -6.55925433e-01  1.06923530e+00
  -3.66721764e-02 -6.73972195e-01 -1.99921332e-02  1.98949057e-01]
 [-6.22879183e-01  3.53743657e-01 -1.22930163e+00 -9.61888267e-02
  -1.09668816e+00 -1.40652300e+00 -3.27709879e-01  2.43138474e-01
   2.94433163e-02  1.93713589e-01 -2.18555552e-01  2.83187549e-01
   9.95817449e-01 -3.53248796e-01 -7.71662406e-02 -1.47196485e+00
  -1.39137453e-01  3.94046779e-01  8.22066101e-01  5.48453926e-01]
 [-7.56645714e-01 -9.25657019e-01 -3.34525757e-01  6.20429994e-01
   6.15738226e-01  7.81199426e-01  2.15720226e-01  3.98622854e-01
  -6.58274772e-01 -1.43496744e+00 -2.60303736e-01 -9.84187207e-01
   4.49281617e-01  3.49163930e-01 -7.33658476e-01 -4.15159493e-01
  -6.53551173e-01 -5.75435864e-02  7.04588021e-01  5.13932891e-01]
 [ 7.63415028e-01  3.97366690e-01 -9.49009593e-01  1.66679168e-01
  -5.13699006e-02 -6.47298538e-01 -3.66821510e-01 -2.98108052e-01
  -8.26236997e-01 -9.96189883e-01 -1.92468012e-01  7.38749141e-01
  -1.16551665e+00 -1.05778293e+00 -7.03800937e-02 -1.26706951e+00
  -5.63740779e-01 -5.98502384e-01 -7.38098168e-01  3.94754975e-02]
 [-7.95802770e-01 -2.95819594e-01 -1.90164665e-01 -6.86717851e-01
   1.74770881e-01 -8.49742954e-01 -1.10173963e+00  1.58024165e-01
   9.57607405e-03  5.56013605e-01  3.63759063e-01 -3.50723762e-01
   9.79177872e-01 -5.50022601e-01 -7.53072301e-01  2.07321391e-01
   7.15991839e-02 -9.66780536e-01 -1.22921721e+00  1.37017526e+00]
 [ 4.19459046e-01 -4.11276965e-01  1.14656743e+00  1.87219636e-01
   1.02493557e+00  1.01008308e+00 -1.55045939e-01 -1.60463780e+00
   1.41816369e+00  5.11323374e-01 -4.57589354e-01  8.83509094e-02
   8.73515495e-01 -1.43869537e+00 -4.92661611e-01 -2.46814604e-01
  -2.29393694e-01  1.27311186e-01  3.18271984e-01  2.62448075e-01]
 [ 7.49652764e-01 -7.26441284e-01  3.69571204e-01  6.97292755e-01
  -1.01749054e-01 -4.38021406e-01  4.01773044e-01  1.21010459e+00
   1.70249967e-01  1.00424367e+00  4.03346448e-02  2.74648775e-01
  -1.31089740e+00  3.82129193e-01  2.60025857e-01  4.75594235e-01
   2.72826288e-01 -8.86032685e-01 -5.24770583e-01  6.20891200e-01]
 [ 4.84627066e-01  9.04332710e-02  8.88115994e-01 -3.48831891e-01
  -1.29450441e+00 -1.23144178e+00 -8.91432075e-01  1.04235944e+00
  -1.29605432e+00 -1.01275348e+00 -1.89660500e-02  1.50859785e+00
   3.04608320e-01 -3.22715003e-01  2.89966137e-01  9.72075219e-01
   3.58312609e-01 -1.34102605e-01  4.70139453e-01 -4.80419345e-01]
 [-4.25454517e-01 -1.11410870e+00  1.15920911e+00  1.15935956e+00
  -1.19676050e+00 -1.80202687e+00 -7.74233220e-01 -5.42732868e-01
  -5.93834288e-01 -6.00098393e-01 -2.52711453e-01 -4.23122471e-01
  -5.35361264e-02  8.67129040e-02  7.35479579e-01  2.89888756e-01
   7.38874938e-02  6.47880809e-01  1.57525350e-01 -9.19794609e-01]
 [-2.00785651e-01 -2.89995816e-01  6.41715377e-02 -2.08939672e-01
  -1.04773370e+00 -2.09370440e-01  3.79405019e-01  7.19278299e-01
  -1.11329126e+00 -4.00559079e-01 -1.00913365e+00 -6.37967043e-01
  -1.56968559e-01 -1.10074497e+00 -1.15776521e+00  4.02000808e-02
   6.82434360e-01 -5.70066764e-01  5.27660243e-01 -6.54426370e-01]
 [-1.03141030e-01 -3.43909668e-01  1.05993374e+00  7.89609079e-01
   1.37754838e-01 -2.20394832e-01 -3.98067859e-01 -5.58853998e-01
  -7.12376444e-01 -1.02082777e+00  2.75767708e-01  3.42595382e-01
   6.32634300e-02 -4.29023687e-01  2.98993641e-01  1.21068062e+00
  -2.76784442e-01  7.88749719e-01 -7.97076562e-01  1.06134200e-01]
 [ 1.88509587e-02  1.02038560e-01 -6.08287554e-01 -5.43313640e-01
  -6.77302777e-01 -8.33000498e-02  3.55095604e-01 -6.77722389e-01
   5.97457137e-01 -1.25347503e+00 -7.72619345e-01 -4.73111781e-01
  -1.03484987e-01  2.32243814e-01 -4.68716556e-01 -2.60230431e-01
  -1.47506308e+00 -1.01357965e-01  6.58278573e-01  1.75476699e-01]
 [ 1.06827167e+00  4.28639657e-01  5.83426910e-01 -2.81986066e-01
  -4.94934686e-01 -8.72681214e-01 -1.41178732e+00  7.57169194e-01
  -2.26848313e-01  1.14489524e+00  3.86072620e-01 -7.50791042e-01
   2.51411474e-01 -3.45891249e-01  8.02843455e-01  4.25088229e-01
   1.07426802e-01  1.06373877e+00 -2.14131523e-01 -2.56461134e-01]
 [ 5.85544449e-01  4.38066799e-01  1.18231740e+00  7.53534409e-01
  -1.13525854e+00 -8.35119688e-01 -8.07822040e-01 -8.43057855e-01
   2.89969276e-01  2.80933595e-01 -6.32116627e-01  1.33118992e+00
   8.23027073e-01 -4.93868507e-01 -3.54082126e-01  7.37792579e-01
  -5.09722613e-01  1.16335725e+00 -4.73947540e-01 -1.39280282e+00]
 [ 2.21492014e-01  3.31617159e-01  5.61533845e-01 -8.00439485e-02
  -3.09972051e-02 -3.87757934e-01 -5.59152874e-01  3.66406836e-02
  -1.81901005e-01 -9.09178331e-01 -1.44449305e-01 -8.17059949e-01
   4.65330569e-01 -1.66998735e+00 -4.33409234e-01  7.00062474e-01
   6.37574786e-01 -3.16244374e-01 -1.02599911e+00 -4.46665549e-01]
 [ 8.99544872e-01 -8.49963912e-01 -6.78128081e-01  4.45770641e-01
  -2.35655797e-01 -1.30494250e+00  1.81764581e-01 -4.33880142e-01
   1.67124474e+00  7.93234418e-01 -1.24954783e+00 -1.28329881e+00
   1.31323354e+00  4.94908334e-01  2.47100729e-01 -4.25345386e-01
   2.89876679e-01  1.45082983e+00  6.97832947e-01  1.23561831e+00]
 [ 1.66191884e+00 -1.02467836e+00 -5.17294560e-01  2.04952841e+00
   5.10045270e-01 -2.81338977e-01 -1.35759268e-01 -3.26573373e-02
  -1.65960542e-01 -1.30134470e+00 -2.89019202e-01 -1.57646913e+00
  -6.49223422e-01  7.49077080e-01 -1.57148465e-02 -5.56197264e-01
   2.28461051e-01 -7.26055092e-01 -9.20481906e-01  3.65382336e-01]
 [ 5.27461855e-01  9.49210546e-01  9.40412350e-01 -5.38624395e-01
  -8.96562472e-01  1.10098315e+00 -6.72932100e-02  3.91837408e-01
   8.41578282e-01  2.61316175e-01  1.36352630e-02 -8.27019182e-01
   1.60217685e-01 -3.00615798e-02 -1.05573856e+00  7.23516117e-02
  -6.71691950e-01 -1.04111709e-01  1.02646634e+00  7.19804268e-01]
 [ 9.38121549e-01 -1.50619903e+00 -1.24118966e+00 -9.39701349e-01
  -4.66939440e-01  6.36859080e-01  4.74926106e-01  9.25910954e-01
   1.22380548e+00  8.97571059e-02 -2.34711395e-01  8.48803827e-01
  -2.23452078e-01 -3.57683168e-01 -6.13345850e-01 -2.84784099e-01
  -5.49777630e-01  2.16004200e-01  4.26805368e-01  1.27400885e+00]
 [ 9.88203645e-01  4.31156131e-01  4.21437880e-01 -9.85681020e-01
  -1.14693657e+00  9.11709996e-01 -1.21970209e-01  2.81802014e-01
   8.78689773e-01  1.00905311e+00 -2.02892173e-02  7.48649837e-01
   1.45598630e+00  1.29800969e-01  4.54915565e-01  1.34185335e+00
  -1.03357364e+00  6.01654901e-01  3.19043016e-01 -4.26707109e-01]],[[-1.1904191   0.92595223 -0.29916339 -0.38737004 -0.56186664  0.22282861
   0.40598905 -0.38055944  1.23173456 -1.42532385  1.15855391  0.2239061
   0.88529627  0.73281144  0.47823353  0.83712257]
 [ 2.36714993 -0.53447738  0.7320809  -0.08900624 -0.62774967  0.24327021
   0.15316034  0.46903907  0.36257035  0.33714103  0.84553418  1.43631263
  -0.07610203  0.31265116 -1.23322755 -1.64505449]
 [-0.14573118 -1.45829446 -1.15822761 -1.11606895 -0.45001155  0.71149707
   1.0558402  -1.26052104  0.06952969 -1.36375242 -0.2303963   0.04894793
   1.90022736  1.29259323  0.05009595  0.1421475 ]
 [-0.45861223  0.65056553  0.78793943  0.36077283 -1.18252031 -0.83281889
   0.61261272  0.00442501  0.45687392 -2.23904122 -0.78858023 -0.5724507
  -0.26558376 -1.15031735  0.97795108  0.31944324]
 [-1.44522165  0.19237174  0.58721668 -1.19400982 -0.18777628  0.57812404
  -0.92241505  1.16046103 -0.38506035  0.53497641 -0.61092128 -0.44425772
  -0.2209998   0.88748776 -2.30649742 -0.08616372]
 [ 1.0169138  -0.03574716  1.39341853  0.13330006  1.74118273 -0.06005381
  -0.52997473 -0.54617561  0.91754438  1.8360954  -0.39671639 -0.66743729
  -0.7880697  -0.39112431 -0.46011221 -0.33629123]
 [ 0.55920779 -1.48868842  0.16318744  1.25261849  1.37049924  0.40496948
   1.28645754  1.06986813  1.88718453 -0.17375537  0.03515433 -0.17229749
   1.58770623 -0.99409872 -0.22042663 -0.97107102]
 [-1.81047574 -1.4749493   0.22978573 -0.99805428 -0.37986896 -0.1045643
   0.15783288 -0.35819431 -2.10451782  0.67193106  0.37633497  0.39693492
   0.83517295  1.58817264  1.70934148 -0.98005021]
 [ 0.14669419  0.71257446  0.38686791  0.02092016  1.63234881  1.3622613
  -0.50395229 -0.21551837 -0.86913843  0.44624863 -0.01435542 -0.90034792
   0.17964271 -0.45069726 -0.24495555  0.92810398]
 [ 1.12840696  1.28527292  0.0671101  -0.40400523 -0.70528839 -0.46118057
   0.11076357  0.63974541 -0.86857388 -1.52543828  0.75814812 -0.71700047
   0.30546355  0.62625623  1.1203982  -0.87983675]
 [ 1.11048932  1.3536574   0.69511335  0.17532261 -2.02858954 -0.01630749
   1.34898361 -0.27839742  0.1601131  -0.80520175  1.30833787  1.18969497
  -1.08985894  0.03388227 -0.21932609 -0.58611657]
 [-0.81864248  0.45591601  0.65473987 -0.04541205 -0.03028274 -0.73213175
  -0.34687282  0.27346147 -1.10327252  0.93785717 -0.16382374  0.86640922
   0.23948978 -0.46729486  0.548166   -0.97273079]
 [ 0.80835282 -1.63142462 -1.18963902  1.01105162  1.98156498 -0.82070706
  -0.42112878 -0.86069157 -0.43624832  0.58020199 -1.3620943  -0.25003369
  -0.91911841  0.45795599  0.66702817 -0.78769845]
 [ 1.10719312  0.44030588 -0.19207278 -1.47374793 -0.75164946  1.18094078
   1.44373723  0.46300951 -0.29009531 -0.06094411  1.05890056  0.55657427
  -1.61077403 -0.88511313  0.75471354 -1.1226879 ]
 [ 0.89243406 -0.67646515 -0.2695031  -1.87358773 -0.43709059 -0.7020681
  -1.04565655 -1.01037453 -1.36086227  0.02088105  1.26515    -1.27695675
  -1.32722194 -0.33648426 -0.45456876  2.27453029]
 [-0.20734879 -0.06454097 -0.25671289  0.42515604 -0.57192926 -0.08568281
  -0.78225762  1.00365836 -0.37603075  0.43537385  0.53699697  1.01226655
  -0.14917984  1.35236713  0.09959329  1.0826132 ]
 [-0.285681    0.03517321  1.73875604  0.22624213 -0.05803107  0.76527842
   0.9113095  -1.24799913  0.33675461 -1.56389349  0.9054497  -0.26968062
   0.5873777   0.22193177  0.20420194  1.46825966]
 [-0.37994555 -1.986875    0.59092385  0.33016954  0.28390751 -0.21245098
  -0.1341467  -0.07247512 -0.75431556  0.31433488  0.10976873  0.728036
  -0.05120532  1.48874738 -0.35159452  0.7021211 ]
 [-1.34847036 -0.46963015  0.15077425 -1.48750782  0.98309034  0.41619622
   0.33105331  0.11294877  0.84125235  0.34768031  0.28437882  0.47238748
  -0.51893174 -1.18599979  0.23190572 -0.57494579]
 [ 0.10998557  1.2482209   0.26967337 -0.34091971  0.07293393  0.41711062
   0.34485838 -0.48085656 -0.63578352 -1.3730872  -0.53706057 -0.25574977
  -1.1334359  -0.95645558  0.69897511 -1.21872364]]