[[-5.97177773e-01 -7.50294093e-01  1.86997285e-01  1.01585775e+00
  -8.91230613e-01 -8.35464097e-01 -1.86705362e-01  8.71632849e-01
  -3.08475905e-01 -2.61009607e-01 -1.50559958e-01 -2.91423280e-01
   1.06527280e+00 -6.22786407e-01 -4.23668307e-01 -8.03678917e-01
   1.14203473e-01 -1.18033047e+00  5.47151979e-01 -4.86735911e-03]
 [-9.18799216e-02 -8.29678382e-02  7.48076642e-01  1.22465665e+00
   7.12882918e-01  3.16596837e-01 -1.39290253e+00 -9.99617068e-01
  -1.10307894e-02 -4.64305163e-01  1.20397302e+00 -6.80990825e-01
   1.12635476e-01 -1.00783183e+00 -1.13165630e-01  5.91682140e-01
  -4.49059055e-01 -3.18995125e-02 -7.26881741e-01  5.95346977e-01]
 [ 4.06326356e-01  8.08462525e-02  1.10809219e+00 -4.28734464e-01
  -1.07420475e+00 -3.37205182e-01 -8.59969531e-02 -4.41110219e-01
   9.05558394e-01 -1.02199999e+00 -6.90618481e-01 -9.24670391e-01
  -6.87832236e-01 -4.72114978e-01 -8.78868595e-01  1.30255440e+00
  -6.15243629e-01 -4.65502171e-01  1.12602420e+00 -2.19580454e-01]
 [ 5.25530745e-01 -2.62031019e-03 -9.47269547e-01 -8.24292034e-01
  -1.02090768e+00  2.98805744e-02 -1.46366045e-01  2.76863290e-01
  -3.89653858e-01  9.64455343e-01  1.60385584e+00  8.58768393e-01
   2.92097530e-01  6.43756392e-01  1.35355813e+00 -1.21434856e+00
  -2.21929840e-01  3.52320945e-01 -7.17085406e-01  1.60533476e-02]
 [-4.93377886e-01  2.87596001e-01  2.56379534e-01  6.53312659e-01
   1.75483515e-02 -6.78383299e-02 -3.34253238e-02  9.66841890e-01
   9.75445189e-01 -7.27937941e-01 -6.85282109e-01  6.54053256e-01
  -2.48975376e-01 -1.37306619e+00  6.48086016e-01 -5.09380991e-01
  -7.93794529e-01 -7.61285281e-01 -2.16013299e-01 -1.11716254e+00]
 [ 7.79231630e-02 -7.32796282e-01  4.44779376e-01 -1.73254653e+00
   9.41538528e-01  1.68946856e-01  2.92577975e-01  4.19884979e-02
   1.13398764e+00  4.34633113e-01  8.91479025e-02  2.08238410e-01
   9.31836870e-01 -1.28300725e+00 -1.39953576e+00 -5.27154421e-01
   9.99379253e-01 -4.22589681e-01 -7.90232089e-01  3.08013153e-01]
 [-9.19394755e-01 -2.26025214e-01  1.09369752e+00 -3.77599264e-01
  -9.89259072e-02  4.51362235e-01 -8.79558921e-01  1.24602667e+00
  -1.05130035e+00 -4.74491313e-01  1.42754421e-01  1.17059533e+00
  -8.80041400e-02  6.54322832e-01 -5.65819368e-01 -7.35533015e-01
  -2.25280172e-01  9.40111552e-01 -7.97649539e-01  9.41065101e-01]
 [-1.69085282e-01 -8.15438012e-01 -1.78960435e-01  1.33473604e+00
   3.24464829e-01 -3.68180950e-02  2.88892653e-01  1.74072543e-01
  -1.97764424e-02 -6.35766035e-01 -1.30805110e+00  5.01942417e-01
   1.16501454e+00 -1.18174751e+00 -3.71594596e-01  2.59606608e-01
  -1.14704438e+00 -5.83172608e-01  1.18619826e+00 -1.72417687e-01]
 [-3.76950530e-01  5.60425640e-01  6.25463549e-01  6.52347344e-01
   5.56043666e-02 -1.79170273e+00 -3.24702643e-01  1.30756191e-02
   6.39247992e-01  1.05454959e+00 -4.09046726e-01 -5.51442967e-02
   6.18765531e-01 -6.87672766e-01 -5.94533748e-01  8.67790519e-01
   7.69425887e-01  1.65952134e+00  3.47906282e-01  1.18420116e-01]
 [-5.72556854e-01 -5.39111301e-01  6.84774180e-02  1.19648513e-01
  -6.75715700e-01  1.04835706e+00  7.17193179e-01 -8.89206415e-01
   1.95854656e-01  2.30193453e-01  5.86088015e-01  2.87204098e-02
   1.34014327e+00 -7.54789627e-01 -1.15325445e-01 -1.28071963e-01
   4.68730970e-01  1.13670973e-01 -3.49974925e-01  6.25888724e-01]
 [-4.64427058e-01 -5.57638849e-01  1.72280318e+00 -3.57326579e-01
  -9.46162296e-01 -6.75517403e-01 -9.44915612e-01  9.47615866e-01
  -2.97806045e-01 -2.00796799e-01  6.34267575e-01  5.04473957e-01
   1.01756468e+00 -1.32099643e+00 -1.02773681e-03 -3.17838379e-01
   2.62211572e-01  8.03833541e-01  8.51103629e-01  6.79847365e-01]
 [ 1.93953477e-01 -7.80363438e-01  6.55163120e-01 -1.03132087e+00
  -2.02904434e-02 -3.12227135e-01  5.74818247e-01  5.68567911e-02
  -2.68406688e-01  8.26848849e-01 -3.26308610e-02 -4.19864748e-01
   4.29321975e-01  2.59884577e-01 -3.73084861e-01  1.20812807e+00
  -6.74983170e-01  1.67690287e+00 -6.54271602e-01  1.20489120e+00]
 [ 1.41081714e+00 -1.39908385e+00 -1.72472748e-01 -6.70977948e-01
   7.61192373e-02 -1.35658701e+00 -4.56674628e-01 -8.62034745e-01
   1.08061145e+00 -8.14381484e-01  4.48188632e-01 -9.54372925e-01
   1.68641089e-01 -7.77195494e-02 -2.26402887e-01  4.74356981e-01
  -3.78665263e-01  4.65227938e-01  2.06745823e+00  5.57160801e-01]
 [-1.30098913e+00  2.56974097e-01 -3.90738599e-01 -6.92671081e-01
   6.79810525e-01 -8.36887944e-01 -5.45227140e-01 -4.07578929e-01
   3.98503960e-01 -8.18113821e-01 -4.43041474e-01 -9.17100333e-02
   8.21181073e-01  1.14379208e+00  9.59971887e-01  1.20788127e+00
  -1.04601802e+00  1.36402340e-01 -4.37440427e-01 -4.15870714e-01]
 [ 1.74966192e-01  5.92974534e-01 -6.81741616e-01  8.47883253e-01
   4.86387743e-02 -1.19055189e+00 -1.73021130e-01 -5.58571284e-01
   4.60680625e-01 -1.17823470e+00 -4.89219335e-01  3.59011870e-01
   5.94561351e-01 -6.67238184e-01  1.32324443e-01 -1.23441802e-01
   2.72066335e-01 -6.40371807e-01 -1.52213226e+00  5.11083242e-02]
 [ 3.97752093e-01 -7.88456279e-01 -1.05185268e-03 -1.27949312e-01
  -2.08577539e-01 -7.40003000e-02  2.23085149e+00  6.43148685e-01
   5.35671322e-01  1.28451912e+00 -1.12808466e+00 -1.90388440e-01
   8.46619199e-01  1.51454096e-01  4.76573427e-01 -1.34699796e+00
  -8.29028566e-01  1.47037782e+00  7.50692525e-01 -1.05330435e+00]
 [ 2.11912511e-01  4.89389354e-01  9.22790929e-01  6.99227219e-02
   7.92773625e-01 -6.23097661e-01  1.24823772e+00  5.92741340e-01
  -2.06604715e-01  9.14725606e-01 -3.45514580e-02  6.16145871e-01
  -6.50991648e-01 -3.07841254e-01 -1.03502814e+00  8.60707386e-01
  -2.59146123e-01 -6.73972195e-01  3.02533462e-01  1.04293794e-01]
 [-6.22879183e-01 -1.21308254e-01 -5.17425881e-01 -5.06995811e-01
  -7.72392983e-01 -9.42161029e-01  3.76312338e-01 -1.42845248e-01
   5.34294139e-01  8.05416165e-01 -6.96220954e-01 -5.07546881e-01
   1.76255238e-01  9.47422100e-01 -8.98650387e-02 -1.45285965e+00
  -5.71809378e-01  8.15593468e-01  9.00853843e-01  9.14844536e-01]
 [-4.12668690e-02 -1.16952193e+00  6.43129751e-01  2.16179212e-01
   7.38765563e-01  1.27763817e+00 -2.10532679e-01  8.07837532e-01
  -4.46568085e-01 -1.20795334e+00 -6.07129691e-02 -8.28513366e-01
   9.81271317e-01  5.09806765e-01 -4.50707294e-01 -6.12563424e-01
  -3.56679212e-01 -4.42930537e-02  9.26431447e-01  3.35158182e-01]
 [ 7.26884097e-01  3.97366690e-01 -5.07581641e-01  1.93343177e-01
  -3.59174477e-01 -6.63831099e-01 -3.99605466e-01  9.64803223e-02
  -1.94846173e-01 -9.96189883e-01 -1.74860584e-01  6.08303698e-01
  -5.35035445e-01 -5.25984501e-01 -2.80733246e-02 -6.56085721e-01
  -1.31733098e+00 -1.23859282e-01 -6.30655557e-01  3.94754975e-02]
 [-7.56314931e-01 -3.07660356e-01 -2.26172387e-02 -2.84410030e-01
   3.43885189e-01 -1.53608056e+00 -8.14484638e-01  2.14103527e-01
  -7.63377023e-01  9.13208956e-02 -1.12535408e-01 -3.76639133e-01
   7.80602519e-01 -5.56438884e-01 -5.62580731e-01 -4.81475439e-01
   7.15991839e-02 -4.15404374e-01 -1.73781021e+00  9.84601870e-01]
 [ 1.97183722e-03 -1.52359723e-01  1.49977054e+00  2.78511983e-01
   1.60533530e-01  6.51581233e-01 -9.19537236e-01 -1.10854676e+00
   4.63531473e-01  5.69533108e-01 -1.21114889e+00  9.37524819e-02
   1.55664548e+00 -6.95209460e-01 -2.90192556e-01 -1.33138084e+00
   7.39160042e-01  4.17648614e-01  5.27950232e-01 -1.02171512e-01]
 [ 1.23244139e-01 -9.62272146e-01  5.18363107e-01  3.61057159e-01
  -4.74898898e-01 -1.10041059e+00 -1.00087101e-01  1.13304359e+00
  -2.93965381e-01  5.42035131e-01  1.57690012e-01  2.74648775e-01
  -1.13436970e+00  5.42083616e-01  9.53995463e-01  6.64072128e-01
  -2.01487919e-01 -6.96214830e-01 -2.96194721e-01  2.26063477e-01]
 [ 1.23720810e+00 -4.16109935e-01  6.92873284e-01 -1.86886036e-02
  -3.75407830e-01 -1.23144178e+00 -8.08964721e-01  8.06838705e-01
  -1.17980632e+00 -8.17218855e-01  5.27554620e-01  1.95352334e-01
   5.68275140e-02 -1.18948000e-01  7.28711095e-01  1.13450312e+00
   8.57481215e-02 -5.79759617e-01 -6.86926414e-01 -8.73715672e-01]
 [-6.16568038e-01 -1.06600454e+00  1.15920911e+00  3.77146940e-01
  -7.43067300e-01 -3.14941683e-01 -5.64950413e-01 -8.88984470e-01
  -2.22934663e-01 -2.71190500e-02 -4.54124495e-01  4.61026782e-01
   2.54643677e-02 -2.24538855e-01  8.92715605e-01 -3.56238212e-01
  -1.64675432e-01 -1.70655804e-01  6.44630046e-01 -1.36486636e+00]
 [ 3.77578146e-01 -5.23271946e-01  6.93575314e-01  1.52724032e-01
  -9.83520950e-01 -2.09370440e-01  1.79041428e-01 -5.17513937e-01
  -1.41163455e+00 -1.14460294e+00 -7.33256274e-01  4.29709225e-02
  -1.75120384e-01 -6.06006064e-01 -9.92267352e-01 -2.18141439e-01
  -5.14194938e-01 -3.11553561e-01  3.45502278e-01 -4.46120625e-01]
 [-5.47429224e-01 -5.74229970e-02  7.29012218e-01  8.94328042e-01
   4.25754480e-01 -7.69648053e-01 -4.35099579e-01 -4.41633959e-01
  -2.44912153e-01 -3.75615621e-01 -1.19769979e+00 -6.93616591e-02
   1.32500052e-01 -1.41848220e-01  4.09964155e-01  1.11060243e+00
   2.82121253e-01  7.88749719e-01 -7.50952766e-01  4.53305968e-01]
 [ 2.53634161e-02  2.47556122e-01 -6.08287554e-01 -3.58245600e-01
  -1.33999150e+00 -1.11957218e-01  2.65489490e-01 -3.68493883e-01
  -6.59467711e-04 -1.25347503e+00 -4.00972253e-01 -8.94234598e-02
  -4.61612384e-01  4.94618261e-02 -7.89235997e-01 -1.74155037e-01
  -7.72595757e-01  3.33033952e-01  6.39688078e-01  1.75476699e-01]
 [ 1.24902053e+00 -5.22630465e-02  8.66260338e-01  3.57482432e-02
  -1.59248220e-01 -9.43439990e-01  1.42781932e-01  8.92799849e-01
  -7.38409942e-01  9.79692334e-01 -3.92462512e-02 -2.97389213e-01
  -6.88040814e-01 -3.81094883e-01  7.89267950e-01  4.25088229e-01
   3.14556481e-01  1.51663724e+00 -6.39402298e-03  2.42379063e-01]
 [ 6.59900966e-01  1.05888755e+00  7.23662689e-01  7.53534409e-01
  -6.56733954e-01 -4.57418079e-01 -8.16209289e-01 -9.50203516e-01
  -1.09716387e-01  8.93080719e-01 -5.60889173e-01  1.22119736e+00
   6.86354795e-01 -1.49530191e-01 -6.96979376e-01  1.07059526e+00
  -6.48390410e-01  3.92893325e-01 -4.98902493e-01 -1.07238114e+00]
 [-5.48561288e-02  4.83588027e-01 -2.74296457e-01  1.37847371e-01
  -4.29158729e-02 -1.70809862e-01 -5.59152874e-01  4.77832192e-01
  -5.64846688e-02 -9.09178331e-01 -1.44449305e-01 -6.16056357e-01
   3.00925807e-01 -2.25900770e-01 -2.75129346e-02  2.63838822e-01
   3.06493387e-01  5.73220526e-02 -1.23211223e+00 -5.48723786e-01]
 [ 9.11681738e-01 -8.49963912e-01 -3.50360670e-01 -2.87053007e-02
  -7.07666755e-01 -1.16413058e+00 -2.58909256e-01  6.83429441e-01
   5.52930981e-01  6.20465469e-01 -1.61823247e+00 -1.48658412e+00
   4.39509694e-01  5.08638409e-01  3.78277308e-01 -7.33929307e-01
   2.89876679e-01  1.15971272e+00  4.24710989e-01  9.22363807e-01]
 [ 1.09297100e+00 -1.50667064e+00  1.77195403e-01  3.33404891e-01
   1.42051332e-01 -4.97842710e-01 -4.32418897e-01 -3.26573373e-02
  -1.05158367e+00 -8.79051654e-01 -4.77057300e-01 -1.02540357e+00
  -6.49223422e-01  7.98293897e-01 -1.57148465e-02 -9.76414744e-01
  -1.95241939e-01 -1.02952204e+00 -1.32397175e+00  3.45335404e-01]
 [-4.48296176e-01  1.10348146e+00  7.37520904e-01 -6.86959755e-01
  -1.84886042e+00  1.54600627e+00  1.01676985e-01  7.32321975e-01
   1.35130692e+00  3.00510731e-01  3.53989463e-01 -4.33275700e-01
  -1.10634452e-01  2.92422047e-01 -4.82273891e-01  6.26067602e-01
  -8.25210201e-02 -2.24764414e-01  3.21218751e-01  5.95585933e-01]
 [ 7.79604607e-01 -9.47792915e-01 -1.59810996e-01 -7.47256415e-01
  -8.69343354e-01  1.97479435e-01  1.05077793e+00  1.06696444e+00
   1.35598287e+00 -1.96380195e-02  2.54173042e-01  3.84813370e-01
  -2.54767276e-01  1.53440032e-01 -9.09970666e-01  9.15108951e-02
  -3.11327743e-01  5.33266543e-01  1.86225785e-01  9.47286236e-01]
 [ 1.03341019e+00  5.21226684e-01  3.53724473e-01 -8.62973258e-01
  -1.16081393e+00  7.22383217e-01 -5.87643683e-03 -3.37836067e-01
   5.82780294e-01  1.01186216e+00 -2.02892173e-02  6.37649278e-01
   8.90995225e-01  1.80653761e-01  4.54915565e-01  1.25368925e+00
  -1.08693073e+00  1.12819670e+00  2.52445943e-02 -5.13586891e-01]],[[-4.25484464e-01  1.26621726e-01  2.86649579e-01 -5.56556893e-02
  -2.16355487e-01  7.26828234e-01  1.07370905e+00  1.74512037e-01
   7.26958156e-01 -8.50801525e-01  2.30318310e+00  4.50420091e-01
   1.82173878e-01  7.00704539e-01  9.85853269e-02  5.18418357e-01]
 [ 1.17014539e+00 -6.68203796e-01  9.47010808e-01  5.00592978e-01
  -1.15395702e+00  3.04947336e-01 -4.15750783e-01 -3.80795652e-02
  -9.21182115e-01  8.04386208e-02  7.06745632e-01  7.81957709e-01
   7.42565208e-01  1.57457379e+00 -7.94201403e-01 -9.37966370e-01]
 [ 7.87673021e-01 -8.57721345e-02 -1.63664683e+00 -1.01243567e+00
   1.08282782e+00 -1.49032646e-01 -3.16597268e-01  9.28177425e-02
  -5.83628014e-01 -7.09171712e-01  1.47264314e-01 -7.86564477e-01
   1.06821695e+00  8.70472311e-01 -1.01636593e-01  2.82402189e-01]
 [-5.04015508e-01  3.85409255e-01  1.47484694e+00 -4.97404430e-02
  -3.01302866e-01 -6.82642258e-01  1.44103852e-01  3.64491855e-01
   1.08051138e+00 -2.31605294e+00 -5.66915976e-01 -3.39991172e-01
   1.15646089e+00 -4.98944716e-01  9.59869234e-01  1.75491696e-01]
 [-8.02961213e-01  8.75444044e-01 -3.33223103e-02 -2.89471892e-01
  -6.09539139e-01  1.10176375e+00 -6.80675073e-01  1.86805750e+00
   9.53601916e-01  6.70209609e-01 -1.74222999e-01 -6.60201333e-01
   4.92980484e-01  1.66212533e+00 -2.11533124e+00 -1.07026557e+00]
 [ 8.47428854e-01  1.95126452e+00  1.39511734e+00  3.36342027e-01
   1.49278980e+00  3.96200852e-01 -1.97352538e-02 -1.84027732e-01
   7.65718360e-01  7.20127972e-01  1.33244521e+00  5.95072254e-01
  -1.09996363e+00  1.64773548e-01 -7.85902960e-02 -3.61582304e-01]
 [ 9.88195813e-01 -1.36022298e-01  1.19176797e-01  6.68505149e-01
   6.13557714e-01  3.44247836e-01  1.10145977e+00  9.59900675e-01
   1.52326795e+00  1.15622692e+00  3.77007702e-01  2.26224984e-01
   4.76119070e-01 -6.74660807e-02 -2.25358667e-01 -1.43164351e-01]
 [-1.19202577e+00 -1.49364345e-02 -2.00230251e-01  1.60742074e-01
  -7.23294759e-01 -1.09428304e-01  1.02320605e-01 -8.95643490e-01
  -8.87995224e-01  2.04448591e-01 -2.35143783e-01  2.35494144e-01
   3.99925270e-01  4.59515781e-01  2.80230977e-01 -1.35536488e-01]
 [ 5.66590839e-01 -5.65013744e-02  8.63729792e-01  2.05645898e-01
   9.92609360e-01  4.32072144e-01 -2.19034152e-01 -4.78896321e-01
  -1.08656729e+00  9.07107350e-01 -5.20648194e-02 -1.01021808e-01
   4.88741470e-01 -9.09477776e-01 -2.69185407e-01  8.71738697e-01]
 [ 3.02081328e-01  5.35568993e-01  3.50991776e-01 -2.55129715e-01
   3.32402806e-01 -2.54804221e-01  1.38075351e+00  1.09590580e+00
  -2.75737081e-02 -1.06909895e+00  3.67638669e-02 -4.42281338e-01
  -6.06238932e-02  3.13767256e-01  1.38259162e-01 -2.02783990e+00]
 [ 6.30083842e-01  8.74963189e-01  1.57442782e-01  5.40177599e-01
  -1.74047136e+00  2.69353650e-01  9.36096536e-01 -2.31588951e-01
  -4.72007299e-01 -6.63194122e-01  9.44013385e-01  7.89258464e-01
  -3.78204724e-01 -9.19472862e-01  5.22471161e-02 -8.77842907e-01]
 [-4.80482149e-01 -1.55800300e-03  5.11018452e-01  5.89837917e-01
  -5.99750827e-01  4.45296140e-01 -1.96885517e-01  5.25027277e-01
  -1.52384797e+00  7.46997462e-01  2.30329779e-01  1.41237373e+00
   2.79253110e-01 -2.71166273e-01  5.97615625e-02 -6.88491024e-01]
 [ 5.53571556e-01 -7.61581781e-01 -1.86955252e+00  1.80322047e+00
   1.20811735e-01  1.34292478e-02  2.76280384e-01 -1.32234283e+00
  -6.21692224e-01  9.59824182e-01 -4.81975462e-01  3.50465199e-01
  -3.75723373e-01  4.78293599e-01  4.56358420e-01  1.40280953e-01]
 [ 2.35310627e-01 -3.50456307e-02  1.07810578e-01 -5.08322010e-01
  -1.13580725e+00  1.24453179e+00  1.20296248e+00  1.42211082e+00
  -4.40432059e-01 -5.20818972e-01  3.13764572e-01  6.61415031e-01
  -9.13165409e-01 -7.06768172e-01  3.34844085e-01 -1.72814210e+00]
 [ 1.57953599e+00 -1.77108957e+00  2.04596564e-01 -1.06636143e+00
   2.20504894e-01 -3.27884858e-01 -5.67268991e-01 -7.39247698e-01
  -1.18516798e+00  3.88835422e-01  9.55796494e-01 -7.35983900e-01
  -1.50098475e+00  1.05266222e-01  5.63297390e-01  1.73365002e+00]
 [ 4.95812308e-01 -2.75371480e-01  1.91904993e-01 -1.92644074e-01
  -2.81889018e-01 -2.71318750e-01 -3.05784661e-01  1.42268930e+00
  -6.73646143e-01 -2.27180152e-02  1.00649794e+00 -2.96520153e-01
  -7.60225269e-01  1.71721849e+00 -1.47920298e-01  1.38808326e+00]
 [ 2.17459923e-01  4.98255692e-01  2.02025172e+00 -2.61169667e-02
   9.14687758e-01 -7.64787930e-01 -1.06611068e-01 -1.58124251e-01
   8.65242415e-01 -7.71766752e-01  3.68941414e-01 -5.90290515e-02
   7.33840442e-01  4.18843090e-01  3.36846982e-01  8.75940771e-01]
 [ 2.28789965e-01 -1.90292525e+00  2.72545313e-01  8.75900375e-01
   1.81556564e-02  2.08709414e-01 -4.59733443e-01 -2.84027334e-01
  -1.27307033e-01  1.19751582e+00 -1.13015657e+00  4.00284747e-01
  -1.68964129e-02 -2.31501440e-01 -7.67854143e-01  7.15776608e-01]
 [-2.19942235e+00 -3.53252593e-02  6.18114937e-02 -8.72238158e-01
   2.13396388e-01 -1.08286285e+00 -2.72105743e-01  1.60558120e-01
   9.21862461e-01 -2.33565265e-01 -7.54456083e-01  7.86077043e-01
  -9.40428829e-01 -8.10774278e-01 -1.89331873e+00 -5.73357607e-01]
 [ 1.00109922e-02  8.76459741e-01  2.72361658e-01 -5.83480780e-01
  -1.06324795e-01 -4.35083524e-01 -1.60814970e-01 -9.35585927e-02
  -1.36766087e-01 -1.00394940e+00 -1.23390614e+00 -1.21765288e-01
  -1.00526663e+00  7.57673826e-01  1.12676658e+00  7.27850458e-02]]