[[-3.71399301e-01 -7.50294093e-01  6.61944154e-02  1.01585775e+00
  -8.91230613e-01 -6.70837973e-01  1.86685887e-01  8.71632849e-01
  -7.14042325e-01 -2.61009607e-01 -3.56846591e-01 -2.91423280e-01
   1.03492262e+00 -1.02637043e+00  3.48340635e-02 -8.03678917e-01
   5.98076677e-01 -1.39787313e+00  5.47151979e-01 -4.86735911e-03]
 [-9.18799216e-02 -8.40203865e-02  7.48076642e-01  8.89413096e-01
   2.03062820e-01  1.35640437e-01 -1.39290253e+00 -1.52188400e-01
   4.53454285e-01 -4.64305163e-01  1.41296600e+00 -7.37775571e-01
   1.12635476e-01 -1.00783183e+00 -1.86863578e-01  4.42376210e-01
  -3.52983026e-01 -3.18995125e-02 -5.13764524e-01  3.96769727e-01]
 [ 4.06326356e-01 -2.05139241e-01  4.74826257e-01 -4.28734464e-01
  -8.80242309e-01 -3.84465608e-01 -2.73327359e-01 -6.22567070e-01
   1.38813672e+00 -1.02199999e+00 -6.90618481e-01 -1.73689635e-01
  -6.27820416e-01 -8.43212868e-02 -8.78868595e-01  1.30255440e+00
  -7.42202527e-01 -4.65502171e-01  1.13230698e+00 -2.19580454e-01]
 [ 5.25530745e-01  2.78460210e-01 -9.47269547e-01 -8.24292034e-01
  -1.14389691e+00  2.98805744e-02 -1.46366045e-01  1.83182573e-01
  -6.70300205e-01  9.64455343e-01  1.75468965e+00  8.58768393e-01
   2.19139309e-01  6.43756392e-01  1.35355813e+00 -5.21224557e-01
  -6.18050281e-01  5.78081119e-01 -5.36813654e-01 -1.86033349e-01]
 [-5.25216614e-01 -3.08665301e-02 -2.93529809e-01  8.35646057e-01
   1.69602609e-01  1.14287477e-01 -3.34253238e-02  9.66841890e-01
   6.40590582e-01 -9.49114861e-01 -9.95669620e-01  6.54053256e-01
  -1.12146616e+00 -1.22075847e+00  1.26283405e+00 -2.77514963e-01
  -4.55039547e-02 -8.98798578e-01 -1.61281570e-01 -6.33094607e-01]
 [ 7.79231630e-02 -7.32796282e-01  4.44779376e-01 -6.49621820e-01
   1.20179109e+00  1.84020580e-02 -3.19507390e-01  4.19884979e-02
   1.57138983e+00  4.34633113e-01  4.95637025e-01  2.08238410e-01
   1.10052584e+00 -1.28300725e+00 -1.25869645e+00 -8.41046973e-01
   9.99379253e-01 -2.02827975e-01 -7.90232089e-01  3.08013153e-01]
 [-9.19394755e-01 -6.41011997e-01  6.86853496e-01 -3.77599264e-01
  -9.89259072e-02  4.51362235e-01 -7.27127845e-01  1.24602667e+00
  -1.05130035e+00 -4.74491313e-01  1.42754421e-01  1.17059533e+00
  -8.80041400e-02  6.54322832e-01 -4.66461629e-02 -9.35472725e-01
  -2.25280172e-01  9.40111552e-01 -7.97649539e-01  4.75984158e-01]
 [-1.69085282e-01 -7.23015987e-01  2.06059721e-01  1.33473604e+00
   6.61284146e-01  8.25163094e-02  8.96596696e-01  1.50222064e-01
  -1.97764424e-02 -2.55348654e-01 -8.79458506e-01  4.07279804e-01
   7.92440046e-01 -1.18174751e+00 -3.71594596e-01 -7.12972145e-01
  -8.27942168e-01 -5.23871874e-01  1.18619826e+00  5.45818767e-01]
 [-3.76950530e-01  1.10791075e+00  6.25463549e-01  6.52347344e-01
   4.93644756e-01 -1.79170273e+00 -3.24702643e-01  1.30756191e-02
   6.39247992e-01  1.05454959e+00 -4.09046726e-01 -2.50240511e-01
   6.18765531e-01 -1.10918139e+00 -9.71020819e-01  6.02147473e-01
  -1.20508155e-02  1.65952134e+00 -1.39562868e-01  1.18420116e-01]
 [-6.09576333e-01 -5.39111301e-01 -9.30926968e-02  4.30630040e-02
  -6.75715700e-01  1.22236191e+00  1.17452495e+00 -8.84568055e-01
   1.95854656e-01  2.30193453e-01  9.95863215e-01  2.22916534e-01
   1.34014327e+00 -7.54789627e-01  2.26138571e-01  1.93718014e-01
   2.00557609e-01  1.13670973e-01 -3.49974925e-01  5.67217353e-01]
 [-4.64427058e-01 -3.17968694e-01  1.43680292e+00  4.20075685e-01
  -9.46162296e-01 -6.75517403e-01 -1.35193171e+00  1.14874368e+00
  -6.58361972e-01 -7.64080697e-01  8.97330454e-01  8.46182014e-01
   1.35892327e+00 -1.72599190e+00 -1.02773681e-03 -3.17838379e-01
   2.62211572e-01  8.03833541e-01  8.51103629e-01  6.97210553e-01]
 [ 8.30134346e-01 -4.70654818e-01  3.90584321e-01 -2.22286696e-01
  -2.02904434e-02 -7.83473798e-01  5.74818247e-01 -2.21888814e-01
   5.02398073e-01  1.38543189e+00 -3.26308610e-02 -4.19864748e-01
   4.29321975e-01 -1.18672737e-01 -8.33287276e-01  5.76328023e-01
  -6.13877712e-01  1.89942863e+00 -6.54271602e-01  1.67987054e+00]
 [ 1.44108433e+00 -1.39908385e+00 -1.72472748e-01 -5.43353514e-01
   7.61192373e-02 -8.26743886e-01 -2.70967924e-01 -7.20205400e-01
   1.08061145e+00 -8.14381484e-01  4.48188632e-01 -9.21078563e-01
   1.68641089e-01  2.10207082e-01  8.14289505e-02  6.46095139e-01
  -3.78665263e-01  4.65227938e-01  2.06745823e+00  3.64972322e-01]
 [-1.06857080e+00  1.94926127e-02 -3.90738599e-01 -6.92671081e-01
   6.79810525e-01 -1.17994637e+00 -6.06465532e-01 -4.07578929e-01
   3.98503960e-01 -6.42298787e-01 -1.38867654e-01  1.74870048e-02
   9.82073535e-01  1.56352254e+00  8.55954722e-01  8.59674564e-01
  -1.04601802e+00 -3.60958905e-01 -4.37440427e-01 -4.15870714e-01]
 [ 3.81157110e-01  5.92974534e-01 -6.81741616e-01  4.55667151e-01
  -3.81888157e-01 -1.19055189e+00 -1.73021130e-01 -1.12355643e-01
   4.60680625e-01 -1.09653032e+00 -4.14237370e-01  9.29317037e-02
   4.04023457e-01 -9.13267245e-01  3.61514176e-01  3.30069665e-01
  -9.20517411e-02 -6.40371807e-01 -1.48436641e+00 -7.24242569e-02]
 [ 7.25487001e-01 -7.88456279e-01 -1.38890774e-01 -3.82458265e-01
  -4.14014326e-01  6.49344743e-01  1.52682247e+00  6.43148685e-01
   5.35671322e-01  1.57805228e+00 -2.22804247e-01 -1.90388440e-01
   8.46619199e-01  1.51454096e-01  4.76573427e-01 -1.34699796e+00
  -9.65699452e-01  1.23944994e+00  3.68244341e-01 -1.52446603e+00]
 [ 2.11912511e-01  6.92760190e-01  4.31644832e-01  2.05662706e-01
   6.71766901e-01 -6.23097661e-01  1.24823772e+00 -1.32098654e-02
   8.26042628e-02  4.45958772e-01  2.14134910e-01  6.16145871e-01
  -9.82326719e-01 -2.67779917e-01 -6.48676450e-01  8.60707386e-01
  -8.84577512e-01 -6.73972195e-01  3.02533462e-01  1.51106055e-01]
 [-6.22879183e-01 -1.21308254e-01 -5.40281155e-01 -3.27709079e-01
  -5.80884857e-01 -9.42161029e-01  3.30870559e-01 -4.94432052e-01
   5.34294139e-01  6.40113238e-01 -6.96220954e-01 -2.30680130e-01
   1.76255238e-01  1.27725247e+00 -8.98650387e-02 -1.20572999e+00
  -6.22582947e-01  3.94046779e-01  1.08788427e+00  9.14844536e-01]
 [-4.12668690e-02 -1.50607805e+00  6.07162963e-01  4.89275787e-01
   8.66813329e-01  9.69003422e-01 -2.10532679e-01  8.07837532e-01
  -4.46568085e-01 -9.55606788e-01 -1.10155122e-01 -8.28513366e-01
   9.81271317e-01  5.09806765e-01 -2.09648653e-01 -6.12563424e-01
  -6.65956970e-01  2.19359826e-01  5.58790654e-01  1.83014597e-01]
 [ 7.04466455e-01  6.31713269e-01  2.31352869e-01  6.49928659e-01
  -3.59174477e-01 -8.18263272e-01 -2.09603951e-01  7.01740511e-02
  -1.94846173e-01 -9.96189883e-01 -1.74860584e-01  3.92523593e-01
  -5.35035445e-01  1.83616763e-01 -2.80733246e-02 -1.10330283e+00
  -5.64303726e-01 -8.48016387e-01 -6.30655557e-01  3.94754975e-02]
 [-3.01327374e-01 -2.95819594e-01  2.42930302e-01 -5.13423566e-01
   5.33953916e-01 -1.15976161e+00 -8.14484638e-01  4.54833384e-01
  -4.25082850e-01 -2.28905092e-01 -1.12535408e-01 -3.76639133e-01
   7.80602519e-01 -5.56438884e-01 -8.68996839e-01 -3.90467033e-01
   7.15991839e-02 -9.32517456e-01 -1.73781021e+00  1.11700950e+00]
 [-2.20812570e-01 -3.75087587e-01  8.72336358e-01  2.78511983e-01
   1.60533530e-01  6.51581233e-01 -4.23504340e-01 -1.10854676e+00
   4.63531473e-01  6.60631669e-01 -1.62171117e+00  1.26544682e-01
   1.46653136e+00 -6.95209460e-01 -2.90192556e-01 -1.26117006e+00
   7.39160042e-01  5.14098281e-01  5.27950232e-01  2.84890436e-01]
 [ 1.23244139e-01 -9.62272146e-01  2.93371800e-01  8.43018268e-01
  -6.13651666e-01 -1.61816242e+00 -1.00087101e-01  1.42143451e+00
  -2.91992977e-02  5.42035131e-01 -7.47741344e-01  2.74648775e-01
  -1.12382302e+00  5.42083616e-01  3.07533903e-01  9.17022318e-01
  -2.01487919e-01 -6.70238807e-01 -2.96194721e-01  2.26063477e-01]
 [ 1.23720810e+00  8.57618948e-02  3.38171084e-01 -4.55526697e-01
  -4.96028507e-01 -1.23144178e+00 -6.20421521e-01  8.06838705e-01
  -9.30571852e-01 -8.17218855e-01  5.53367867e-01  3.35214788e-01
   3.18693743e-01 -1.86680083e-01  5.88959029e-01  1.13450312e+00
  -3.17645906e-01 -4.78203286e-01 -1.28126811e-01 -8.24010718e-01]
 [-6.16568038e-01 -1.06600454e+00  7.15376665e-01  4.63506144e-01
  -1.00095968e+00 -3.14941683e-01 -5.76649866e-01 -1.26955957e+00
  -1.88708442e-01 -2.36217570e-01 -4.62199287e-01  3.69523327e-01
  -3.01212294e-01  2.00766089e-01  8.07037305e-01 -3.56238212e-01
  -1.64675432e-01  6.47540442e-01  6.17533652e-01 -1.36486636e+00]
 [ 3.77578146e-01 -5.58999226e-01  3.33050875e-01  9.54802238e-01
  -9.83520950e-01 -2.09370440e-01  3.39944605e-01 -2.82498097e-01
  -1.01034238e+00 -1.14460294e+00 -5.74347015e-01  4.29709225e-02
  -1.75120384e-01 -3.43174047e-01 -9.92267352e-01 -2.18141439e-01
  -1.41833926e-01  1.67533924e-01  2.36685632e-01 -6.54426370e-01]
 [-4.59481514e-01  4.24509963e-01  7.29012218e-01  9.47132772e-01
   4.25754480e-01 -7.69648053e-01 -4.35099579e-01 -5.89865438e-01
  -2.44912153e-01 -3.75615621e-01 -8.47174801e-01  2.11186011e-01
   2.72356633e-01 -5.86868149e-01  1.63437638e-01  8.33316978e-01
   2.82121253e-01  7.88749719e-01 -7.50952766e-01  4.45043855e-01]
 [ 2.64603004e-01  1.02038560e-01 -6.08287554e-01 -5.43313640e-01
  -1.33999150e+00 -1.11957218e-01  2.91162473e-01 -8.66651725e-01
   3.68715470e-01 -1.25347503e+00 -6.90146741e-01  3.90088803e-01
  -4.61612384e-01  4.94618261e-02 -1.27889986e+00 -1.74155037e-01
  -7.72595757e-01  3.33033952e-01  6.39688078e-01  4.92504433e-01]
 [ 1.46412321e+00 -7.74641610e-03  3.85555615e-01  3.57482432e-02
  -2.87987562e-01 -1.10970596e+00  1.42781932e-01  9.42973675e-01
  -7.38409942e-01  9.79692334e-01 -3.92462512e-02 -2.97389213e-01
  -6.88040814e-01 -3.81094883e-01  7.89267950e-01  4.01519294e-01
   3.14556481e-01  1.51663724e+00 -6.39402298e-03  6.91418208e-02]
 [ 9.40372038e-01  5.66095274e-01  7.35773676e-01  7.53534409e-01
  -9.44051483e-01 -9.69054538e-02 -1.63470853e+00 -1.30031155e+00
  -1.09716387e-01  1.43385415e-01 -5.60889173e-01  1.22119736e+00
   1.21229700e+00 -1.49530191e-01  1.32336166e-01  8.48505654e-01
  -7.65856022e-01  6.19051755e-01 -4.73947540e-01 -3.47567387e-01]
 [-6.64795606e-02  4.63045288e-01 -9.31971219e-02  7.69526765e-01
  -5.02938302e-01 -5.59785828e-01 -5.59152874e-01  4.77832192e-01
   4.25638916e-01 -7.98531504e-01 -1.44449305e-01 -6.16056357e-01
   3.00925807e-01 -3.69108311e-01 -2.75129346e-02  2.63838822e-01
   6.28422109e-01 -3.52639959e-01 -1.23211223e+00 -3.77562835e-01]
 [ 1.04003480e+00 -1.30529087e+00 -3.50360670e-01 -2.87053007e-02
  -9.87001242e-01 -1.39726698e+00 -2.58909256e-01  6.83429441e-01
   5.52930981e-01  6.77973762e-01 -1.61823247e+00 -1.21906001e+00
   4.39509694e-01  5.08638409e-01  3.78277308e-01 -7.33929307e-01
   2.89876679e-01  1.15971272e+00  4.24710989e-01  9.22363807e-01]
 [ 1.35187162e+00 -1.03986734e+00 -1.59606955e-01  1.99464087e-01
   1.42051332e-01 -4.97842710e-01 -1.35759268e-01 -3.26573373e-02
  -1.05158367e+00 -9.40460214e-01 -4.77057300e-01 -1.02540357e+00
  -6.49223422e-01  5.13337790e-02 -1.73189270e-01 -9.76414744e-01
  -1.95241939e-01 -7.26055092e-01 -1.32397175e+00 -1.20037373e-01]
 [-3.34935122e-01  1.10348146e+00  7.37520904e-01 -6.86959755e-01
  -7.74523021e-01  1.54600627e+00 -1.94660802e-01  7.32321975e-01
   1.09316041e+00 -2.58874036e-02  3.53989463e-01 -9.28229043e-01
  -1.10634452e-01  2.17070533e-01 -6.20072693e-01  6.26067602e-01
  -3.00920436e-01 -6.51240680e-01  3.21218751e-01  7.19804268e-01]
 [ 7.79604607e-01 -9.47792915e-01 -1.38538079e+00 -7.47256415e-01
  -1.26406653e+00  1.25906823e-01  1.05077793e+00  1.03674298e+00
   1.52602943e+00  5.30647485e-01  2.54173042e-01  4.98890164e-01
  -2.54767276e-01 -1.13764313e-01 -7.42075160e-01  2.56997671e-01
  -5.49777630e-01  1.25407768e-01  6.34183469e-01  7.48787381e-01]
 [ 1.03341019e+00  5.21226684e-01  3.53724473e-01 -4.97972860e-01
  -1.14693657e+00  1.13866447e+00  1.54241429e-01 -3.37836067e-01
   5.82780294e-01  1.00905311e+00  6.23056742e-02  4.85856211e-01
   1.23678335e+00  1.82803720e-01  4.54915565e-01  1.44448565e+00
  -1.08693073e+00  9.93908174e-01  2.52445943e-02 -1.32165562e-01]],[[-0.42548446  0.47535421 -0.08546754 -0.35297305  0.11924168  0.87653402
   1.53133309  0.44206959  1.06163794 -1.24999939  1.86929992  0.17887575
   0.53508379  0.63209011 -0.82045804  0.51841836]
 [ 0.53210088 -0.24503692  0.67182171  0.57760218 -1.04457407 -0.27564617
  -0.30017251  0.20848335 -0.92118212 -0.30818998  1.39116416  0.45154399
   0.74256521  2.06128085 -0.90012329 -0.74570451]
 [ 0.85120198 -0.29826316 -1.63664683 -0.81945953  0.24856426 -0.61833391
   0.07591144 -0.16760225 -0.21878165 -0.70917171  0.14726431 -0.78582026
   0.6380657   0.94607413 -0.24412894 -0.19500538]
 [-0.09936601  0.60432247  1.129812    0.20384876 -0.32286046 -1.0831595
   0.14580608 -0.13005449  1.4486146  -2.61301498 -0.91258781  0.13930698
   0.68923427 -0.49894472  0.85545458  0.0189522 ]
 [-0.80296121  0.41511484  0.31263105 -0.40111315 -0.59754435  0.80688574
  -0.68067507  1.48252977  0.6828884  -0.02113028 -0.34860259 -0.5177619
   1.33589965  1.78408576 -1.97597323 -0.45906547]
 [ 1.03063151  1.63918158  1.45874577 -0.00683715  1.39789099  0.21690275
  -0.5136633   0.13712374  0.76571836  0.75231678  1.95886516  0.38609322
  -0.7813176  -0.1052299   0.72624019 -0.14500249]
 [ 0.65407051 -0.51905329 -0.01851501  0.56089599  0.28360166  0.34424784
   1.18233582  0.95990068  1.22705989  0.9390311   0.27669478 -0.19161681
   0.50528644  0.35470171 -0.20053629  0.085038  ]
 [-1.54401412 -0.01493643 -0.06649454  0.16074207 -0.69698918 -0.1094283
   0.43149659 -1.11038904 -1.01775176  0.20444859  0.18533594  0.60345402
   0.41315298 -0.34659977  0.28023098 -0.13553649]
 [ 0.24924785  0.92400942  0.32053227  0.02232218  1.20482116  0.48217172
   0.1887996  -0.73838983 -0.6117798   1.26267298 -0.2118095  -0.85370815
   0.53561903 -0.90947778 -0.25320249  0.29227372]
 [ 0.37452305  0.24150402  0.66032168 -0.27634958 -0.07784486  0.18781005
   1.14983094  0.74590825  0.17729889 -0.982532   -0.19730618 -0.82201461
  -0.06062389  0.01090763  0.13825916 -1.519173  ]
 [-0.05124133  0.54500534  0.22221147 -0.43111857 -1.59772367 -0.0154146
   0.96234595 -0.55619892 -0.13967486 -0.64805186  0.94401338  1.35489525
  -0.47443316 -1.02916797 -0.39391987 -0.50997549]
 [-0.48048215  0.36028034  0.81088315  0.85077269 -0.59975083  0.12410678
  -0.19688552  0.40817374 -1.07682124  0.74699746  0.17183706  1.41237373
  -0.21897493  0.03554652  0.24085432 -0.95936376]
 [-0.08231086 -1.41494831 -1.95896999  0.6279491   0.16035118 -0.3382614
  -0.04092458 -1.04339003 -0.0073006   1.13024883  0.06907345  0.37462739
  -0.37572337  0.64020225  1.06807738 -0.73929874]
 [ 0.53108091 -0.03504563  0.10781058 -0.97385911 -1.21909962  0.61472472
   0.79818839  1.21139527 -0.36669603 -1.12659338  0.42705854 -0.04402832
  -0.91316541 -1.17581239  0.33484409 -1.18491168]
 [ 1.45774553 -1.70695833  0.13750008 -1.50048897 -0.00828137 -1.03736631
  -0.26275499 -0.80528616 -1.18516798 -0.53234353  1.0576303  -0.7359839
  -1.01907019  0.12568096  0.56329739  1.73365002]
 [-0.26288124 -0.42369523  0.06361326 -0.46334665  1.0120233  -0.25271207
  -0.11986276  1.35553468 -0.67364614  0.16900187  1.18249501  0.2547284
  -1.1690325   1.3534512  -0.1479203   1.02866343]
 [-0.35803446  0.08859972  1.96815399  0.22624213  0.72480057 -0.41233118
   0.17889792 -0.21957168  0.84534268 -0.77176675 -0.75912957 -0.49333689
   0.97333752  0.10620264  0.18579704  0.13134388]
 [ 0.88557389 -1.90292525 -0.20380552  0.51840867 -0.76386768  0.24388933
  -0.48861191 -0.28402733 -0.33246687  1.15805955 -0.6876381   0.44942157
  -0.01689641 -0.23150144 -0.15218164  1.07244867]
 [-1.69048035  0.30819069  0.01612835 -1.26541621  0.63707599 -0.47663913
  -0.29835939 -0.53551546  1.2346327  -0.8933317  -0.77168191  1.12478216
  -0.65347664 -0.96013025 -1.4582794  -0.57335761]
 [ 0.01001099  0.96575076  0.43039498 -0.55859478 -0.24915742 -0.69782069
  -0.15698897 -0.41011949 -0.2097307  -2.22166259 -1.11652923  0.03916897
  -0.29595536  0.71634226  1.12676658  0.43521874]]