[[-3.54788524e-01 -5.21658514e-01 -3.23837172e-01  1.30441777e+00
  -1.31672644e+00 -7.48427549e-01  4.37771591e-01  3.37054773e-01
  -4.96783575e-01 -7.82143107e-01 -1.05026597e+00 -6.90058287e-01
   5.38085992e-01 -1.22063223e+00 -2.37510079e-01 -4.70574734e-01
   5.82343214e-01 -8.17425390e-01 -7.76381656e-01  3.73205575e-01]
 [-3.40595362e-01  3.19018191e-02  4.45799537e-01  1.22465665e+00
  -8.29653726e-02  4.52212419e-01 -1.13015327e+00 -5.61663629e-02
   1.41824046e+00 -1.15701579e+00  8.58395267e-01 -2.48711322e-01
  -2.66871458e-03 -8.68201271e-01  6.57096447e-01  4.56603517e-01
  -8.70077298e-01  8.33211143e-02 -3.06357670e-01  1.71776869e-01]
 [-7.37510540e-03  1.63394325e-01  6.12483790e-01 -2.83408144e-01
  -1.24530861e+00 -3.16022617e-01 -5.14244148e-01  4.89513534e-01
   3.65011565e-01 -5.70348191e-01  1.46999862e-01  1.25036178e-01
  -7.91658326e-01 -8.00856392e-01 -9.69951265e-01  9.34381102e-01
  -1.70061973e+00 -6.11212272e-01  3.87325716e-01 -1.04090790e+00]
 [ 5.25530745e-01 -2.71892163e-01 -3.15110413e-01 -3.63347041e-01
  -8.82696975e-01  5.01792376e-01  8.53313309e-01  1.29086977e-01
  -7.07407061e-01  1.01367929e+00  1.31201144e+00 -4.69150706e-01
   2.26185427e-01  4.36613853e-01  1.35732622e+00 -2.92336236e-01
  -7.14245317e-01 -1.05149351e-01  4.34881365e-01 -1.43501239e-01]
 [-7.38412432e-01  4.50026428e-01  1.18484897e-01 -5.26317575e-02
  -3.80121509e-01  6.56692145e-02  6.50669474e-02  8.15623381e-01
   4.20366647e-01 -5.08499823e-01 -8.10961914e-01  6.45622223e-01
  -5.87102121e-01 -2.82205477e-01  4.34972523e-03 -5.38162777e-01
  -7.47091184e-01 -1.21955628e+00  1.16306664e-02 -4.00079200e-01]
 [-6.22019707e-01 -5.56164901e-01  8.43136967e-02 -5.07280666e-01
   1.11004130e+00  9.46739593e-02  4.52158524e-01  6.12977938e-01
   5.17355920e-01  5.66892933e-01 -7.31601245e-01 -5.46763106e-01
   1.06722126e+00 -1.91088737e+00 -6.24345937e-01 -8.88155318e-01
   7.46023835e-01 -3.11618659e-01 -7.90232089e-01 -6.86888388e-02]
 [-9.61464384e-01 -2.64202758e-01 -2.69420287e-01 -7.64206683e-01
  -9.89259072e-02  4.51362235e-01 -2.12533948e+00  3.01031158e-01
  -1.04654516e+00 -4.31524140e-01 -1.32903200e-01  7.19688633e-01
  -8.67162470e-02  4.85344860e-01  4.59728507e-01 -6.84739244e-01
  -6.22653752e-01  5.07425276e-01  1.64844829e-01 -1.61206311e-01]
 [-5.91019683e-01 -6.04445971e-01  1.95971482e-01  9.85247477e-01
  -1.43430503e-01 -3.68180950e-02  9.18698883e-01  1.74072543e-01
  -6.18425166e-01 -8.62189993e-01 -8.18836564e-01 -6.28409916e-02
   4.25814245e-01 -6.15199732e-01  7.30382136e-01 -4.96151537e-01
  -5.47526136e-01 -1.38846045e+00  1.22026978e+00 -2.94127440e-01]
 [-3.87927406e-01  5.60827223e-01  6.59356888e-01 -4.27168187e-01
   5.11006038e-01 -1.62719623e+00 -2.81937627e-01  8.28919783e-02
  -3.08233705e-01  7.86385376e-01  1.26386399e+00 -7.71016346e-01
   3.50078741e-01 -3.47181955e-01 -6.28892352e-01  5.07479788e-01
   8.35634668e-01  7.54049623e-01 -2.55820623e-01  5.47354227e-01]
 [-1.40540112e+00 -9.98762572e-01 -8.64210263e-02  9.62267781e-01
  -3.74631898e-01  5.19811999e-01  6.80116231e-01 -8.84568055e-01
   1.03098409e+00 -2.03371812e-02  1.35511424e-01 -3.72144064e-01
   1.34014327e+00 -1.25718119e+00  2.74514075e-01 -1.29014719e-01
   5.75364239e-01 -1.51818505e-01  1.34901927e-01  4.79973366e-01]
 [-4.45420631e-01 -2.76510720e-01  1.16555753e+00  3.41627141e-01
  -2.49373389e-01 -9.54554527e-01 -1.44155126e+00  9.44717470e-01
   7.57605111e-01 -7.42448019e-02  8.97330454e-01  2.01408246e-01
   6.17474626e-01 -7.37079356e-01 -2.88433912e-01  2.70818666e-02
   2.62211572e-01  1.49097559e+00  5.16887628e-01  9.75137542e-01]
 [ 5.72877091e-01 -7.62993710e-01  3.90584321e-01 -9.04515951e-01
   2.58962941e-01 -7.80156122e-01  3.81407866e-01 -7.12162556e-01
   9.38714783e-01  5.77650981e-01 -3.26308610e-02  7.71269877e-02
   1.08293676e-01  7.18537110e-01 -9.30627322e-01  3.56318717e-01
  -6.60416637e-01  1.19209642e+00 -8.47669437e-01  1.20489120e+00]
 [ 6.90174050e-01 -1.45386169e+00 -1.02434467e+00 -5.13951337e-02
   3.99070697e-01 -9.26673003e-01  2.20647881e-01 -1.03532760e+00
   9.34723334e-01 -9.28741133e-01 -5.89120888e-01 -7.80248162e-01
   1.68641089e-01 -1.47837152e-01 -2.26402887e-01  1.05385371e-01
  -2.49011869e-01  1.31018508e+00  1.14311382e+00 -6.32370891e-02]
 [-1.29025474e+00 -4.63079433e-01 -7.13057660e-01 -5.02498835e-01
   1.24733868e+00 -1.13524494e+00 -5.75057728e-01  2.04807494e-01
   8.01724968e-01 -2.10320624e-01 -8.11602138e-01  3.22729458e-01
   1.39038429e-01  5.76966122e-01  1.25645688e+00  5.51945643e-01
  -9.79603323e-01 -7.11849427e-02 -8.80936268e-01 -1.05808533e+00]
 [-4.36962382e-01  1.02753294e+00 -2.20062562e-01  1.47299092e-01
   2.72757284e-01 -1.41150971e+00 -5.72345778e-01 -5.65277462e-01
   3.93987065e-02 -5.72645809e-01 -6.28486359e-01 -6.94860503e-03
   3.57720559e-01 -1.17106327e+00  8.80616556e-02 -1.23441802e-01
   4.91299763e-01 -6.73046381e-01 -6.98984982e-01  2.65015718e-02]
 [ 7.86311359e-01 -5.75620511e-01 -1.74502027e-01 -2.76314423e-01
   2.23547855e-01 -7.40003000e-02  8.05620335e-01  5.72177179e-01
   1.01768939e+00  8.64953535e-01 -3.30571539e-01 -4.42038480e-02
   1.13915784e+00  6.04710268e-01  2.49271306e-01 -1.65604486e+00
  -8.32437255e-01  1.27755086e+00  1.23119893e+00 -5.96187008e-01]
 [ 6.25437608e-01  2.25590486e-01  6.65972807e-01  2.59926873e-02
   7.00115131e-01 -7.07377130e-01  6.29789591e-01 -2.07833607e-02
  -2.84966267e-01 -2.27458530e-01 -3.22422747e-01  3.10308646e-01
   2.68673465e-01 -1.16837842e+00 -1.66176794e-01  4.39416495e-01
   6.41083459e-02 -9.95151620e-01  2.21091546e-01 -2.54823665e-01]
 [-3.34991664e-01 -2.38157247e-02 -7.71036603e-01 -3.27709079e-01
  -7.38220532e-01 -9.42161029e-01 -3.30696429e-01  3.50666955e-02
   1.56110093e-01  5.53559432e-01 -6.91444129e-01 -2.30680130e-01
   1.08046938e+00  8.69895711e-01 -4.71127830e-01 -1.30217174e+00
  -5.38033989e-01  3.13958634e-01  8.22066101e-01  9.14844536e-01]
 [-1.58820736e-01 -9.25657019e-01 -8.82255132e-01  4.89275787e-01
   1.55131568e-01  7.81199426e-01 -2.67084367e-01 -4.00021296e-01
  -1.67353877e+00 -9.55606788e-01  8.94447861e-02 -1.58637200e+00
   9.81271317e-01  5.76190748e-01 -9.29753301e-01 -9.96901993e-01
  -3.21001350e-01 -1.75400670e-01  3.71771535e-01 -2.16981083e-01]
 [ 3.01073867e-01  4.03790951e-01 -7.71227801e-01 -2.54609237e-01
  -3.34247146e-01 -3.92400996e-01 -8.47547106e-01 -3.99598866e-01
  -4.54895524e-01 -5.21601217e-01 -6.65937600e-01  9.22042305e-01
  -9.00287754e-01 -1.13772076e+00 -7.43617938e-02 -3.61950311e-01
   1.48104311e-02 -2.95874135e-01 -6.30655557e-01  1.21407316e-01]
 [-7.42704950e-01 -5.91048202e-01  1.83879504e-01 -3.97697880e-01
   3.77861268e-01 -6.97543550e-01 -1.22752003e+00  2.14103527e-01
  -5.37005115e-01 -1.09903803e-01  6.28727620e-02 -1.13830726e-01
   7.75423214e-01 -5.37336562e-01 -1.21160511e+00 -5.77104571e-01
   7.15991839e-02 -6.56815259e-01 -7.00299191e-01  1.68748500e+00]
 [-1.24893588e-01 -4.43147798e-01  1.11572159e+00  2.65214872e-01
   5.66873048e-01  2.79247746e-02  1.44344658e-01 -4.26931828e-01
   7.62667073e-01 -5.42275206e-02 -3.78978414e-01  3.04669403e-01
   5.38744294e-01 -5.61505182e-01 -2.01017036e-01 -9.33339616e-01
   8.55107781e-01  1.98634758e-01  3.21972534e-01 -1.23673801e+00]
 [ 1.14817985e+00 -7.56116419e-01  9.72721732e-01  8.81969401e-01
   4.47745108e-01 -1.04483998e+00 -1.27732726e-02  8.61560132e-01
   3.03295781e-01  9.32456749e-01 -7.76330584e-01  6.36542290e-01
  -9.09647244e-01 -4.95834233e-01  8.13238194e-01  4.21284782e-01
   5.76021116e-01 -1.14019046e+00 -2.66272046e-01  5.27626820e-01]
 [ 6.02549967e-01  4.62649068e-01  8.90903141e-01 -1.86886036e-02
  -1.06607242e+00 -8.61806949e-01 -6.20421521e-01  1.27782894e+00
  -8.66593012e-01 -7.58936694e-01 -3.29900725e-01  1.17592844e-02
  -5.90868714e-01 -6.84749687e-02  1.79639753e-01  9.87554603e-01
  -3.60114387e-01  5.63419601e-01 -3.14439058e-02 -1.39766827e+00]
 [-3.30549211e-01 -5.79677748e-01  3.10677565e-01  8.64152128e-01
   1.14702792e+00 -8.69686068e-01 -1.04663241e+00 -1.16093335e+00
  -2.81722846e-01 -5.34193409e-01 -4.53685199e-01 -7.75687693e-01
   2.82278993e-01 -7.08491843e-01  8.39484198e-01 -3.28596769e-03
  -6.36225550e-01  8.17803945e-01  1.67012153e-01 -9.92685719e-01]
 [ 2.18955013e-01 -4.05738049e-01  2.55499391e-01 -4.34605751e-03
  -1.09488721e+00 -7.37881612e-02  3.05989162e-01 -2.32302867e-01
  -9.05824228e-01 -1.22758670e+00 -1.00913365e+00  2.16900902e-01
  -7.36630929e-01  6.47302646e-02 -5.40290153e-01  1.71806033e-01
   8.98030458e-02 -5.73351710e-02  6.19423130e-01 -6.54426370e-01]
 [-5.33034926e-01 -5.74229970e-02  3.72946085e-01  1.19580395e+00
  -1.06590526e-01 -5.32946518e-01 -8.30685547e-01  4.10592670e-02
  -1.04832979e+00 -6.33775066e-01 -7.39711682e-01 -5.29293833e-01
   7.95205625e-01 -2.84902790e-01  7.33104049e-01  4.27296147e-01
  -1.26727383e-02  6.96031032e-01 -6.26574733e-01  6.04906820e-01]
 [-1.97355936e-01  2.11326366e-01 -6.09952547e-01 -6.97963282e-01
  -7.37777821e-01  2.84860977e-01  8.04095417e-01 -4.26141358e-01
   5.97574238e-01 -1.26319187e+00 -4.00972253e-01  5.23704941e-01
  -2.00819214e-01 -5.22226510e-01 -9.93605225e-01 -2.04121815e-01
  -8.24111728e-01 -1.01357965e-01  2.24468368e-01  3.27627271e-01]
 [ 9.61184129e-01 -7.88114451e-02  7.65306274e-01 -7.13466756e-02
   8.41169816e-01 -7.51039584e-01 -2.65915104e-01  9.42973675e-01
  -7.65037366e-01  9.96943255e-01 -2.66563427e-01 -1.17395754e+00
   1.29511313e-01 -1.37183886e-01  1.03695695e+00  4.62257555e-01
   1.56674389e-03  1.06373877e+00  6.35616502e-02  1.50664951e-01]
 [ 7.25262148e-01  7.83751503e-02  5.51316246e-01  8.42421728e-01
  -7.69626987e-01  3.58364769e-01 -1.65410701e+00 -1.11327317e+00
   7.04690275e-02  8.34571214e-01 -1.46420111e-01  8.03784891e-01
   4.76085039e-01  3.98410828e-02 -2.93462006e-01  8.48505654e-01
  -1.17243862e+00  5.59681974e-01 -6.25752489e-02 -5.90273951e-01]
 [ 8.12011107e-01  7.14795577e-01 -7.12904566e-01  8.97513199e-01
  -1.08590567e+00 -5.48285592e-01 -1.25139135e+00  3.11984141e-01
  -1.40608776e+00 -5.74612288e-01 -1.85392392e-01  4.68007096e-01
   1.17953833e+00 -5.41364156e-01 -3.23299396e-02  3.61441256e-01
   2.41427082e-02 -3.89983691e-01 -1.37137619e+00 -4.46665549e-01]
 [ 1.08168294e+00 -5.20669683e-01 -9.39748110e-02  1.00181186e+00
  -4.46743116e-01 -9.22656572e-01 -1.12714211e+00  1.09944691e+00
   1.05459703e+00  8.16268224e-01 -1.56686401e+00 -1.13328417e+00
   4.38031140e-01  4.44311145e-01  8.15077547e-01 -1.38383903e+00
  -7.14943382e-01  2.77046463e-01 -6.38851562e-02  8.92798277e-01]
 [ 9.00141101e-01 -9.31196814e-01 -1.59606955e-01  6.42042251e-01
   2.70033930e-01 -2.89328079e-01  2.29210338e-01 -3.79374730e-01
  -1.35720777e+00 -4.86356505e-01  7.20959650e-02 -1.25471395e+00
  -7.23351049e-01  3.98236442e-01 -1.57148465e-02 -7.63421606e-01
   2.76142743e-02 -8.88552148e-01 -1.14910522e+00 -3.10823305e-03]
 [-5.77284428e-01  1.17005981e+00  7.51861352e-01  1.48460299e-01
  -1.23600337e+00  1.31486882e+00  2.78201495e-01  1.12282830e+00
   1.26616600e+00  3.56323104e-01  7.02828545e-01 -8.74849210e-01
  -2.06113841e-01  2.98625897e-01 -4.39391287e-01  4.29573212e-01
  -5.36532933e-01  3.74434687e-03  1.03414273e+00  7.19804268e-01]
 [ 9.38121549e-01 -7.45474034e-01 -9.29626627e-01 -6.05315079e-01
  -9.11030818e-01  1.08267226e+00  3.93972073e-01  6.71128994e-01
   8.82157942e-01  9.28742344e-01  2.54173042e-01  9.52797272e-01
  -2.80022943e-01 -4.69405790e-01 -4.07900668e-01 -8.24075724e-01
  -2.99412947e-01  6.01275233e-02  5.88620119e-01  1.07500831e+00]
 [ 1.24010628e+00  6.10058478e-01  9.75710575e-01 -1.44362377e+00
  -1.10894971e+00  2.73678246e-01 -5.51157954e-01 -1.70656870e-02
   1.18355699e+00  1.23770238e+00  1.88029227e-01  4.93102489e-01
   1.33835849e+00  2.16007317e-01  4.54915565e-01  1.61153591e+00
  -1.08693073e+00  1.15249446e+00  2.52445943e-02  2.75664268e-01]],[[-2.60628417e-01  4.87453193e-01  2.65135298e-01  3.69559597e-01
  -1.75955546e-01  1.69975639e-01 -1.12283529e+00 -1.12718565e-01
   2.12017103e-01 -1.24999939e+00  1.81656750e+00 -1.61168471e+00
   2.14379729e+00  6.96927070e-01 -9.89385817e-01  7.09180659e-01]
 [ 1.68718808e+00 -1.65711422e+00  8.92796688e-01 -2.02750863e-01
  -6.50101803e-01 -7.54942342e-01  1.34059355e-01 -5.07808172e-01
   5.37061184e-01  1.12256359e+00  2.03631747e-01 -3.26198698e-01
   6.76170789e-01  1.15983446e-01 -6.14662413e-01 -7.11294721e-01]
 [-5.87430421e-02  3.60870968e-02 -1.13909892e+00 -1.41435639e+00
  -2.35856507e-01 -7.81214420e-01 -6.34113475e-02 -1.00631730e-01
  -9.14062772e-01 -2.06656130e-01 -4.23689858e-01 -1.41306939e+00
   3.29461220e-01  5.60634407e-01  8.56184289e-01 -9.54378757e-01]
 [ 8.05376000e-01  3.96827552e-01  1.29556385e+00  5.48832095e-01
  -7.49525824e-01 -1.81776493e+00  9.29839908e-01 -5.43585391e-01
   7.74998602e-01 -2.98664508e+00 -7.27457075e-01 -4.77125485e-01
   4.78637477e-01 -9.08505173e-01  4.45236571e-01 -1.82151540e-01]
 [-1.31295755e+00  2.43979842e-01 -1.63640032e-01 -5.11341685e-01
  -3.72499938e-01  4.73288189e-01 -2.65073896e-01 -1.74107212e-01
   6.67880595e-01  1.25610681e-01  2.34755641e-02  8.23660652e-01
  -5.31721009e-01  1.62647539e+00 -1.48818925e+00 -3.20054906e-01]
 [ 1.54619830e-01 -6.42887456e-01  1.29112667e+00  3.71976783e-01
   2.38821192e+00  5.46658394e-01 -1.20000386e+00  1.03107024e-01
  -2.98512989e-01  6.39317494e-01  2.13760584e+00 -7.73317403e-01
  -1.70028965e-01  3.72550495e-01  9.53047566e-02  1.74469470e-01]
 [ 1.61762927e+00 -1.22320813e+00 -8.45967401e-01  6.62406046e-01
   1.25397282e+00 -7.43261273e-02  8.72778958e-01  8.40525137e-01
   5.68693849e-01  1.20285689e+00 -1.20373470e+00 -1.79216759e-01
   9.13854075e-01  1.40270671e+00  5.39845192e-01 -1.31930801e+00]
 [-1.61287591e+00 -4.88088483e-01  9.09216600e-01 -6.87933114e-01
   1.18289230e+00  1.89193380e-01 -6.18469169e-01 -2.17821594e-02
  -1.00960664e+00 -6.39741738e-01  4.00056874e-02  1.47048556e-01
   9.67575249e-02  9.18552469e-01 -1.00238145e+00 -2.72176886e-01]
 [ 3.21797049e-01  2.47758739e-01 -4.84216857e-01  4.88767084e-01
   1.37301205e+00 -1.11375184e+00  2.84509022e-01  1.70433072e-01
  -9.45499432e-01 -8.62407895e-02 -9.51714218e-02 -8.18159322e-01
   1.19332830e+00 -1.10151062e+00 -1.45436710e+00  1.61057099e+00]
 [-8.24426166e-01  1.52310148e+00  2.94742969e-01 -5.55115553e-01
   2.98293916e-01  9.09053422e-01  5.49004774e-01  1.75857834e+00
  -6.69249740e-01 -1.37127908e+00  9.03861468e-01 -3.34056082e-01
   1.02256690e-01 -1.38989797e-01  1.17884129e+00 -1.99239270e+00]
 [ 6.67179082e-02  5.76385795e-01  2.47407705e-01 -7.07318991e-01
  -7.43561865e-01 -2.71891458e-01  6.32610121e-01 -4.18144767e-01
  -1.83339615e-01 -6.25743593e-01  1.28248546e+00  2.31657148e-01
  -6.02276302e-01  1.91312453e-01 -8.54661253e-02  3.54491813e-01]
 [-3.96492760e-01  1.49481099e+00 -2.07591139e-01  2.27503669e-02
  -1.81980634e-01 -2.68644169e-01 -2.52777814e-02  3.76669167e-01
   2.30218412e-01  1.74289908e+00 -1.59038713e-01  3.85734491e-01
   5.10294120e-01 -1.57699244e-01  1.51098735e-01 -6.12242487e-01]
 [ 4.15460885e-01 -8.58255206e-01 -2.03794369e-01  7.73562504e-01
   7.51312641e-01  4.02877518e-01 -7.88459237e-01 -1.37050561e+00
  -1.56867539e-01  3.65418075e-01 -7.96218749e-01  1.44166393e+00
  -5.97936209e-01  2.04705472e-01 -2.46896702e-01 -1.57706826e+00]
 [ 7.21408237e-01 -2.73187121e-01  5.36300473e-01 -5.17591669e-01
  -2.62690705e-01  1.01925557e+00  1.33829383e+00 -6.96247540e-01
  -1.31762467e+00 -2.17839975e+00 -2.57282026e-01  3.32593872e-01
  -1.31601629e+00 -1.39024989e+00 -2.15584638e-01 -6.59754594e-01]
 [ 1.42930440e+00 -1.31746042e+00 -7.74145575e-01 -1.18833988e+00
   7.98519344e-01 -1.75552393e-01  1.67037353e-01 -1.38418536e-01
  -1.51526539e+00 -7.59031822e-01  1.00379793e+00 -1.02301452e+00
  -1.33927806e+00  6.50405810e-02 -1.19196724e+00  1.38529694e+00]
 [-5.69113146e-01  8.10238064e-02  5.15560294e-01  9.69794623e-01
  -1.04106630e+00  7.03886201e-01 -5.66427492e-01  8.76646057e-01
  -5.12620829e-01 -1.67385378e-01  1.11404636e+00  1.70988955e+00
  -1.97615141e+00  1.81018882e+00 -2.26314925e-01  1.52241568e+00]
 [-3.29119224e-01  9.26907003e-02  1.75680955e+00  4.42691219e-01
   5.27367683e-01  9.36141727e-01  1.09879269e+00  5.00467473e-01
   3.99329281e-01  1.80130521e-03  3.22943318e-01 -4.91305081e-01
   5.64175274e-01  1.61667309e-01  7.11048853e-01  3.69874925e-01]
 [-5.55904881e-01 -5.72479823e-01 -1.42012901e+00  4.29263017e-01
   3.75797118e-01  5.09786629e-01 -8.81695245e-01  1.61424861e+00
  -8.07286509e-01  1.53228165e+00  4.28779285e-01  3.12741742e-01
  -1.27742220e-01  3.81972782e-01 -5.47674595e-01  1.40093870e+00]
 [-1.47641965e+00  1.70813483e-01 -1.59051546e-01 -3.56679200e-01
   3.08501518e-01 -2.05501532e+00  9.39502938e-01  2.93908096e-01
   1.13686167e+00  1.47945953e-01  6.28055838e-02  1.39502445e+00
  -8.54949161e-01 -5.24363273e-02 -4.36238506e-01 -1.37196744e+00]
 [ 5.54911370e-01  7.01983308e-01 -2.72500372e-01 -5.72640176e-01
  -9.26928698e-01 -3.95499576e-01  3.32680309e-01  8.96822967e-01
  -1.96816333e-01 -8.85968396e-01 -6.47204352e-01 -2.07058324e-01
  -1.17386043e+00  4.52138076e-01 -4.62428930e-01  1.67579814e+00]]