[[-3.71399301e-01 -1.01284028e+00  6.61944154e-02  1.01585775e+00
  -8.91230613e-01 -6.70837973e-01  1.86685887e-01  1.09043215e+00
  -7.14042325e-01 -2.61009607e-01 -3.56846591e-01 -2.91423280e-01
   1.03492262e+00 -1.02637043e+00  3.48340635e-02 -8.03678917e-01
   5.98076677e-01 -1.39787313e+00  5.47151979e-01 -4.86735911e-03]
 [-9.18799216e-02 -8.40203865e-02  7.48076642e-01  8.89413096e-01
   2.03062820e-01  1.35640437e-01 -1.39290253e+00 -1.52188400e-01
   4.53454285e-01 -4.64305163e-01  1.41296600e+00 -7.37775571e-01
   1.12635476e-01 -1.00783183e+00 -1.86863578e-01  6.24187224e-02
  -3.52983026e-01 -3.18995125e-02 -5.13764524e-01  3.96769727e-01]
 [ 4.06326356e-01 -2.05139241e-01  1.46474750e-01 -4.28734464e-01
  -8.80242309e-01 -3.84465608e-01 -5.92410232e-01 -4.01468527e-01
   1.38813672e+00 -1.02199999e+00 -6.90618481e-01 -6.65440774e-01
  -8.71095735e-01 -8.43212868e-02 -6.24533031e-01  1.30255440e+00
  -3.69093404e-01 -4.65502171e-01  8.73756315e-01 -2.19580454e-01]
 [ 5.25530745e-01  6.33979312e-01 -9.47269547e-01 -8.24292034e-01
  -1.14389691e+00  1.38078912e-01 -1.46366045e-01  6.51576931e-01
  -6.70300205e-01  9.64455343e-01  1.75468965e+00  8.58768393e-01
   2.19139309e-01  7.07620327e-01  1.35355813e+00 -5.21224557e-01
  -6.18050281e-01  5.78081119e-01 -5.36813654e-01 -6.90197805e-02]
 [-4.93377886e-01 -3.08665301e-02 -2.93529809e-01  1.00004927e+00
   1.69602609e-01  1.14287477e-01 -3.34253238e-02  9.66841890e-01
   6.40590582e-01 -1.27705281e+00 -9.95669620e-01  6.54053256e-01
  -1.12146616e+00 -1.37306619e+00  1.13111426e+00 -2.77514963e-01
  -2.09173996e-02 -4.14327022e-01 -1.61281570e-01 -6.33094607e-01]
 [ 7.79231630e-02 -7.32796282e-01  4.44779376e-01 -1.20253174e+00
   1.20179109e+00  1.84020580e-02 -4.57753756e-02  4.19884979e-02
   1.97152113e+00  4.34633113e-01  8.91479025e-02  2.08238410e-01
   1.10052584e+00 -1.33311154e+00 -8.85967015e-01 -8.41046973e-01
   9.99379253e-01 -6.12222413e-01 -7.90232089e-01 -7.14194964e-02]
 [-9.19394755e-01 -5.62008806e-01  6.82187080e-01 -3.77599264e-01
  -5.37286324e-02  4.51362235e-01 -7.27127845e-01  1.24602667e+00
  -1.05130035e+00 -4.74491313e-01  1.42754421e-01  1.17059533e+00
  -8.80041400e-02  6.54322832e-01 -4.66461629e-02 -9.35472725e-01
  -2.25280172e-01  1.32519582e+00 -7.97649539e-01  4.75984158e-01]
 [-4.51455947e-01 -2.97847901e-01  2.06059721e-01  1.33473604e+00
   8.21903276e-01  8.25163094e-02  8.96596696e-01 -2.64814069e-01
  -1.97764424e-02 -6.35766035e-01 -8.79458506e-01  4.07279804e-01
   7.92440046e-01 -1.03644754e+00 -3.71594596e-01 -5.23604984e-01
  -8.27942168e-01 -5.23871874e-01  1.18619826e+00  1.12689640e-01]
 [ 3.82893766e-01  1.10791075e+00  6.25463549e-01  6.52347344e-01
   4.93644756e-01 -1.79170273e+00 -3.24702643e-01  1.30756191e-02
   6.39247992e-01  9.10705580e-01 -4.09046726e-01  2.35258494e-01
   6.18765531e-01 -6.87672766e-01 -9.71020819e-01  6.02147473e-01
   3.02487260e-01  1.65952134e+00 -1.39562868e-01  7.29074422e-02]
 [-6.09576333e-01 -5.39111301e-01 -2.59480181e-01 -3.56544917e-01
  -6.75715700e-01  1.22236191e+00  1.17452495e+00 -8.84568055e-01
   4.27392697e-01  2.30193453e-01  9.95863215e-01  2.22916534e-01
   1.34014327e+00 -3.56228865e-01  2.26138571e-01  1.93718014e-01
   2.00557609e-01  1.13670973e-01  5.51142258e-02  5.67217353e-01]
 [-4.64427058e-01 -5.57638849e-01  1.43680292e+00  3.26095880e-01
  -1.28749820e+00 -6.75517403e-01 -1.37433302e+00  1.14874368e+00
  -8.93197121e-01 -7.64080697e-01  8.97330454e-01  5.79652296e-01
   1.18419837e+00 -1.21893192e+00 -1.02773681e-03 -3.17838379e-01
   2.62211572e-01  8.11887381e-01  8.51103629e-01  6.97210553e-01]
 [ 8.30134346e-01 -7.80363438e-01  3.90584321e-01 -6.58838774e-01
  -2.02904434e-02 -7.83473798e-01  5.74818247e-01 -1.21394024e-01
   5.02398073e-01  1.38543189e+00 -3.26308610e-02 -4.19864748e-01
   4.29321975e-01 -1.18672737e-01 -5.77203356e-01  5.76328023e-01
  -7.50504235e-01  1.89942863e+00 -6.54271602e-01  1.20489120e+00]
 [ 1.44108433e+00 -1.39908385e+00 -2.06201967e-01 -5.43353514e-01
   7.61192373e-02 -7.77366829e-01  2.75830506e-02 -7.20205400e-01
   1.08061145e+00 -8.14381484e-01  4.48188632e-01 -7.80248162e-01
   1.68641089e-01  2.10207082e-01  8.14289505e-02  6.46095139e-01
  -1.82651436e-01  2.64628103e-01  1.59848723e+00  3.64972322e-01]
 [-1.06857080e+00 -2.76248539e-01 -3.90738599e-01 -6.92671081e-01
   6.79810525e-01 -9.58268001e-01 -6.06465532e-01 -4.07578929e-01
   3.98503960e-01 -6.42298787e-01 -1.38867654e-01  1.74870048e-02
   9.82073535e-01  1.56352254e+00  8.55954722e-01  8.59674564e-01
  -1.04601802e+00 -3.60958905e-01 -4.37440427e-01 -4.15870714e-01]
 [ 3.81157110e-01  6.96172443e-01 -6.81741616e-01  2.87083365e-01
  -3.81888157e-01 -1.19055189e+00 -1.73021130e-01 -1.12355643e-01
   4.60680625e-01 -1.09653032e+00 -4.14237370e-01  4.37468478e-01
   4.04023457e-01 -1.13907938e+00  3.61514176e-01 -1.23441802e-01
   1.32111386e-01 -6.40371807e-01 -1.48436641e+00 -7.24242569e-02]
 [ 1.01815724e+00 -6.41728837e-01  2.05095808e-01 -3.82458265e-01
  -4.14014326e-01  6.49344743e-01  1.61027012e+00  6.43148685e-01
   5.35671322e-01  1.57805228e+00 -2.22804247e-01 -1.90388440e-01
   8.46619199e-01  1.51454096e-01  4.76573427e-01 -1.56365636e+00
  -9.65699452e-01  1.23944994e+00  3.68244341e-01 -1.52446603e+00]
 [ 2.11912511e-01  6.92760190e-01  4.31644832e-01  2.05662706e-01
   6.71766901e-01 -6.23097661e-01  1.24823772e+00 -1.32098654e-02
   8.26042628e-02  4.45958772e-01  2.14134910e-01  6.16145871e-01
  -9.82326719e-01 -2.67779917e-01 -6.48676450e-01  8.60707386e-01
  -8.84577512e-01 -6.73972195e-01  3.02533462e-01  1.51106055e-01]
 [-6.22879183e-01 -1.21308254e-01 -5.40281155e-01 -3.27709079e-01
  -5.80884857e-01 -9.42161029e-01  3.30870559e-01 -4.94432052e-01
   5.34294139e-01  6.40113238e-01 -6.96220954e-01 -2.30680130e-01
   5.97329942e-01  1.60261376e+00 -8.98650387e-02 -1.20572999e+00
  -6.22582947e-01  3.94046779e-01  1.08788427e+00  5.89175035e-01]
 [-4.12668690e-02 -1.50607805e+00  6.07162963e-01  4.89275787e-01
   1.09873975e+00  7.81199426e-01 -2.10532679e-01  8.07837532e-01
  -1.44999289e-01 -9.55606788e-01 -1.53833712e-01 -8.28513366e-01
   9.81271317e-01  5.09806765e-01  8.51298340e-02 -6.12563424e-01
  -6.65956970e-01  1.15223939e-01  5.58790654e-01  4.86637360e-01]
 [ 7.04466455e-01  6.31713269e-01 -1.44660312e-01  6.49928659e-01
  -3.59174477e-01 -8.18263272e-01 -2.09603951e-01  3.25345718e-01
  -1.34648363e-01 -9.96189883e-01 -1.74860584e-01  3.92523593e-01
  -5.35035445e-01  1.83616763e-01 -2.80733246e-02 -1.10330283e+00
  -5.64303726e-01 -5.34655034e-01 -6.30655557e-01  3.94754975e-02]
 [-6.35763484e-01 -2.95819594e-01  1.11277045e-01 -5.13423566e-01
   3.43885189e-01 -1.15976161e+00 -8.14484638e-01  4.54833384e-01
  -4.25082850e-01  9.13208956e-02 -1.12535408e-01 -3.76639133e-01
   7.80602519e-01 -5.56438884e-01 -8.68996839e-01 -3.90467033e-01
   7.15991839e-02 -9.32517456e-01 -1.73781021e+00  1.11700950e+00]
 [ 1.97183722e-03 -3.75087587e-01  8.72336358e-01  5.20242678e-02
   1.60533530e-01  6.51581233e-01 -4.23504340e-01 -1.10854676e+00
   4.63531473e-01  8.57861183e-01 -1.87296069e+00  1.26544682e-01
   1.46653136e+00 -6.95209460e-01 -2.90192556e-01 -1.37727200e+00
   7.39160042e-01  5.14098281e-01  5.27950232e-01  2.84890436e-01]
 [ 1.23244139e-01 -9.62272146e-01  2.93371800e-01  8.43018268e-01
  -3.02872657e-01 -1.55665839e+00 -1.00087101e-01  1.42143451e+00
  -2.91992977e-02  9.30005072e-02 -7.47741344e-01  2.74648775e-01
  -1.12382302e+00  5.42083616e-01  3.07533903e-01  9.17022318e-01
  -3.74586766e-01 -6.70238807e-01 -2.96194721e-01  2.26063477e-01]
 [ 1.23720810e+00  7.70960198e-01  3.38171084e-01 -4.55526697e-01
  -8.05294443e-01 -1.27442813e+00 -6.20421521e-01  8.06838705e-01
  -9.30571852e-01 -1.28092780e+00  5.53367867e-01  3.35214788e-01
   1.08074701e-02 -1.86680083e-01  5.88959029e-01  9.48697517e-01
  -3.17645906e-01 -4.78203286e-01 -1.28126811e-01 -8.24010718e-01]
 [-6.16568038e-01 -1.06600454e+00  7.15376665e-01  1.79567574e-01
  -1.27276993e+00 -6.56272903e-01 -5.76649866e-01 -1.26955957e+00
  -2.22934663e-01 -2.36217570e-01 -4.62199287e-01  3.69523327e-01
  -3.01212294e-01  2.00766089e-01  8.07037305e-01 -3.56238212e-01
  -1.64675432e-01  6.47540442e-01  1.01218584e+00 -1.36486636e+00]
 [ 3.77578146e-01 -5.58999226e-01  6.19723631e-01  9.54802238e-01
  -9.83520950e-01 -2.09370440e-01  6.33159623e-01 -4.97657590e-02
  -1.04038946e+00 -1.14460294e+00 -6.82931924e-01  4.29709225e-02
  -1.75120384e-01 -4.03469992e-01 -1.02343868e+00 -2.18141439e-01
  -1.41833926e-01  1.67533924e-01  2.36685632e-01 -6.54426370e-01]
 [-4.59481514e-01  4.24509963e-01  7.29012218e-01  9.47132772e-01
   4.25754480e-01 -7.69648053e-01 -4.35099579e-01 -5.89865438e-01
   1.87221597e-01 -3.75615621e-01 -8.47174801e-01  2.11186011e-01
   1.32500052e-01 -5.86868149e-01  6.20737004e-01  8.33316978e-01
   2.82121253e-01  7.88749719e-01 -8.28782146e-01  4.29416852e-01]
 [ 2.64603004e-01  1.02038560e-01 -6.08287554e-01 -9.05129516e-01
  -1.33999150e+00 -1.11957218e-01  2.91162473e-01 -3.93608908e-01
   3.68715470e-01 -1.25347503e+00 -6.90146741e-01  8.21231377e-02
  -4.61612384e-01  4.94618261e-02 -1.27889986e+00 -1.74155037e-01
  -7.72595757e-01  3.33033952e-01  6.39688078e-01  4.92504433e-01]
 [ 1.46412321e+00 -7.74641610e-03  8.12069970e-01  3.57482432e-02
  -2.87987562e-01 -8.98607288e-01  1.42781932e-01  1.19641814e+00
  -4.61090473e-01  9.79692334e-01 -3.27085709e-01 -2.97389213e-01
  -6.88040814e-01 -3.81094883e-01  7.89267950e-01  4.01519294e-01
   3.14556481e-01  1.51663724e+00 -6.39402298e-03  6.91418208e-02]
 [ 9.40372038e-01  8.19391479e-01  7.35773676e-01  7.53534409e-01
  -9.44051483e-01 -4.57418079e-01 -1.63470853e+00 -1.30031155e+00
  -2.40346660e-01  6.06723362e-05 -5.60889173e-01  1.22119736e+00
   1.21229700e+00 -1.49530191e-01  1.32336166e-01  8.48505654e-01
  -7.65856022e-01  1.10689667e+00 -9.56106124e-01 -3.47567387e-01]
 [-5.48561288e-02  4.50908169e-01 -9.31971219e-02  7.69526765e-01
  -5.02938302e-01 -6.06519455e-01 -1.02535200e+00  4.77832192e-01
   4.25638916e-01 -7.78002799e-01 -1.44449305e-01 -6.16056357e-01
   3.00925807e-01 -3.69108311e-01 -2.75129346e-02  2.63838822e-01
   6.28422109e-01 -3.52639959e-01 -1.23211223e+00 -3.77562835e-01]
 [ 1.04003480e+00 -1.30529087e+00 -1.55586790e-01  2.53641937e-01
  -6.91681674e-01 -9.81952313e-01 -3.87458152e-01  8.35237661e-01
   5.52930981e-01  6.77973762e-01 -1.61823247e+00 -1.21906001e+00
   4.39509694e-01  3.90843334e-01  1.88826990e-01 -5.08519027e-01
   2.89876679e-01  1.15971272e+00  4.01397227e-02  9.22363807e-01]
 [ 1.35187162e+00 -6.85718684e-01 -1.59606955e-01  1.99464087e-01
   1.48242136e-01 -4.97842710e-01 -1.35759268e-01 -3.26573373e-02
  -1.05158367e+00 -8.79051654e-01 -4.77057300e-01 -1.15570417e+00
  -6.49223422e-01  5.13337790e-02 -1.73189270e-01 -9.76414744e-01
  -1.95241939e-01 -7.26055092e-01 -1.32397175e+00  3.44608022e-01]
 [-3.34935122e-01  1.13641884e+00  1.11064926e+00 -6.86959755e-01
  -1.07080650e+00  1.54600627e+00  5.43495644e-01  7.32321975e-01
   1.09316041e+00  3.00510731e-01  3.53989463e-01 -4.33275700e-01
  -1.10634452e-01  2.67651077e-01 -5.32198556e-01  6.26067602e-01
   1.51971685e-01 -5.52477675e-01  1.00424833e-01  7.19804268e-01]
 [ 7.79604607e-01 -9.47792915e-01 -1.38538079e+00 -7.47256415e-01
  -1.05423329e+00  5.84598411e-02  1.05077793e+00  1.03674298e+00
   1.35598287e+00  5.30647485e-01  2.54173042e-01  4.98890164e-01
  -2.54767276e-01 -1.13764313e-01 -7.42075160e-01  2.56997671e-01
  -5.49777630e-01  1.25407768e-01  6.34183469e-01  7.48787381e-01]
 [ 1.03341019e+00  5.21226684e-01  3.53724473e-01 -4.97972860e-01
  -1.14693657e+00  1.34452480e+00  1.87274102e-01 -3.37836067e-01
   1.03005209e+00  1.48760356e+00 -2.02892173e-02  6.37649278e-01
   8.90995225e-01  1.82803720e-01  4.54915565e-01  1.44448565e+00
  -1.08693073e+00  9.93908174e-01  2.52445943e-02 -1.32165562e-01]],[[-0.42548446  0.90947324 -0.44164883  0.15187253 -0.21635549  0.43789029
   1.53133309  0.44206959  1.04276653 -1.24999939  1.86929992 -0.23176987
   0.53508379  0.63209011 -0.82045804  0.06940463]
 [ 0.53210088  0.21757667  0.4290109   0.57760218 -1.04457407 -0.27564617
  -0.77671916  0.20848335 -0.95462905 -0.30818998  1.8419363   0.97197688
   0.74256521  2.06128085 -0.90012329 -0.74570451]
 [ 0.50501758 -0.44246051 -1.63664683 -0.87600559  0.24856426 -0.22026849
   0.20145607 -0.16760225  0.12385435 -1.1775283   0.28578695 -0.93057027
   0.6380657   0.78543713  0.25889353 -0.19500538]
 [-0.09936601  0.60432247  1.129812    0.20384876 -0.32286046 -1.0831595
   0.15204448 -0.13005449  1.4486146  -2.90686517 -0.91258781 -0.31021451
   0.68123978 -0.49894472  1.083145    0.0484506 ]
 [-0.80296121  0.41511484  0.3305692  -0.40111315 -0.5639411   0.28981744
  -0.68067507  1.18054549  0.65885296  0.18543651 -0.22850001 -0.5177619
   1.16290732  1.37638908 -1.97597323 -0.5535113 ]
 [ 1.03063151  1.84242645  1.45874577 -0.00683715  1.39789099  0.70396289
  -0.65441356  0.13712374  0.36892551  0.76246019  1.49880066  0.38609322
  -1.09996363 -0.1052299   0.42993081 -0.06185018]
 [ 1.00788046 -0.51905329  0.35682618  1.4572886   0.71776436  0.34424784
   1.18233582  0.95990068  0.51169583  0.9390311   0.4311826  -0.19161681
   0.50528644  0.35470171 -0.399105    0.085038  ]
 [-1.43473775 -0.01493643 -0.06649454  0.16074207 -0.69698918 -0.1094283
   0.43149659 -0.6485734  -1.01775176 -0.24207585  0.18533594  0.31973028
   0.26644593 -0.34659977  0.28023098 -0.13553649]
 [-0.20058912  1.23808411  0.62365532  0.02232218  1.56906343  0.48217172
  -0.14465432 -0.47889632 -1.03397717  1.26267298 -0.44657112 -1.28720562
   0.53561903 -0.5417194  -0.26918541  0.51856591]
 [ 0.37452305  0.24150402  0.66287993 -0.25512972 -0.07784486 -0.0795199
   1.21847997  0.51833956  0.57253243 -1.06909895  0.0224423  -0.82201461
  -0.33164557  0.09196402  0.13825916 -1.17178951]
 [-0.23248087  0.22931562  0.22221147 -0.49111831 -1.3419631  -0.0154146
   0.61961934 -0.55125668 -0.15112347 -0.64805186  0.55344579  1.07470532
  -0.47443316 -1.02916797 -0.39391987 -0.50997549]
 [-0.73038042 -0.57475057  0.98243545  0.85077269 -0.59975083 -0.03251923
  -0.19688552  0.21043729 -0.61611129  0.74699746 -0.06501867  1.41237373
  -0.21897493  0.03554652 -0.17140224 -0.76323822]
 [-0.08231086 -1.41494831 -1.95896999  0.6279491   0.79980332 -0.3382614
  -0.04092458 -1.04339003  0.09298374  1.13024883  0.49381222  0.37462739
  -0.37572337  0.64020225  1.20996138 -0.73929874]
 [ 0.52469191 -0.03504563  0.10781058 -0.97385911 -1.07607745  0.91640212
   1.19200324  1.00103658 -0.40259194 -1.54462113  0.17386834 -0.04402832
  -0.91316541 -1.21022543  0.83083326 -1.79973986]
 [ 1.45774553 -1.70695833  0.36861422 -1.7273519   0.30326995 -1.03736631
  -0.26275499 -0.80528616 -1.18516798 -0.53234353  1.0576303  -0.7359839
  -1.01907019 -0.27655089  0.56329739  1.83076677]
 [-0.64532122  0.20523318  0.25106534 -0.8278423   0.76620249 -0.57084423
  -0.11986276  1.35553468 -0.67364614  0.16900187  0.74326809  0.2547284
  -0.76022527  1.73731224 -0.1479203   1.02866343]
 [-0.6448409  -0.33020205  1.96815399  0.22624213  0.5238415  -0.41233118
   0.17889792 -0.21957168  0.02522454 -0.77176675 -0.40293719 -0.49333689
   1.2703428   0.33271977  0.40960176  0.64794694]
 [ 0.88557389 -1.48215516  0.27254531  0.43740663 -0.02055585  0.30625729
  -0.48861191 -0.28402733 -0.33246687  1.15805955 -0.28593299  0.72503593
  -0.01689641 -0.1366155   0.05792777  1.07244867]
 [-1.69048035  0.30819069 -0.22912468 -1.31725938  0.63707599 -0.45615589
  -0.29835939 -1.24892496  1.14259947 -0.4385122  -0.77168191  1.12478216
  -0.44074961 -0.46016312 -1.34193937 -0.57335761]
 [ 0.01001099  1.03159762  0.48779835 -0.19907802 -0.24915742 -0.69782069
  -0.15698897 -0.41011949 -0.2097307  -1.80291053 -0.96878567  0.47758645
  -0.84698306  0.71634226  1.12676658  0.43521874]]