[[-9.02652988e-01 -7.50294093e-01 -3.44293829e-01  1.01585775e+00
  -8.91230613e-01 -8.35464097e-01 -1.86705362e-01  1.25997606e+00
  -3.08475905e-01  2.27081116e-02 -5.67535987e-01 -2.91423280e-01
   1.06527280e+00 -6.22786407e-01 -4.23668307e-01 -8.03678917e-01
   1.14203473e-01 -1.18033047e+00  8.70046334e-01 -4.86735911e-03]
 [-9.18799216e-02 -2.12140628e-02  7.48076642e-01  1.66226435e+00
   7.12882918e-01  3.16596837e-01 -1.39290253e+00 -9.99617068e-01
  -1.10307894e-02 -4.64305163e-01  1.41296600e+00 -3.29957439e-01
  -3.66118465e-01 -1.00783183e+00 -1.13165630e-01  5.91682140e-01
  -4.49059055e-01 -3.18995125e-02 -7.26881741e-01  5.95346977e-01]
 [ 4.06326356e-01 -2.97768056e-01  1.33946477e+00 -4.28734464e-01
  -1.07420475e+00 -3.37205182e-01 -8.59969531e-02  1.02181995e-02
   9.05558394e-01 -1.02199999e+00 -6.90618481e-01 -6.17831359e-01
  -6.87832236e-01 -4.72114978e-01 -8.78868595e-01  1.30255440e+00
  -7.42202527e-01 -4.65502171e-01  1.12602420e+00  2.71614954e-01]
 [ 5.25530745e-01  2.78460210e-01 -9.47269547e-01 -8.24292034e-01
  -6.17084082e-01  3.38089912e-01 -1.46366045e-01  2.76294193e-01
  -3.89653858e-01  1.06594108e+00  1.60385584e+00  8.58768393e-01
   2.92097530e-01  6.43756392e-01  1.35355813e+00 -1.21434856e+00
  -2.21929840e-01  3.52320945e-01 -7.17085406e-01 -6.90197805e-02]
 [-4.93377886e-01 -3.08665301e-02  1.72903910e-01  6.53312659e-01
   2.39959161e-01  1.14287477e-01  2.01295898e-01  9.66841890e-01
   6.40590582e-01 -7.27937941e-01 -9.95669620e-01  6.54053256e-01
  -2.48975376e-01 -1.37306619e+00  6.48086016e-01  4.60074102e-02
  -5.20072279e-01 -7.66157710e-01 -1.61281570e-01 -1.11716254e+00]
 [ 7.79231630e-02 -4.80761704e-01  3.90257119e-01 -1.31340464e+00
   9.41538528e-01  1.68946856e-01  3.11631898e-01  4.19884979e-02
   7.53850336e-01  4.34633113e-01  8.91479025e-02  5.38921871e-01
   9.31836870e-01 -1.28300725e+00 -1.39953576e+00 -4.73486073e-01
   1.36304119e+00 -4.22589681e-01 -7.90232089e-01  3.08013153e-01]
 [-1.32142480e+00 -2.26025214e-01  1.09369752e+00 -3.77599264e-01
  -9.89259072e-02  4.51362235e-01 -8.79558921e-01  1.24602667e+00
  -1.29898397e+00 -4.74491313e-01  1.42754421e-01  1.17059533e+00
  -8.80041400e-02  6.54322832e-01 -5.65819368e-01 -7.35533015e-01
  -2.25280172e-01  9.40111552e-01 -7.97649539e-01  9.41065101e-01]
 [-1.69085282e-01 -2.97847901e-01 -1.78960435e-01  1.33473604e+00
   3.24464829e-01 -3.68180950e-02  1.91085314e-02  5.66726419e-01
  -1.97764424e-02 -6.35766035e-01 -8.51614319e-01  5.01942417e-01
   1.16501454e+00 -1.18174751e+00 -3.71594596e-01 -4.51849263e-01
  -8.27942168e-01 -5.83172608e-01  1.18619826e+00 -1.72417687e-01]
 [-3.76950530e-01  5.60425640e-01  6.25463549e-01  1.14398954e+00
   5.35160159e-01 -1.79170273e+00 -1.02444646e+00  1.30756191e-02
   6.39247992e-01  1.05454959e+00 -1.96326715e-01 -2.50240511e-01
   6.18765531e-01 -1.11705344e+00 -5.94533748e-01  8.67790519e-01
   7.69425887e-01  1.65952134e+00  3.47906282e-01  1.18420116e-01]
 [-5.72556854e-01 -5.39111301e-01 -3.67445715e-01  1.19648513e-01
  -6.75715700e-01  1.04835706e+00  7.17193179e-01 -8.84568055e-01
   3.92991856e-01  2.30193453e-01  5.86088015e-01  2.01130012e-03
   1.34014327e+00 -7.54789627e-01 -1.15325445e-01 -2.31266888e-01
   4.68730970e-01  1.13670973e-01 -3.49974925e-01  6.11437567e-01]
 [-4.64427058e-01 -5.57638849e-01  1.72280318e+00  1.16633716e-02
  -8.29316930e-01 -6.75517403e-01 -7.65594239e-01  1.61128587e+00
  -2.97806045e-01 -4.63982537e-01  8.97330454e-01  5.04473957e-01
   1.01756468e+00 -1.80125113e+00 -1.02773681e-03 -7.97463377e-01
   2.62211572e-01  8.03833541e-01  8.51103629e-01  6.79847365e-01]
 [ 1.93953477e-01 -7.80363438e-01  6.55163120e-01 -1.03132087e+00
  -2.02904434e-02 -6.18517422e-02  5.74818247e-01  5.68567911e-02
  -2.68406688e-01  9.99164377e-01 -3.26308610e-02 -4.19864748e-01
   4.29321975e-01 -1.18672737e-01 -8.33287276e-01  9.16153344e-01
  -6.74983170e-01  1.67690287e+00 -6.54271602e-01  1.20489120e+00]
 [ 1.01246437e+00 -1.39908385e+00 -1.72472748e-01 -6.70977948e-01
   7.61192373e-02 -1.35658701e+00 -6.24341027e-01 -8.62034745e-01
   1.08061145e+00 -8.14381484e-01  4.48188632e-01 -9.54372925e-01
   1.68641089e-01 -2.29928942e-01 -2.26402887e-01  4.74356981e-01
  -3.78665263e-01  4.65227938e-01  2.06745823e+00  3.64972322e-01]
 [-1.16498033e+00  2.56974097e-01 -6.14532887e-01 -6.92671081e-01
   6.79810525e-01 -8.36887944e-01 -4.32078788e-01 -4.07578929e-01
   3.98503960e-01 -9.52055200e-01 -4.43041474e-01 -4.33642886e-01
   8.21181073e-01  1.56352254e+00  8.55954722e-01  1.20788127e+00
  -1.04601802e+00  1.36402340e-01 -4.37440427e-01 -4.15870714e-01]
 [ 2.09430563e-01  9.31949626e-01 -6.81741616e-01  8.47883253e-01
  -4.40393610e-01 -1.19055189e+00 -1.73021130e-01 -5.58571284e-01
   4.60680625e-01 -1.09653032e+00 -4.89219335e-01  3.59011870e-01
   4.04023457e-01 -6.67238184e-01  1.32324443e-01 -1.23441802e-01
   2.72066335e-01 -6.40371807e-01 -1.52213226e+00  2.07281423e-01]
 [ 3.97752093e-01 -7.88456279e-01 -1.05185268e-03 -1.67163455e-01
  -2.08577539e-01 -7.40003000e-02  1.74668816e+00  6.43148685e-01
   5.35671322e-01  1.28451912e+00 -6.98800991e-01 -1.90388440e-01
   8.46619199e-01  1.51454096e-01  4.76573427e-01 -1.34699796e+00
  -8.29028566e-01  9.79816405e-01  3.82125578e-01 -6.29265098e-01]
 [ 2.11912511e-01  4.89389354e-01  4.31644832e-01  6.99227219e-02
   1.18806616e+00 -6.23097661e-01  1.24823772e+00  5.92741340e-01
  -2.06604715e-01  4.45958772e-01 -3.45514580e-02  6.16145871e-01
  -6.50991648e-01 -3.07841254e-01 -6.55925433e-01  8.60707386e-01
  -4.28432174e-01 -3.23175490e-01  3.02533462e-01  1.04293794e-01]
 [-6.22879183e-01 -1.21308254e-01 -5.17425881e-01 -9.37335821e-01
  -2.93136329e-01 -9.42161029e-01  3.76312338e-01 -1.42845248e-01
   5.34294139e-01  8.05416165e-01 -3.96133814e-01 -1.16592615e-01
   1.76255238e-01  1.27725247e+00 -8.98650387e-02 -1.32063736e+00
  -5.71809378e-01  3.94046779e-01  1.08788427e+00  9.14844536e-01]
 [-4.12668690e-02 -1.16952193e+00  6.43129751e-01  6.96223629e-01
   5.31743782e-01  7.81199426e-01 -2.10532679e-01  8.07837532e-01
  -4.46568085e-01 -9.55606788e-01 -1.99217576e-01 -8.28513366e-01
   9.81271317e-01  5.09806765e-01 -2.83365610e-01 -6.12563424e-01
  -3.97829996e-01 -4.42930537e-02  9.26431447e-01  3.35158182e-01]
 [ 7.26884097e-01  3.97366690e-01 -6.86728058e-01  1.93343177e-01
  -3.59174477e-01 -6.63831099e-01 -3.99605466e-01  7.01740511e-02
  -2.48091022e-01 -9.96189883e-01 -1.74860584e-01  3.92523593e-01
  -5.35035445e-01 -2.94303985e-01 -2.80733246e-02 -9.93048344e-01
  -8.26331160e-01 -1.23859282e-01 -6.30655557e-01 -1.46078925e-01]
 [-7.56314931e-01 -2.95819594e-01 -2.26172387e-02 -2.84410030e-01
   4.14913800e-01 -1.53608056e+00 -6.90858802e-01  2.14103527e-01
  -7.63377023e-01  9.13208956e-02 -1.12535408e-01 -3.76639133e-01
   7.80602519e-01 -5.56438884e-01 -8.68996839e-01 -3.90467033e-01
   3.90851007e-01 -6.86900865e-01 -1.73781021e+00  9.84555969e-01]
 [ 1.97183722e-03 -1.52359723e-01  1.24996288e+00  2.78511983e-01
   1.60533530e-01  6.51581233e-01 -9.19537236e-01 -1.10854676e+00
   4.63531473e-01  5.69533108e-01 -1.21114889e+00  1.26544682e-01
   1.55664548e+00 -6.95209460e-01 -2.90192556e-01 -1.26117006e+00
   1.09963072e+00  4.17648614e-01  5.27950232e-01 -1.02171512e-01]
 [-1.29289355e-01 -9.62272146e-01  5.18363107e-01  1.88454688e-01
  -4.74898898e-01 -1.10041059e+00 -1.00087101e-01  1.13304359e+00
  -2.93965381e-01  5.42035131e-01  1.57690012e-01  2.74648775e-01
  -1.13436970e+00  5.42083616e-01  9.53995463e-01  9.17022318e-01
  -2.01487919e-01 -6.96214830e-01 -2.96194721e-01  2.26063477e-01]
 [ 1.23720810e+00 -4.16109935e-01  6.92873284e-01 -1.86886036e-02
  -3.75407830e-01 -1.23144178e+00 -8.08964721e-01  8.06838705e-01
  -8.66593012e-01 -8.17218855e-01  1.62680732e-01  1.95352334e-01
   5.68275140e-02 -1.18948000e-01  7.28711095e-01  1.13450312e+00
  -3.17645906e-01 -5.79759617e-01 -1.28126811e-01 -8.24010718e-01]
 [-6.16568038e-01 -6.13049843e-01  1.15920911e+00  3.77146940e-01
  -7.43067300e-01 -3.14941683e-01 -7.31629941e-01 -8.88984470e-01
  -2.22934663e-01 -2.71190500e-02 -4.54124495e-01  1.58470340e-01
   2.54643677e-02 -1.48428699e-01  8.92715605e-01 -3.56238212e-01
  -1.64675432e-01 -1.79527079e-01  3.65096914e-01 -1.36486636e+00]
 [ 3.77578146e-01 -5.58999226e-01  6.19723631e-01  1.52724032e-01
  -9.83520950e-01 -2.09370440e-01  1.79041428e-01 -5.17513937e-01
  -1.04038946e+00 -1.44554342e+00 -2.96500458e-01  4.36769107e-01
  -1.75120384e-01 -6.06006064e-01 -9.92267352e-01 -2.18141439e-01
  -5.14194938e-01 -3.11553561e-01  3.45502278e-01 -6.54426370e-01]
 [-5.47429224e-01 -5.74229970e-02  7.29012218e-01  8.94328042e-01
   4.25754480e-01 -7.69648053e-01 -4.35099579e-01 -4.41633959e-01
  -3.59052261e-01 -5.83865719e-02 -8.47174801e-01 -6.93616591e-02
   1.32500052e-01 -6.29081108e-01  4.09964155e-01  1.11060243e+00
   7.80264327e-01  4.00798332e-01 -7.50952766e-01  4.53305968e-01]
 [ 2.53634161e-02  2.47556122e-01 -6.08287554e-01 -3.58245600e-01
  -1.33999150e+00 -1.11957218e-01  2.91162473e-01 -8.66651725e-01
  -6.59467711e-04 -1.25347503e+00 -1.61037211e-02 -8.94234598e-02
  -3.14269694e-02  4.94618261e-02 -7.89235997e-01 -1.74155037e-01
  -7.72595757e-01  3.33033952e-01  6.39688078e-01  1.75476699e-01]
 [ 1.15246354e+00  2.45820805e-01  3.85555615e-01  1.22889745e-01
  -2.87987562e-01 -9.43439990e-01  1.42781932e-01  9.41745164e-01
  -7.38409942e-01  9.79692334e-01 -3.92462512e-02 -2.97389213e-01
  -6.88040814e-01 -3.81094883e-01  7.89267950e-01  4.25088229e-01
   3.14556481e-01  1.51663724e+00 -6.39402298e-03  2.42379063e-01]
 [ 6.59900966e-01  1.05888755e+00  8.65759045e-01  7.53534409e-01
  -6.56733954e-01 -4.57418079e-01 -8.16209289e-01 -1.15792893e+00
  -1.09716387e-01  8.93080719e-01 -2.20025794e-01  1.22119736e+00
   6.86354795e-01 -1.49530191e-01 -6.96979376e-01  1.07059526e+00
  -6.48390410e-01  3.92893325e-01 -4.73947540e-01 -7.05823346e-01]
 [-5.48561288e-02  4.83588027e-01 -3.28582702e-01 -3.45638871e-02
   2.26104583e-01 -8.64377969e-01 -5.59152874e-01  4.77832192e-01
  -5.64846688e-02 -1.30113832e+00 -1.44449305e-01 -6.16056357e-01
   3.00925807e-01 -2.25900770e-01 -2.75129346e-02  2.63838822e-01
   2.52231625e-01 -3.52639959e-01 -1.23211223e+00 -5.48723786e-01]
 [ 9.11681738e-01 -8.49963912e-01 -3.50360670e-01 -2.87053007e-02
  -1.00367807e+00 -1.39726698e+00 -2.58909256e-01  6.83429441e-01
   7.89490890e-01  6.20465469e-01 -1.61823247e+00 -1.48658412e+00
   4.39509694e-01  4.39813749e-01  3.78277308e-01 -1.11765916e+00
   1.10756861e-02  1.15971272e+00  4.24710989e-01  9.22363807e-01]
 [ 1.09297100e+00 -1.03986734e+00 -5.17462001e-02  3.33404891e-01
   1.42051332e-01 -4.97842710e-01 -4.41488191e-01 -3.26573373e-02
  -1.05158367e+00 -9.73057719e-01 -4.77057300e-01 -1.02540357e+00
  -9.01923294e-01  3.98236442e-01 -1.57148465e-02 -9.76414744e-01
  -1.95241939e-01 -7.26055092e-01 -1.32397175e+00  3.45335404e-01]
 [-4.48296176e-01  1.10348146e+00  9.60593930e-01 -6.86959755e-01
  -1.26054543e+00  1.54600627e+00  1.01676985e-01  6.15247738e-01
   1.29924079e+00 -1.81843272e-01  3.53989463e-01 -4.33275700e-01
  -1.10634452e-01  2.92422047e-01 -4.82273891e-01  6.26067602e-01
  -5.69895569e-01 -2.24764414e-01  3.21218751e-01  3.92538566e-01]
 [ 7.79604607e-01 -9.47792915e-01 -7.34632203e-01 -9.29032487e-01
  -7.25689280e-01  1.84725294e-01  1.05077793e+00  1.03674298e+00
   1.81838043e+00  8.97571059e-02  2.54173042e-01  4.98890164e-01
  -2.54767276e-01 -3.20057351e-01 -8.20088799e-01  9.15108951e-02
  -5.49777630e-01  6.16406514e-01  6.34183469e-01  9.47286236e-01]
 [ 1.03341019e+00  5.21226684e-01  3.53724473e-01 -8.62973258e-01
  -1.16081393e+00  7.22383217e-01 -5.87643683e-03 -3.37836067e-01
   5.82780294e-01  6.31374042e-01 -2.02892173e-02  5.66030038e-01
   8.90995225e-01  2.31691307e-01  3.00531788e-01  1.30774654e+00
  -1.08693073e+00  9.93908174e-01  2.52445943e-02 -1.32165562e-01]],[[-0.42548446 -0.11237484  0.47714337 -0.14158141  0.14083898  0.456192
   1.07370905  0.34508063  0.66133464 -1.24999939  2.3031831   0.45042009
   0.18217388  0.89815472 -0.13587736  0.51841836]
 [ 0.90157143 -0.24503692  0.94701081  0.50059298 -1.04457407 -0.27564617
  -0.30017251  0.29981218 -0.92118212 -0.135197    0.69997377  0.78195771
   1.19907499  1.57457379 -0.7942014  -0.84045007]
 [ 0.85120198 -0.08577213 -1.63664683 -1.01243567  0.62207062 -0.22026849
  -0.31659727 -0.06886336 -0.58362801 -1.06434077  0.14726431 -0.78656448
   0.96675161  0.87047231 -0.10163659 -0.19500538]
 [-0.50401551  0.38906566  1.30658732  0.12830113 -0.02541721 -0.57706257
   0.14410385  0.40468416  0.98685132 -2.31605294 -0.56691598 -0.67250608
   1.15646089 -0.49894472  0.95986923  0.04679993]
 [-0.35811282  0.87544404  0.31263105 -0.28947189 -1.3279104   0.86979735
  -0.68067507  1.8680575   1.16241325  1.35499908 -0.01508609 -0.66020133
   0.08392587  1.35986841 -2.11533124 -0.73207528]
 [ 0.39995213  1.17631845  1.39511734  0.33634203  1.25961084  0.47485226
  -0.34112653 -0.18402773  0.5558349   0.72012797  1.3891824   0.59507225
  -1.09996363  0.38054579 -0.0785903   0.09149782]
 [ 0.19856586 -0.40730382  0.1191768   0.66850515  0.73818134  0.34424784
   1.40673035  0.95990068  1.52326795  1.32039141  0.3770077  -0.25121933
   0.47611907 -0.45299204 -0.40407617  0.085038  ]
 [-1.43473775 -0.01493643  0.18879383  0.16074207 -0.72329476 -0.1094283
   0.41169487 -0.65836772 -0.88799522  0.20444859  0.08660304  0.23549414
   0.21033236  0.11045658  0.35826097 -0.13553649]
 [ 0.56659084  0.53973406  0.55509511 -0.19682887  0.77716808  0.48217172
  -0.8785968  -0.93860802 -1.08656729  0.90710735 -0.05206482 -0.52546098
   0.48874147 -0.90947778 -0.14009417  0.57329763]
 [ 0.30208133  0.53556899 -0.10051218 -0.25512972 -0.025273    0.79150952
   1.38075351  0.74590825 -0.02757371 -1.06909895 -0.08448529 -0.13993288
  -0.06062389  0.31376726  0.13825916 -1.99998224]
 [ 0.38672099  0.23608356 -0.57549815  0.43303108 -1.66570237  0.29433226
   0.93609654 -0.23158895 -0.15112347 -0.66319412  0.94401338  0.78925846
  -0.37820472 -0.64717157  0.05224712 -0.87784291]
 [-0.48048215 -0.57795179  0.51101845  0.77152508 -0.59975083  1.00603752
  -0.19688552  0.19116501 -1.44057969  0.33475506  0.17183706  1.29302355
   0.27925311 -0.27116627 -0.07899523 -0.7066215 ]
 [ 0.14758737 -0.76158178 -1.70670065  1.55559359  0.12081174  0.37061074
  -0.04092458 -1.09589206 -0.91250681  0.93564767 -0.10665362  0.3504652
  -0.37572337  0.17931501  0.45635842  0.14028095]
 [ 0.23531063  0.07607817  0.10781058 -0.41483743 -1.08755811  1.23323193
   0.91849869  1.00700573 -0.44043206 -0.98135794  0.80663342  0.32819506
  -0.69869091 -1.05107247  0.58568988 -1.7281421 ]
 [ 1.57953599 -1.35201453  0.01113703 -1.06636143  0.22050489 -0.60024769
  -0.56726899 -0.7392477  -0.92698178  0.03861611  1.54286178 -0.7359839
  -1.50098475  0.48669646  0.56329739  1.73365002]
 [ 0.91657339 -0.27537148  0.19190499 -0.04467233 -0.28188902 -0.57686985
  -0.30578466  1.4226893  -0.67364614 -0.02271802  1.00649794 -0.09422789
  -0.76022527  1.71721849 -0.1479203   1.38808326]
 [-0.40701669  0.24249939  2.02025172 -0.14992833  0.91468776 -0.76478793
  -0.59380441 -1.08246005  1.51812089 -0.77176675  0.02987827 -0.06769636
   0.73384044  0.10620264  0.53896646  0.05799798]
 [ 0.22878997 -1.95214157 -0.21581922  0.74149767  0.01815566  0.12985679
  -0.30490674 -0.17306465 -0.1838782   1.44068073 -1.13015657  0.7848302
   0.16118835 -0.23150144 -0.45718013  1.07244867]
 [-2.19942235 -0.18469179 -0.22912468 -1.31725938  0.21339639 -1.35188031
   0.14333949  0.10525961  1.35099128 -0.23356526 -1.20843338  0.78607704
  -0.65347664 -0.81077428 -1.4582794  -0.57335761]
 [ 0.01001099  0.87645974  0.80332286 -0.58348078 -0.22090539  0.02813189
  -0.10876292 -0.22377255 -0.17900802 -1.0039494  -0.96878567 -0.12176529
  -1.08704327  0.75767383  1.12676658  0.09707791]]