[[ 5.84779153e-02 -8.74657459e-01  6.61944154e-02  1.31938430e+00
  -8.87509362e-01 -1.42259092e+00 -1.86705362e-01  8.71632849e-01
   5.89754664e-02 -2.61009607e-01 -9.39541697e-01 -5.33053409e-01
   1.46086652e+00 -6.22786407e-01 -4.23668307e-01 -1.31490738e+00
   9.31077878e-01 -9.07856107e-01  2.02194131e-01  1.52965535e-01]
 [-9.18799216e-02  4.96284007e-01  7.48076642e-01  7.93597400e-01
   2.77107017e-01 -5.56467871e-02 -1.80995542e+00  2.58239318e-01
   4.53454285e-01 -8.85711229e-01  1.41296600e+00  4.03907902e-01
   1.06967123e-01 -6.49398696e-01  1.03672009e-01  1.04017203e+00
  -8.24621307e-01 -2.17509270e-01 -3.14798405e-01 -5.33524781e-01]
 [-2.12127442e-01 -2.97768056e-01  6.12483790e-01 -6.44237176e-01
  -3.07799975e-01 -2.57137347e-01 -1.38243412e+00  3.12502865e-01
   1.84126270e+00 -1.42958380e+00 -6.90618481e-01 -3.52549607e-01
  -8.70446882e-01 -4.14406155e-01 -1.33603886e+00  9.34381102e-01
  -5.88675452e-01 -4.65502171e-01  7.28648801e-01 -4.33022631e-01]
 [ 3.98588115e-01  2.78460210e-01 -1.33859074e+00 -8.24292034e-01
  -1.63740306e+00  4.10838272e-01  4.31926101e-01  8.70462823e-01
  -3.16140175e-01  7.49131489e-01  1.60385584e+00  6.11626952e-01
   5.12135717e-01  1.12567171e+00  1.51910045e+00 -1.59671534e-02
  -4.04263193e-01  7.08321832e-01  7.31349840e-01 -2.82107592e-01]
 [-1.47339913e+00  5.37095213e-01  1.30854314e-01  3.38585712e-01
  -2.26203223e-01 -3.08066108e-01 -3.90131398e-01  4.20161260e-01
   1.59413504e+00 -7.27937941e-01 -5.54012815e-01  1.10360295e+00
  -5.73323609e-01 -1.49605362e+00  6.48086016e-01 -3.47102522e-01
  -3.00618888e-01 -7.66157710e-01 -1.61281570e-01 -1.03596478e+00]
 [-4.44499882e-01 -9.47138324e-01  5.63619660e-01 -8.22092610e-01
   9.41538528e-01  1.84020580e-02  3.11631898e-01  4.19884979e-02
   8.42164465e-01  9.19111117e-01 -3.03392217e-01  6.33158061e-01
   1.47251417e+00 -1.65171747e+00 -1.10827986e+00 -8.88155318e-01
   7.00613811e-01  3.28502213e-01 -1.09098484e+00  7.80493410e-01]
 [-9.19394755e-01 -6.82355301e-01 -2.69420287e-01 -3.77599264e-01
   1.10445325e-01  2.10026800e-01 -4.73143788e-01  7.47527016e-01
  -1.83349738e+00 -7.94270290e-01 -4.37013010e-01  1.05969219e+00
  -8.80041400e-02  4.08722840e-01  2.98183355e-01 -6.97925567e-02
  -2.25280172e-01 -9.36235217e-02 -7.97649539e-01  4.75984158e-01]
 [-1.69085282e-01 -2.97847901e-01 -7.63460465e-02  1.33473604e+00
   3.74393482e-01 -1.27901582e-01  5.53939380e-01  2.40118393e-01
  -1.92692166e-01 -3.09450252e-01 -5.67897589e-01 -6.28409916e-02
   7.92440046e-01 -1.08563167e+00 -9.95423841e-01 -5.23604984e-01
  -5.47526136e-01 -9.05048166e-01  1.18619826e+00 -1.72417687e-01]
 [-7.96593573e-01  5.53805498e-01  7.56141673e-01  1.07313776e+00
   5.93306828e-01 -9.66178264e-01 -7.07655959e-01  1.30756191e-02
  -9.34244997e-02  4.94651232e-01 -4.06942387e-01 -2.50240511e-01
   1.05365870e+00 -3.35685303e-01 -9.76483067e-01  4.69936329e-01
   2.85062234e-01  7.91008267e-01  8.47531583e-01 -4.10086334e-01]
 [-1.00248634e+00 -9.58176957e-01  4.47959854e-03  1.19648513e-01
  -1.52616832e-01  6.04573581e-01  3.98947064e-01 -5.68953959e-01
   7.17266747e-01  8.86718609e-01 -7.30803120e-02  4.50254569e-01
   1.17991236e+00 -3.52558726e-01  1.07460490e+00 -8.63784439e-02
   4.37589279e-01 -2.65123645e-01 -1.26867130e-02  6.25888724e-01]
 [-3.51254854e-01 -8.33636979e-01  1.67877357e+00 -3.27458812e-02
  -7.74866446e-01 -1.94365037e+00 -7.16026813e-01  1.21490242e+00
   3.10944195e-01 -3.45644880e-01  1.32448533e+00  9.07738416e-01
   6.17474626e-01 -8.55028156e-01 -1.02773681e-03 -1.85339043e-01
   2.62211572e-01  4.56351354e-01  1.06638111e+00  1.15016912e+00]
 [-2.37629068e-02 -1.50420445e+00 -5.61853046e-01 -1.11450501e+00
   1.84732357e-01 -1.18868170e+00 -3.60740155e-01 -2.77674146e-01
   1.22317738e-01  8.11633432e-01  4.37592282e-01 -2.87335633e-01
   5.39532527e-02 -4.78940089e-01 -1.05459458e+00  2.11617216e-01
  -1.07884551e+00  1.90413132e+00 -1.34351149e+00  9.91496251e-01]
 [ 8.96856072e-01 -1.39908385e+00  7.76218643e-02 -7.73856607e-01
   3.99070697e-01 -1.37831330e+00 -7.99511597e-02 -1.27617325e+00
   1.51811036e+00 -8.14381484e-01  7.62382462e-02 -1.45787609e+00
   9.08944853e-01 -7.57944154e-02 -1.85359805e-01  1.05385371e-01
   1.19493050e-01  6.52058082e-01  1.64282287e+00 -1.32713808e-01]
 [-6.87597765e-01  5.11640946e-01 -8.38145657e-01 -8.61705082e-01
   6.79810525e-01 -3.81449927e-01 -6.46338091e-01  6.68714617e-02
   3.74564899e-01 -7.83598534e-01 -2.58587523e-01 -1.48292620e-01
   9.38220499e-01  8.22197063e-01  8.55954722e-01  1.06311294e+00
  -7.73791430e-01 -5.67473953e-01 -4.29223060e-01 -5.78415264e-01]
 [ 2.09430563e-01  1.16389693e+00 -2.72766722e-01  6.73549759e-01
   4.86387743e-02 -1.19055189e+00  2.48906743e-01  2.17050504e-01
   4.60680625e-01 -7.59972185e-01 -3.75566465e-01 -3.36736072e-02
   7.59555288e-01 -7.06790376e-02  3.23753870e-01  4.73305039e-02
   2.72066335e-01 -1.66930400e-01 -1.54798609e+00 -2.55085748e-01]
 [ 1.14038999e-01 -1.11629863e+00  6.05154005e-01 -2.76314423e-01
   1.98027638e-01 -5.81454809e-01  1.44892554e+00  6.43148685e-01
   5.80114591e-01  1.29966996e+00 -3.30571539e-01  1.71104573e-01
   1.11517383e+00  1.51454096e-01 -1.33276483e-01 -1.81543446e+00
  -3.94123510e-01  1.01231133e+00  1.95844723e-01 -5.10295377e-01]
 [ 1.31539909e-01  4.66990996e-01  9.78517777e-01 -4.06155530e-01
   1.12456259e+00 -8.80555306e-01  1.15915017e+00  2.85272200e-01
  -2.06604715e-01  8.77653923e-01 -4.54050711e-01  3.35010310e-01
  -5.59719712e-01 -8.02060010e-02 -6.55925433e-01  7.56799115e-01
  -3.96613919e-01 -6.73972195e-01  4.82687880e-01 -2.57939968e-01]
 [-6.22879183e-01  7.64167146e-01 -8.33305177e-01 -2.47219366e-01
  -1.17716750e+00 -9.42161029e-01  6.87096462e-02 -1.14078963e-01
   2.94433163e-02  3.35755452e-01 -6.96220954e-01  2.83187549e-01
   9.95817449e-01  1.37369359e-02 -1.42760223e-01 -1.47196485e+00
  -2.90962657e-01  8.44157440e-01  8.22066101e-01  1.00627867e+00]
 [-5.70233768e-01 -7.46554587e-01 -3.34525757e-01  6.20429994e-01
   6.15738226e-01  7.81199426e-01 -2.10532679e-01  3.98622854e-01
  -6.58274772e-01 -1.04310750e+00  1.75507979e-01 -8.28513366e-01
   6.48176964e-01  5.82080597e-01 -7.33658476e-01 -4.15159493e-01
  -6.53551173e-01  4.11543269e-01  7.04588021e-01  4.23486270e-01]
 [ 8.96529251e-01  1.86699823e-01 -3.45297590e-01  3.18059256e-01
  -5.13699006e-02 -8.18263272e-01 -3.66821510e-01  2.73835085e-02
  -8.26236997e-01 -9.96189883e-01 -4.41597156e-01  7.38749141e-01
  -5.35035445e-01 -1.37694946e+00 -7.41700531e-02 -1.26706951e+00
  -9.18479710e-01 -5.98502384e-01 -9.09735087e-01  1.37866817e-02]
 [-7.95802770e-01 -2.95819594e-01 -1.90164665e-01 -6.35144603e-01
   3.77861268e-01 -8.49742954e-01 -4.41718783e-01  2.14103527e-01
  -2.06144559e-01  2.27352327e-01  3.63759063e-01 -3.50723762e-01
   1.03196780e+00 -5.50022601e-01 -7.53072301e-01  2.07321391e-01
  -4.62220422e-01 -5.62880646e-01 -1.34354880e+00  1.37017526e+00]
 [ 1.97183722e-03 -3.25490317e-01  1.24996288e+00  2.78511983e-01
   1.02493557e+00  1.01008308e+00 -1.55045939e-01 -1.12840322e+00
   1.44044552e+00  5.22890621e-02 -8.53254912e-01  8.83509094e-02
   8.73515495e-01 -1.43869537e+00 -9.13210279e-01  1.64179835e-01
  -2.29393694e-01  1.27311186e-01  3.18271984e-01 -1.02171512e-01]
 [ 7.49652764e-01 -1.00097075e+00  3.69571204e-01  6.97292755e-01
  -2.73749159e-01 -4.38021406e-01  4.01773044e-01  1.19883597e+00
   1.70249967e-01  1.00424367e+00  4.03346448e-02  2.74648775e-01
  -7.08317222e-01 -2.95735127e-02  2.60025857e-01  8.56033185e-01
   4.85007225e-01 -1.34535765e+00 -5.24770583e-01  6.20891200e-01]
 [ 6.02549967e-01  9.04332710e-02  5.64960319e-01 -3.48831891e-01
  -1.29450441e+00 -1.23144178e+00 -8.91432075e-01  9.71094892e-01
  -8.66593012e-01 -1.06767479e+00 -1.89660500e-02  7.92397653e-01
   3.04608320e-01  2.07313127e-02  2.89966137e-01  9.72075219e-01
   7.65743888e-01  4.37338108e-02 -2.89748996e-01 -4.80419345e-01]
 [-4.25454517e-01 -1.11410870e+00  8.69465275e-01  1.15935956e+00
  -1.19676050e+00 -1.84559186e+00 -7.74233220e-01 -5.42732868e-01
  -2.77072943e-01 -6.00098393e-01 -2.52711453e-01 -4.08720179e-01
  -5.35361264e-02  8.67129040e-02  7.25154413e-01 -1.38059722e-01
   4.76828884e-01  6.47880809e-01 -2.03382890e-01 -9.19794609e-01]
 [-3.96248201e-02 -2.89995816e-01  6.41715377e-02 -1.28198421e-01
  -1.04773370e+00  4.26764258e-02  6.13950857e-01  2.35333903e-01
  -1.11329126e+00 -4.00559079e-01 -2.90699315e-01 -6.37967043e-01
  -3.39139958e-02 -1.01298826e+00 -1.15776521e+00 -2.15009731e-02
  -2.28913676e-01 -5.70066764e-01  2.87624206e-01 -6.54426370e-01]
 [-4.45377579e-01 -3.43909668e-01  1.05993374e+00  1.26742487e+00
   1.63389752e-01 -2.20394832e-01 -6.59471449e-01 -5.58853998e-01
  -7.12376444e-01 -1.02082777e+00  2.75767708e-01  3.35284130e-01
   6.32634300e-02 -2.46453509e-01  2.98993641e-01  1.21068062e+00
  -2.76784442e-01  7.88749719e-01 -7.97076562e-01 -3.13168648e-03]
 [ 1.88509587e-02  1.02038560e-01 -9.60351016e-01 -5.43313640e-01
  -1.12725479e+00  1.55979282e-01  3.55095604e-01 -6.77722389e-01
   5.97457137e-01 -1.25347503e+00 -4.00972253e-01 -1.60985112e-01
  -1.03484987e-01  2.32243814e-01 -9.47509045e-01 -2.60230431e-01
  -8.61712714e-01 -1.01357965e-01  6.58278573e-01  1.75476699e-01]
 [ 1.06827167e+00 -5.22630465e-02  4.17804866e-01 -7.13466756e-02
  -7.82501517e-01 -8.72681214e-01 -1.08417028e+00  7.02206616e-01
  -2.77670136e-01  1.14489524e+00  3.86072620e-01 -7.50791042e-01
   4.11341230e-01 -5.63628693e-01  8.58334010e-01  4.25088229e-01
   1.07426802e-01  1.06373877e+00 -2.54284860e-01  1.35546467e-01]
 [ 5.85544449e-01  4.38066799e-01  1.18231740e+00  6.01878267e-01
  -1.50802987e+00 -1.02674677e+00 -8.07822040e-01 -8.87097954e-01
   2.89969276e-01  7.54400522e-01 -3.42764011e-01  1.00024741e+00
   9.75802857e-01 -1.49530191e-01  1.06256868e-02  1.13686794e+00
  -3.41177014e-01  1.16335725e+00 -4.73947540e-01 -1.39280282e+00]
 [-7.97068263e-02  5.80675886e-01  5.61533845e-01  8.27223082e-02
  -5.02938302e-01 -3.44602753e-01 -4.80660078e-01  4.77832192e-01
  -5.64846688e-02 -9.09178331e-01  2.72447706e-01 -8.17059949e-01
   6.82381951e-01 -1.26817768e+00 -4.33409234e-01  2.63838822e-01
   9.42012615e-01 -3.16244374e-01 -1.02599911e+00 -4.46665549e-01]
 [ 8.99544872e-01 -1.27437185e+00 -6.78128081e-01  4.45770641e-01
  -6.70437258e-01 -1.67672028e+00 -2.58909256e-01  2.02944516e-02
   8.99454485e-01  7.93234418e-01 -1.24954783e+00 -1.28329881e+00
   1.31323354e+00  7.38337977e-01  2.47100729e-01 -6.32305239e-02
   2.89876679e-01  1.45082983e+00  6.97832947e-01  1.03818515e+00]
 [ 1.07359180e+00 -7.95982128e-01 -6.40931393e-01  1.58106484e+00
   1.42051332e-01 -2.81338977e-01 -1.35759268e-01 -3.26573373e-02
  -3.58068492e-01 -1.30020432e+00 -2.89019202e-01 -1.17859671e+00
  -3.24103343e-01  8.40813042e-01 -1.57148465e-02 -5.56197264e-01
   2.28461051e-01 -7.26055092e-01 -9.20481906e-01  3.65382336e-01]
 [ 1.41554304e-01  9.49210546e-01  5.06685277e-01 -9.46368538e-01
  -1.33007335e+00  1.10098315e+00  2.63317044e-01  5.89962918e-01
   1.09391226e+00  1.00191512e-01  1.36352630e-02 -8.27019182e-01
   1.60217685e-01  1.72064657e-01 -6.20072693e-01  1.19659543e-01
  -6.71691950e-01 -1.04111709e-01  8.49335922e-01  4.72687911e-01]
 [ 1.32978484e-01 -8.55923192e-01 -1.31990291e+00 -9.39701349e-01
  -4.66939440e-01  6.36859080e-01  8.61203129e-01  6.07060129e-01
   8.28870289e-01 -1.22988033e-01 -2.34711395e-01  1.00254506e+00
  -6.09399487e-01 -3.57683168e-01 -3.75737063e-01 -1.92183222e-01
  -5.49777630e-01  2.16004200e-01  7.85781793e-01  1.50437010e+00]
 [ 1.09376733e+00  4.31156131e-01  6.55985716e-01 -9.85681020e-01
  -1.14693657e+00  9.11709996e-01 -1.21970209e-01 -3.05448562e-01
   8.78689773e-01  1.00905311e+00 -2.02892173e-02  7.48649837e-01
   1.76579537e+00  1.29800969e-01  4.54915565e-01  1.30774654e+00
  -1.37411097e+00  6.01654901e-01 -3.59532446e-02 -9.60425139e-01]],[[-1.25664645e+00  7.97165233e-01 -9.46907460e-02  9.35300814e-02
  -1.25521824e-01  4.43556396e-01 -6.29321776e-01 -2.66702568e-01
   6.38956335e-01 -1.01418781e+00  1.15855391e+00  2.23906096e-01
   3.53357705e-01  7.72942680e-01  3.45429535e-01  6.08772448e-01]
 [ 1.56340505e+00 -7.02874905e-01  1.43406821e+00 -8.90062441e-02
  -1.75156533e-01  2.77336488e-01 -1.04120261e-01  1.58644462e-01
  -9.84343279e-02  5.50339698e-01  9.71043506e-01  1.39906926e+00
   1.41043338e-01  3.12651159e-01 -1.25786219e+00 -1.94354093e+00]
 [ 1.94289929e-01 -1.37015014e+00 -1.87293482e+00 -6.42413915e-01
  -1.30324237e+00  1.02715943e-01  1.00847271e+00 -9.43100257e-01
  -5.53158336e-01 -1.36375242e+00 -7.18608955e-01 -2.98454942e-01
   1.17094288e+00  1.29259323e+00  1.19133968e+00  6.38804593e-02]
 [-4.16148944e-01  6.81660486e-01  7.47442869e-01  8.50039194e-01
  -3.01613418e-01 -1.31157041e-01  1.66703135e-01 -1.45420922e-01
   2.07942327e-01 -2.09228372e+00 -4.81415997e-01 -6.94642537e-01
   6.40730808e-01 -1.15031735e+00  9.77951084e-01  3.19443237e-01]
 [-1.44522165e+00  5.01349459e-01  5.87216677e-01 -1.19400982e+00
   3.15141107e-02  1.71005052e-01 -9.90544752e-01  1.16046103e+00
  -4.17708946e-02  5.34976410e-01 -6.10921279e-01 -3.93781177e-01
  -6.04206531e-01  8.87487755e-01 -2.63900366e+00  4.55134976e-01]
 [ 6.84857636e-01  3.13146704e-01  1.01631276e+00  1.33325858e-01
   1.26962697e+00 -1.17950697e-01 -8.34635431e-01 -9.44778751e-02
   4.49749931e-01  1.41156960e+00 -3.96716387e-01 -6.67437292e-01
  -7.88069702e-01 -5.51417999e-01 -4.28242941e-01 -6.39608995e-01]
 [ 8.11739239e-01 -1.48868842e+00  5.06451105e-01  8.24505417e-01
   7.90570990e-01 -1.04136477e-01  8.32073354e-01  1.06986813e+00
   1.73276067e+00  2.59128207e-01  2.45288575e-01 -7.05451961e-02
   1.27444932e+00 -1.89984312e-01  8.11473898e-02 -8.17521788e-01]
 [-1.70772378e+00 -1.47494930e+00  3.33280897e-02 -6.99054790e-01
  -3.99974198e-01 -8.83496526e-01 -2.71732928e-01 -3.58194307e-01
  -1.91495883e+00  2.04448591e-01 -2.82501697e-02  3.96934920e-01
   4.04639061e-01  1.11700080e+00  1.34059562e+00 -9.80050207e-01]
 [ 3.49146367e-01  7.12574464e-01  3.86867906e-01 -1.96828872e-01
   1.63234881e+00  1.39886078e+00  5.99899927e-01 -2.15518372e-01
  -8.69563416e-01  8.31020103e-01  3.65871844e-01 -5.68449530e-01
   7.29162070e-01 -5.14804478e-01 -5.36169630e-01  7.67421522e-01]
 [ 5.05794310e-01  1.16306989e+00 -6.71734101e-03  1.76799704e-02
  -4.83029108e-01 -3.54991528e-01 -1.73866130e-01  5.72566140e-01
  -5.95833508e-01 -1.17670505e+00  8.85523105e-01 -5.96284799e-01
   3.05463552e-01  3.92186934e-01  1.53415006e+00 -8.79836745e-01]
 [ 1.54838644e+00  1.28156591e+00  8.62325946e-01 -3.17217672e-01
  -1.96917363e+00 -3.04852698e-01  1.34898361e+00 -3.07300947e-01
  -1.51123471e-01 -5.74138315e-01  1.30833787e+00  9.38719241e-01
  -1.08985894e+00 -1.85571744e-01 -2.19326089e-01 -1.02404018e-01]
 [-9.47902345e-01  1.88271425e-01 -1.60903072e-01  1.82459879e-01
  -1.22084678e+00 -1.54375437e+00  1.09747516e-03  5.06506343e-01
  -1.03037021e+00  5.51713811e-01  2.48869416e-01  9.12179573e-01
   5.78967610e-01 -3.74728880e-01  4.31613263e-02 -6.04512942e-01]
 [ 8.08352822e-01 -1.31526792e+00 -1.18963902e+00  1.01105162e+00
   1.42519244e+00 -9.32735112e-01 -9.83446002e-01 -6.66715975e-01
  -1.38969984e-01  5.80201985e-01 -1.36335950e+00  4.04262549e-01
  -6.70588333e-01  4.42798017e-01  7.38836022e-01 -9.56888095e-01]
 [ 1.10719312e+00  3.56155863e-03 -1.92072779e-01 -6.91776755e-01
  -7.72637052e-01  5.78549639e-01  1.46107365e+00  2.97587103e-01
   1.77362669e-01 -8.36578315e-02  1.27513948e+00  7.48222132e-01
  -1.26386865e+00 -3.02530482e-01  3.73407656e-01 -1.07680914e+00]
 [ 1.00372521e+00 -6.76465147e-01 -2.69503100e-01 -1.75234102e+00
  -7.10643862e-01 -9.62376928e-01 -4.90627910e-01 -1.01388053e+00
  -1.00041689e+00 -3.11672520e-01  1.26515000e+00 -8.18371939e-01
  -1.24372650e+00 -3.36484256e-01 -4.54568761e-01  2.05830021e+00]
 [-1.85070609e-01  1.86859267e-01  1.77148635e-01  4.14217222e-01
  -1.72423157e-01 -5.91551079e-01 -2.92656664e-01  6.73691876e-01
   2.16984482e-01  8.24075575e-02  9.14359658e-01  5.96907217e-01
  -2.05579799e-01  1.35236713e+00  9.95932899e-02  1.08261320e+00]
 [-5.70766143e-01  4.56206791e-01  1.98289576e+00  2.26242128e-01
  -5.80310660e-02  1.02159367e+00  9.11309505e-01 -2.66170869e-01
  -4.60652145e-03 -6.17337047e-01  3.90853594e-01 -1.93815691e-01
   6.45979611e-01  3.67504691e-01  1.75525583e-01  9.72000284e-01]
 [-7.81426766e-01 -1.98687500e+00  5.93094832e-01  9.37057061e-01
  -1.89416553e-01 -3.16980672e-01 -1.34146701e-01 -3.29679252e-01
  -7.54315564e-01  8.89234486e-01 -3.18407360e-01  3.30236235e-01
  -1.54595485e-01  1.44990368e+00 -8.68352764e-01  8.90981825e-01]
 [-1.81975374e+00 -3.39277363e-01 -1.16204682e-01 -1.29077790e+00
   5.01245654e-01 -1.27944439e-01  6.24597259e-01  6.00867545e-02
   1.24070590e+00  3.47680307e-01  4.24820369e-01  5.44808271e-01
  -8.89163948e-01 -8.01902678e-01 -5.65802485e-01 -4.44590465e-01]
 [-6.63724841e-01  1.65365403e-01  2.69673370e-01 -3.40919709e-01
   5.68499384e-02 -1.39089955e-01 -3.88109924e-01 -6.37641716e-01
  -9.27275663e-01 -1.37308720e+00 -1.19635095e+00 -4.42402228e-01
  -9.68123426e-01 -4.34347492e-01  7.20850324e-01 -8.13254894e-01]]