[[-3.71399301e-01 -7.50294093e-01  6.61944154e-02  1.01585775e+00
  -8.91230613e-01 -6.70837973e-01  1.86685887e-01  8.71632849e-01
  -7.14042325e-01 -2.61009607e-01 -3.56846591e-01 -2.91423280e-01
   6.22573760e-01 -1.02637043e+00  3.48340635e-02 -8.03678917e-01
   2.48932546e-01 -1.39787313e+00  5.47151979e-01 -4.86735911e-03]
 [-9.18799216e-02  3.24020392e-01  7.48076642e-01  4.48093855e-01
   2.03062820e-01  1.35640437e-01 -9.32797043e-01 -1.52188400e-01
   4.53454285e-01 -4.64305163e-01  1.41296600e+00 -7.37775571e-01
   1.12635476e-01 -1.00783183e+00 -1.13165630e-01  4.42376210e-01
  -3.52983026e-01 -3.18995125e-02 -5.13764524e-01  3.96769727e-01]
 [ 6.87337458e-01 -5.10771469e-01  9.00459270e-01 -5.09122619e-01
  -1.07420475e+00 -3.84465608e-01 -2.73327359e-01 -4.01468527e-01
   1.38813672e+00 -1.02199999e+00 -6.90618481e-01 -1.73689635e-01
  -6.27820416e-01 -4.72114978e-01 -8.78868595e-01  1.30255440e+00
  -7.42202527e-01 -4.65502171e-01  9.70467802e-01 -2.19580454e-01]
 [ 5.25530745e-01  2.78460210e-01 -9.47269547e-01 -8.24292034e-01
  -1.14389691e+00  2.98805744e-02 -1.46366045e-01  6.51576931e-01
  -6.70300205e-01  9.64455343e-01  1.75468965e+00  8.58768393e-01
   2.48472738e-02  6.43756392e-01  1.35355813e+00 -7.39654919e-01
  -6.18050281e-01  5.78081119e-01 -5.36813654e-01 -4.65576709e-01]
 [-4.93377886e-01 -3.08665301e-02 -2.93529809e-01  1.00004927e+00
   1.69602609e-01 -1.87512897e-01 -3.34253238e-02  9.66841890e-01
   6.40590582e-01 -7.27937941e-01 -9.95669620e-01  6.54053256e-01
  -1.12146616e+00 -1.37306619e+00  1.26283405e+00 -2.77514963e-01
   3.91456660e-01 -4.14327022e-01 -2.17524535e-01 -1.11349906e+00]
 [-1.84179842e-01 -7.32796282e-01  4.44779376e-01 -8.70961976e-01
   9.41538528e-01  1.84020580e-02 -4.97829280e-01  4.19884979e-02
   1.57138983e+00  4.34633113e-01 -4.10155062e-01  2.08238410e-01
   1.10052584e+00 -1.28300725e+00 -1.29244023e+00 -7.91968554e-01
   9.99379253e-01 -4.22589681e-01 -7.90232089e-01  3.08013153e-01]
 [-9.19394755e-01 -4.72502583e-01  6.86853496e-01 -3.77599264e-01
  -9.89259072e-02  4.51362235e-01 -7.27127845e-01  1.24602667e+00
  -1.26020563e+00 -4.74491313e-01  1.42754421e-01  1.17059533e+00
  -8.80041400e-02  6.54322832e-01 -4.66461629e-02 -7.35533015e-01
  -2.25280172e-01  9.40111552e-01 -7.97649539e-01  4.81077528e-01]
 [-1.69085282e-01 -2.97847901e-01 -7.34368124e-02  1.33473604e+00
   6.20965184e-01 -3.68180950e-02  8.96596696e-01 -2.64814069e-01
  -1.97764424e-02 -6.35766035e-01 -8.79458506e-01  4.07279804e-01
   7.92440046e-01 -1.18174751e+00 -5.95730507e-03 -5.23604984e-01
  -8.27942168e-01 -5.23871874e-01  1.18619826e+00  3.47108588e-01]
 [-3.76950530e-01  4.18675813e-01  2.44436996e-01  6.52347344e-01
   5.35160159e-01 -1.79170273e+00 -7.56953278e-02  1.30756191e-02
   6.39247992e-01  1.05454959e+00 -4.09046726e-01 -2.50240511e-01
   6.18765531e-01 -7.58483458e-01 -5.94533748e-01  1.14262180e+00
   2.77646717e-01  1.65952134e+00 -1.39562868e-01  5.84252527e-01]
 [-6.09576333e-01 -5.39111301e-01 -2.59480181e-01  5.06281050e-01
  -6.75715700e-01  1.22236191e+00  7.17193179e-01 -8.84568055e-01
   1.95854656e-01 -2.21956480e-02  5.86088015e-01  6.13368993e-01
   1.34014327e+00 -7.54789627e-01  2.26138571e-01  1.93718014e-01
   2.00557609e-01  1.13670973e-01 -3.49974925e-01  5.11677452e-01]
 [-4.64427058e-01 -5.57638849e-01  1.43680292e+00  4.20075685e-01
  -9.46162296e-01 -5.83757148e-01 -1.35193171e+00  1.06504446e+00
  -6.58361972e-01 -4.63982537e-01  8.97330454e-01  5.79652296e-01
   9.75737860e-01 -1.32099643e+00 -1.02773681e-03 -3.17838379e-01
   2.62211572e-01  8.03833541e-01  8.51103629e-01  6.79847365e-01]
 [ 8.30134346e-01 -7.80363438e-01  5.06508162e-01 -6.58838774e-01
  -2.02904434e-02 -7.83473798e-01  5.74818247e-01  7.14055568e-02
  -1.84767077e-01  1.38543189e+00 -3.26308610e-02 -4.19864748e-01
   4.29321975e-01 -1.18672737e-01 -8.33287276e-01  5.64612792e-01
  -7.50504235e-01  1.89942863e+00 -3.94295156e-01  1.20489120e+00]
 [ 1.44108433e+00 -1.39908385e+00 -1.72472748e-01 -5.43353514e-01
   7.61192373e-02 -9.34790992e-01  1.13544865e-01 -3.96053369e-01
   1.46124045e+00 -8.14381484e-01  4.48188632e-01 -7.80248162e-01
   1.68641089e-01  2.10207082e-01 -2.26402887e-01  6.46095139e-01
  -3.78665263e-01  4.65227938e-01  2.06745823e+00  3.64972322e-01]
 [-1.06857080e+00  1.94926127e-02 -3.90738599e-01 -6.92671081e-01
   6.79810525e-01 -1.17994637e+00 -6.06465532e-01 -4.07578929e-01
   3.98503960e-01 -5.97459098e-01 -4.58759741e-01 -9.17100333e-02
   9.82073535e-01  1.56352254e+00  8.55954722e-01  8.59674564e-01
  -1.04601802e+00 -3.60958905e-01 -4.09318210e-02 -4.15870714e-01]
 [ 3.81157110e-01  5.92974534e-01 -6.81741616e-01  4.55667151e-01
  -3.81888157e-01 -1.19055189e+00 -1.73021130e-01 -7.23318277e-02
   7.19500783e-01 -1.09653032e+00 -4.72660512e-01 -9.16055289e-02
   4.04023457e-01 -6.77029149e-01  3.61514176e-01  1.97381991e-01
   2.72066335e-01 -6.40371807e-01 -1.48436641e+00  2.07281423e-01]
 [ 7.25487001e-01 -1.17264326e+00 -1.05185268e-03 -3.82458265e-01
  -4.14014326e-01  6.49344743e-01  1.52682247e+00  6.43148685e-01
   1.49907331e-01  1.57805228e+00 -2.22804247e-01 -1.90388440e-01
   8.46619199e-01  1.51454096e-01  4.76573427e-01 -1.34699796e+00
  -9.65699452e-01  1.23944994e+00  3.68244341e-01 -1.52446603e+00]
 [ 2.11912511e-01  4.89389354e-01  4.31644832e-01  6.99227219e-02
   1.01379257e+00 -6.23097661e-01  1.24823772e+00 -1.32098654e-02
  -1.17825400e-01  4.45958772e-01  4.93592021e-01  6.16145871e-01
  -9.82326719e-01 -2.67779917e-01 -1.12525771e+00  8.60707386e-01
  -4.28432174e-01 -8.59786995e-01  6.22347305e-03  1.51106055e-01]
 [-6.22879183e-01 -1.21308254e-01 -5.17425881e-01 -3.27709079e-01
  -6.72622384e-01 -9.42161029e-01  3.30870559e-01 -4.94432052e-01
   5.34294139e-01  6.40113238e-01 -6.96220954e-01 -2.30680130e-01
   1.76255238e-01  1.27725247e+00 -8.98650387e-02 -1.20572999e+00
  -6.22582947e-01  3.94046779e-01  1.08788427e+00  9.14844536e-01]
 [-4.12668690e-02 -1.50607805e+00  6.07162963e-01  9.73655612e-01
   1.06435439e+00  7.81199426e-01 -2.10532679e-01  8.07837532e-01
  -4.46568085e-01 -9.55606788e-01 -1.64172322e-01 -8.28513366e-01
   9.81271317e-01  5.09806765e-01 -4.50707294e-01 -6.12563424e-01
  -3.72098855e-01 -4.42930537e-02  5.58790654e-01  2.03477637e-01]
 [ 7.04466455e-01  3.97366690e-01 -5.07581641e-01  6.49928659e-01
  -3.59174477e-01 -6.12547011e-01 -2.09603951e-01  7.01740511e-02
  -1.94846173e-01 -9.96189883e-01 -1.74860584e-01  3.92523593e-01
  -5.35035445e-01  1.83616763e-01 -2.80733246e-02 -1.10330283e+00
  -8.45441752e-01 -1.23859282e-01 -6.30655557e-01  3.94754975e-02]
 [-3.01327374e-01 -2.95819594e-01 -2.26172387e-02 -5.13423566e-01
   2.29545428e-01 -1.15976161e+00 -8.14484638e-01  5.56275199e-01
  -4.25082850e-01  9.13208956e-02 -1.12535408e-01 -3.76639133e-01
   7.80602519e-01 -5.56438884e-01 -8.68996839e-01 -3.90467033e-01
   7.15991839e-02 -5.75375299e-01 -1.73781021e+00  1.21413165e+00]
 [ 1.97183722e-03 -1.93541650e-01  8.72336358e-01  2.78511983e-01
  -1.43939060e-01  6.51581233e-01 -4.23504340e-01 -1.10854676e+00
   4.63531473e-01  6.60631669e-01 -1.21114889e+00  1.26544682e-01
   1.46653136e+00 -3.99886586e-01 -2.90192556e-01 -1.26117006e+00
   9.97859269e-01  5.14098281e-01  4.61184798e-01  2.84890436e-01]
 [ 1.23244139e-01 -9.62272146e-01  2.93371800e-01  8.43018268e-01
  -2.99342983e-01 -1.10041059e+00 -1.00087101e-01  1.42143451e+00
  -2.91992977e-02  1.03702345e+00 -1.75239565e-01  2.74648775e-01
  -1.12382302e+00  5.42083616e-01  3.07533903e-01  9.17022318e-01
  -2.01487919e-01 -6.70238807e-01 -2.96194721e-01  2.26063477e-01]
 [ 1.23720810e+00 -2.78626768e-02  6.70529276e-01 -4.55526697e-01
  -8.05294443e-01 -1.23144178e+00 -6.20421521e-01  8.06838705e-01
  -8.66593012e-01 -8.17218855e-01  5.53367867e-01  3.35214788e-01
   3.18693743e-01  1.07684419e-01  5.88959029e-01  1.13450312e+00
  -6.65874835e-02 -3.33529063e-01 -1.28126811e-01 -8.24010718e-01]
 [-6.16568038e-01 -2.20887078e-01  7.15376665e-01  4.63506144e-01
  -7.43067300e-01 -6.84227115e-01 -5.64950413e-01 -1.66246058e+00
  -2.22934663e-01 -2.36217570e-01 -4.62199287e-01  3.43289913e-01
   3.51071441e-01  3.50597989e-01  8.07037305e-01 -3.56238212e-01
  -1.64675432e-01  4.94838050e-01  6.17533652e-01 -1.36486636e+00]
 [ 3.77578146e-01 -5.58999226e-01  6.19723631e-01  3.13720740e-01
  -9.83520950e-01 -2.14873897e-01  7.49678668e-02 -2.82498097e-01
  -1.04038946e+00 -1.14460294e+00 -5.74347015e-01  4.29709225e-02
  -1.75120384e-01 -4.03469992e-01 -9.92267352e-01 -2.18141439e-01
  -1.41833926e-01  1.67533924e-01  1.16014761e-01 -6.54426370e-01]
 [-4.59481514e-01  4.24509963e-01  3.82900633e-01  9.47132772e-01
   4.25754480e-01 -7.69648053e-01 -6.96873671e-02 -5.89865438e-01
  -2.44912153e-01 -3.75615621e-01 -8.47174801e-01  2.11186011e-01
   1.32500052e-01 -8.02239212e-01  4.09964155e-01  8.33316978e-01
   2.82121253e-01  7.88749719e-01 -7.50952766e-01  9.49359951e-02]
 [ 2.64603004e-01  1.02038560e-01 -6.08287554e-01 -5.43313640e-01
  -1.33999150e+00 -1.11957218e-01  2.91162473e-01 -4.20951622e-01
  -2.57514652e-01 -1.25347503e+00 -4.00972253e-01  3.90088803e-01
  -4.61612384e-01  4.94618261e-02 -1.27889986e+00 -5.40797425e-01
  -7.72595757e-01  3.33033952e-01  6.39688078e-01  1.75476699e-01]
 [ 1.46412321e+00 -7.74641610e-03  3.85555615e-01  3.57482432e-02
  -2.87987562e-01 -1.10970596e+00  1.42781932e-01  9.42973675e-01
  -7.38409942e-01  9.79692334e-01 -3.92462512e-02 -2.97389213e-01
  -6.88040814e-01 -3.81094883e-01  9.07346231e-01  4.01519294e-01
   3.14556481e-01  1.51663724e+00 -6.39402298e-03  1.44877443e-01]
 [ 5.46308676e-01  5.66095274e-01  7.35773676e-01  6.40326826e-01
  -4.19001681e-01 -4.57418079e-01 -1.63470853e+00 -1.30031155e+00
  -1.09716387e-01  1.43385415e-01 -5.60889173e-01  1.22119736e+00
   1.21229700e+00  2.10554812e-01 -3.42900067e-01  8.48505654e-01
  -6.60989148e-01  6.19051755e-01 -4.73947540e-01 -3.47567387e-01]
 [-5.48561288e-02  4.63045288e-01 -2.69609963e-01 -3.45638871e-02
  -5.02938302e-01 -3.05788294e-01 -5.59152874e-01  4.61099363e-02
   4.25638916e-01 -9.09178331e-01  6.28828055e-02 -6.16056357e-01
   3.00925807e-01 -3.69108311e-01 -2.75129346e-02  2.63838822e-01
   6.28422109e-01  1.12510226e-01 -1.23211223e+00 -3.77562835e-01]
 [ 1.04003480e+00 -1.30529087e+00 -3.50360670e-01 -5.16737163e-01
  -9.87001242e-01 -1.39726698e+00 -2.58909256e-01  6.83429441e-01
   5.52930981e-01  6.77973762e-01 -1.83937462e+00 -5.09769599e-01
   4.39509694e-01  5.08638409e-01  3.78277308e-01 -7.33929307e-01
   2.89876679e-01  1.15971272e+00  4.24710989e-01  9.22363807e-01]
 [ 1.35187162e+00 -1.03986734e+00 -9.85964553e-02  1.99464087e-01
   1.42051332e-01 -4.97842710e-01 -1.35759268e-01 -3.26573373e-02
  -1.05158367e+00 -8.79051654e-01 -4.77057300e-01 -5.51265710e-01
  -6.49223422e-01  5.13337790e-02 -1.73189270e-01 -9.76414744e-01
  -6.36618141e-01 -7.26055092e-01 -8.60742426e-01 -4.95253747e-02]
 [-3.34935122e-01  1.10348146e+00  8.43378936e-01 -6.86959755e-01
  -7.74523021e-01  1.54600627e+00  5.37446088e-01  7.32321975e-01
   1.09316041e+00  3.00510731e-01  3.53989463e-01 -4.33275700e-01
  -1.10634452e-01  2.92422047e-01 -6.20072693e-01  6.26067602e-01
  -3.00920436e-01 -2.24764414e-01  3.21218751e-01  7.19804268e-01]
 [ 7.79604607e-01 -9.47792915e-01 -1.20609603e+00 -7.47256415e-01
  -8.69343354e-01 -1.92370690e-02  1.05077793e+00  5.75390850e-01
   1.35598287e+00  5.30647485e-01  5.37473653e-01  4.98890164e-01
  -2.54767276e-01 -1.13764313e-01 -7.42075160e-01  9.15108951e-02
  -5.49777630e-01 -3.59189329e-01  6.34183469e-01  7.48787381e-01]
 [ 1.03341019e+00  5.21226684e-01  5.87986618e-01 -8.67246172e-01
  -1.14693657e+00  1.13866447e+00  9.47750782e-02 -3.37836067e-01
   6.71725483e-01  1.24417443e+00 -2.02892173e-02  6.37649278e-01
   8.90995225e-01  1.82803720e-01  4.54915565e-01  1.30774654e+00
  -1.08693073e+00  9.93908174e-01 -4.41168629e-01 -1.32165562e-01]],[[-0.42548446  0.22307009 -0.14305109 -0.14158141 -0.21635549  0.43789029
   1.53133309  0.79591767  1.04276653 -1.27504094  1.86929992  0.17887575
   0.93107595  0.63209011 -0.47428659  0.51841836]
 [ 0.73297576 -0.24503692  0.25361097  0.57760218 -1.04457407 -0.27564617
  -0.30017251  0.32615663 -1.39088239 -0.30818998  0.60071306  0.84738258
   0.74256521  2.06128085 -1.16742203 -0.70419433]
 [ 0.46796292 -0.11279272 -1.42624249 -1.01243567  0.22931864 -1.02991644
   0.07591144 -0.16760225 -0.00714022 -0.70917171  0.14726431 -0.78582026
   0.86647611  0.71949001 -0.10163659  0.27469878]
 [ 0.19907446  0.24690261  1.44423673  0.20384876 -0.32286046 -1.13577045
   0.14410385 -0.13005449  1.18350651 -2.61301498 -0.91258781  0.10837652
   1.03029714 -0.49894472  0.85545458  0.0189522 ]
 [-0.37221501  0.57427358  0.31263105 -0.40111315 -0.2478988   0.4051488
  -0.35352384  2.19641891  0.6828884   0.25695666 -0.34860259 -0.44049408
   1.01078622  1.78408576 -1.71164204 -0.5535113 ]
 [ 1.03063151  1.63918158  0.93446998 -0.00683715  1.8605604   0.21690275
  -0.65441356 -0.12776342  0.81626761  0.49597421  1.49880066  0.45018457
  -1.09996363 -0.1052299   0.25070642 -0.32120089]
 [ 0.65407051 -0.30408468  0.35682618  0.39276579  0.11403904  0.34424784
   1.18233582  0.95990068  1.52326795  0.9390311   0.3770077  -0.25121933
   0.47611907  0.35470171 -0.48475186 -0.03135355]
 [-1.48800117 -0.37815784  0.44796233  0.16074207 -0.85413485  0.12046324
   0.43149659 -0.65836772 -1.01775176  0.20444859 -0.30585014  0.23549414
   0.26644593 -0.08164065  0.28023098 -0.13553649]
 [ 0.24924785  0.92400942  0.03673726  0.02232218  1.20482116  0.48217172
  -0.22171636 -0.47889632 -0.94509043  1.26267298 -0.2118095  -0.85370815
   0.53561903 -0.90947778 -0.26918541  0.57329763]
 [ 0.13204442  0.24150402  0.66032168 -0.25512972 -0.18151503  0.02969105
   0.55279032  0.74590825  0.51107944 -1.06909895 -0.07287177 -1.09372523
  -0.06062389  0.01090763  0.18162998 -1.519173  ]
 [-0.23248087  0.81723966  0.22221147 -0.49111831 -1.3419631  -0.0154146
   0.9055671  -0.55619892  0.18451424 -0.50811033  0.94401338  1.01201746
  -0.47443316 -0.60745232 -0.5512198  -0.50997549]
 [-0.70000789  0.20281763  0.51101845  0.85077269 -0.59975083  0.22937961
   0.11847585  0.40817374 -0.87453636  0.87226519  0.17183706  1.41237373
  -0.21897493  0.03554652  0.24085432 -0.84433041]
 [-0.08231086 -1.41494831 -1.70670065  0.6279491   0.3639905  -0.3382614
  -0.04092458 -0.97669079 -0.01456907  0.71052608 -0.22348832  0.71658334
  -0.37572337  0.27518327  1.06807738 -0.73929874]
 [ 0.52469191 -0.03504563 -0.26437608 -0.77414316 -1.21909962  0.61472472
   0.91849869  1.00700573 -0.06403174 -1.08925241  0.1139592   0.1526402
  -0.53048849 -1.17581239  0.33484409 -1.7281421 ]
 [ 1.85381404 -2.06299975  0.13750008 -1.50048897  0.05009473 -0.69908432
  -0.53589898 -0.7392477  -1.18516798 -0.69136084  1.53997121 -0.7359839
  -1.42480307  0.47299837  0.15234422  1.73365002]
 [-0.37799849 -0.2988677   0.33021942 -0.55806426  0.7541772  -0.25271207
  -0.51002089  1.35553468 -0.67364614  0.16900187  0.82979128  0.2547284
  -0.76022527  1.30036628  0.37723233  1.45356939]
 [-0.35803446 -0.40748956  1.96815399 -0.24704564  0.72480057 -0.41233118
   0.17889792 -0.21957168  1.31660811 -1.21664419 -0.63181899 -0.49333689
   0.97333752  0.10620264  0.28122564  0.65123853]
 [ 0.88557389 -1.90292525  0.27254531  0.51840867 -0.18727444  0.5261123
  -0.48861191 -0.23232241 -0.43481784  1.44068073 -0.6876381   1.05512034
  -0.01689641  0.18640767 -0.12597182  1.07244867]
 [-1.69048035  0.30819069 -0.48765697 -1.288704    0.63707599 -0.86923461
  -0.72390429 -0.03728175  1.35099128 -0.00770662 -0.77168191  1.12478216
  -0.84552744 -0.96013025 -1.4582794  -0.57335761]
 [ 0.01001099  0.87645974  0.08906153 -0.55859478 -0.24915742 -0.69782069
  -0.15698897 -0.41011949 -0.2097307  -1.94546345 -0.72834675 -0.12176529
   0.06752465  1.03035913  0.8105586   0.43521874]]