[[-4.17056548e-01 -4.94616642e-01  4.43324041e-01  1.39121398e+00
  -4.46095911e-01 -1.38647979e+00 -1.86705362e-01  8.07384103e-01
  -7.34646814e-01 -2.61009607e-01 -9.99597294e-03  1.17883315e-01
   8.76469778e-01 -1.52575778e+00 -4.23668307e-01 -1.36688469e+00
   1.00651438e+00 -1.12536737e+00  3.51509332e-01  3.73205575e-01]
 [-9.18799216e-02  4.96284007e-01  1.21361447e+00  1.28935506e+00
   7.12744011e-01  7.49147115e-02 -1.39290253e+00 -3.76178697e-01
   7.42643969e-01 -5.23784892e-01  1.41296600e+00 -4.61265639e-01
   1.12635476e-01 -5.80303315e-01  1.47677550e-01  4.90879259e-01
  -8.24621307e-01 -3.34731153e-01 -5.13764524e-01 -6.47597954e-01]
 [-2.12127442e-01 -2.97768056e-01  6.12483790e-01 -1.36872821e+00
  -7.19869868e-01 -8.51249574e-01 -5.03498227e-01 -1.66215077e-01
   1.28843741e+00 -1.35000671e+00 -8.15395744e-01 -1.73689635e-01
  -3.11834525e-01 -9.73547896e-01 -9.52905768e-01  6.13328347e-01
  -5.88675452e-01 -1.11587883e-02  4.71389700e-01 -3.88539414e-01]
 [ 1.19385897e-01  2.78460210e-01 -9.47269547e-01 -8.24292034e-01
  -1.23738900e+00 -4.72399793e-01  8.95543971e-03  1.09806489e+00
  -4.83034708e-01  9.64455343e-01  1.35669429e+00  2.94152667e-01
   2.92097530e-01  5.29816489e-01  1.05105509e+00 -6.20982269e-01
  -8.49465406e-02  2.52533869e-01  7.31349840e-01 -1.33640288e-01]
 [-2.65910939e-01  2.35707859e-01  5.15303766e-01  5.77011908e-01
   2.28904774e-02  1.14287477e-01  2.14942890e-01  7.82049525e-01
   6.82896136e-01 -8.43725066e-01 -5.54012815e-01  1.19754167e+00
  -5.73323609e-01 -1.12212998e+00  6.48086016e-01 -2.27152853e-01
  -3.00618888e-01 -8.55986485e-01  1.54742301e-01 -7.77971477e-01]
 [-1.32420702e-01 -5.84719686e-01  8.24745937e-01 -8.22092610e-01
   9.41538528e-01  1.87770468e-01  3.11631898e-01 -4.42211957e-01
   4.42595531e-01  5.66892933e-01 -3.03392217e-01  6.33158061e-01
   1.03874822e+00 -2.05700274e+00 -6.42352364e-01 -8.88155318e-01
   3.29993422e-01  4.40282072e-02 -1.09098484e+00  3.55272486e-01]
 [-1.14178052e+00 -2.26025214e-01 -2.69420287e-01 -4.76637713e-01
  -9.89259072e-02  5.75350381e-01 -2.49954091e-01  1.07355052e+00
  -2.20555672e+00 -3.42448762e-01 -4.73959415e-03  7.15253068e-01
  -8.80041400e-02  7.03907284e-01  2.98183355e-01 -4.63167099e-01
  -2.25280172e-01  1.81515920e-01 -7.97649539e-01  2.13016084e-01]
 [-1.69085282e-01 -2.97847901e-01 -7.63460465e-02  1.33473604e+00
   7.95670936e-01 -1.41345139e-01  5.53939380e-01  4.36035303e-01
  -3.56924058e-01 -5.16576946e-01 -4.21135675e-01 -6.28409916e-02
   4.10069311e-01 -1.32682084e+00 -4.32677563e-01 -6.05032700e-01
  -8.12218337e-01 -9.05048166e-01  1.18619826e+00 -5.00456874e-03]
 [-3.76950530e-01  6.89351296e-01  7.58367091e-01 -2.22662915e-01
   5.35160159e-01 -6.14208362e-01 -7.07655959e-01  1.30756191e-02
  -9.23744996e-02  4.94651232e-01 -3.75947920e-01 -2.50240511e-01
   5.26577055e-01 -3.35685303e-01 -2.81529274e-01  3.48039695e-01
   7.46232498e-02 -1.34401663e-01  9.94030762e-01 -1.06390399e+00]
 [-1.26959036e+00 -5.39111301e-01 -3.39030571e-01  1.19648513e-01
   3.48995681e-01  6.04573581e-01  2.30082493e-01 -1.34077072e+00
   5.98120897e-01  8.18245435e-01  7.73444670e-01  1.27334366e-01
   8.31002470e-01 -9.02436873e-01  5.71281587e-01 -8.63784439e-02
   5.75364239e-01 -2.65123645e-01  3.67658070e-01  6.25888724e-01]
 [-3.51254854e-01 -2.76510720e-01  9.73239230e-01  4.37713559e-02
  -1.08045315e+00 -1.38120828e+00 -7.16026813e-01  1.30266887e+00
   3.73910370e-01 -4.63982537e-01  8.97330454e-01  4.82773478e-01
   6.17474626e-01 -7.59791107e-01  4.09400182e-01 -1.62298997e-02
   2.62211572e-01  1.29633172e+00  1.06638111e+00  1.24842656e+00]
 [ 2.51077112e-01 -5.06053411e-01  3.22018255e-01 -1.49341150e+00
  -9.46414832e-02 -4.10350987e-01  1.26414163e-01 -4.59671902e-02
   1.22317738e-01  5.77650981e-01  1.87623776e-01 -3.48255456e-01
  -5.38450889e-02 -4.78706277e-01 -9.30627322e-01  6.42135891e-01
  -9.01032938e-01  1.92284787e+00 -6.61090202e-01  8.25678655e-01]
 [ 5.75104343e-01 -5.89723098e-01  2.84580982e-01 -6.00700167e-01
   3.99070697e-01 -9.26673003e-01 -7.99511597e-02 -1.06458607e+00
   1.44307731e+00 -8.14381484e-01  3.29271972e-01 -1.28199748e+00
   4.42002648e-01  8.31712369e-03 -2.26402887e-01  5.36228839e-01
   4.93422197e-02  8.59219487e-01  1.68404752e+00 -5.08673787e-02]
 [-1.04288422e+00  1.94926127e-02 -8.38145657e-01 -8.61705082e-01
   6.79810525e-01 -7.26800054e-01 -1.78524935e-01  6.68714617e-02
  -3.54751489e-03 -5.24749183e-01 -2.37181646e-01 -2.14805525e-01
   9.82073535e-01  1.60223144e+00  8.55954722e-01  1.06311294e+00
  -6.03669821e-01 -3.60958905e-01 -4.51393704e-01 -1.00578899e+00]
 [ 3.20344883e-01  9.70825408e-01 -6.81741616e-01  8.08255668e-02
   4.86387743e-02 -1.49214817e+00 -9.28231050e-02  3.20598496e-01
   1.25231312e-01 -1.19686382e+00  7.84163063e-02 -4.16635262e-02
   6.79566547e-01  2.19680759e-02  8.72139570e-01 -1.23441802e-01
   3.85261845e-01 -1.66930400e-01 -1.71116399e+00 -1.42099279e-01]
 [ 8.53796528e-04 -7.88456279e-01  2.16870888e-01 -3.55386482e-02
   1.98027638e-01 -7.29792237e-01  1.03637400e+00  6.43148685e-01
   7.53724369e-01  1.71002980e+00 -3.30571539e-01  3.03089960e-01
   1.11517383e+00  1.51454096e-01  2.49271306e-01 -1.82452466e+00
  -9.44991162e-01  1.01231133e+00  7.50692525e-01 -8.50087447e-01]
 [ 2.11912511e-01  8.93938934e-01  9.78517777e-01  6.99227219e-02
   1.35042425e+00 -6.23097661e-01  3.60948830e-01  4.22870351e-01
  -2.06604715e-01  4.14141959e-01 -1.23725503e-01  6.22099540e-01
  -2.46110405e-01 -7.41545728e-01 -8.72363751e-01  1.30644889e+00
  -3.66721764e-02 -1.00948431e-01  5.05424459e-01  1.98737570e-01]
 [-9.67961416e-01  7.54619596e-01 -1.01365907e+00  1.65119663e-01
  -1.04659903e+00 -9.42161029e-01  6.87096462e-02  3.50666955e-02
   3.66724932e-01  3.35755452e-01 -6.96220954e-01 -1.23264380e-01
   5.77964046e-01 -2.28075556e-01 -2.83445568e-01 -1.20572999e+00
  -4.48291444e-01  3.94046779e-01  6.15147227e-01  1.09554252e+00]
 [-4.73124854e-01 -9.25657019e-01 -3.34525757e-01  7.95113037e-01
   8.05985292e-02  9.83660659e-01 -2.10532679e-01  6.22881970e-01
  -6.58274772e-01 -9.55606788e-01 -6.07129691e-02 -8.59148315e-01
   9.81271317e-01 -2.89956294e-01 -4.50707294e-01 -5.45080099e-02
  -7.17607177e-01 -5.75435864e-02  7.67352018e-01  1.01815446e-01]
 [ 9.49454207e-01  1.51182602e-01 -3.36139719e-01 -5.08638825e-02
  -8.99287029e-01 -5.77348028e-01 -1.66281780e-01 -1.81121962e-01
  -3.86128165e-01 -6.33093502e-01 -4.62680430e-02  9.90707832e-02
  -4.14318122e-01 -1.63343512e+00 -1.56230080e-01 -1.26691541e+00
  -5.63740779e-01 -1.00992567e-01 -7.27041982e-01  3.94754975e-02]
 [-9.57196772e-01 -4.59742112e-02  2.23295317e-01 -9.11079026e-01
  -1.25830873e-01 -8.63798443e-01 -8.14484638e-01  2.14103527e-01
  -4.25082850e-01  9.22575238e-01  3.63759063e-01 -8.10494570e-01
   7.80602519e-01 -5.56438884e-01 -7.80239474e-01  2.07321391e-01
   2.13100454e-02 -9.32517456e-01 -1.22921721e+00  1.05262395e+00]
 [-3.62089281e-02 -1.51236889e-01  1.32978118e+00  5.50253411e-01
   1.19905382e+00  6.59874660e-01 -1.55045939e-01 -1.07714394e+00
   8.89186625e-01 -3.84880530e-02 -8.53254912e-01  7.03333736e-03
   1.07606948e+00 -1.40334846e+00 -2.90192556e-01 -7.05547463e-01
   2.11017091e-01  6.23700537e-01  3.18271984e-01  2.32217314e-02]
 [ 1.06824210e+00 -8.02136113e-01  5.18363107e-01  8.43018268e-01
  -2.73749159e-01 -6.09910232e-01 -1.00087101e-01  8.61560132e-01
  -4.64351116e-01  1.00424367e+00  5.06595244e-01  2.74648775e-01
  -6.17756080e-01 -3.12013381e-01  1.84578192e-01  1.02296224e+00
   3.37298529e-01 -1.19034494e+00 -5.01962315e-02  8.42075596e-01]
 [ 8.10612184e-01  9.04332710e-02  4.50002799e-01 -4.70927840e-01
  -1.29450441e+00 -1.23144178e+00 -8.89440968e-01  9.71094892e-01
  -9.29362894e-01 -5.96550380e-01 -4.02346204e-01  1.25992393e+00
   5.85961177e-01 -1.86680083e-01  4.44112738e-01  9.72075219e-01
   9.97987858e-02  2.67603028e-02  5.47587833e-02 -1.12366318e+00]
 [-4.25454517e-01 -7.31260977e-01  1.32648910e+00  8.64152128e-01
  -2.66757049e-01 -1.67208421e+00 -5.64950413e-01 -8.88984470e-01
   3.38315499e-01 -6.00098393e-01 -2.56306153e-01 -1.57756863e+00
   4.66848757e-01  5.74009413e-01  8.92715605e-01 -1.38059722e-01
  -6.73562473e-02 -3.04840654e-02 -5.50649597e-02 -2.08838999e+00]
 [ 3.77578146e-01 -2.89995816e-01  6.41715377e-02  3.52944277e-01
  -1.50431801e+00 -2.09370440e-01  8.23393500e-01 -3.81897396e-01
  -1.17775589e+00 -4.00559079e-01 -1.00913365e+00 -2.18063770e-01
  -1.89125471e-01 -6.06006064e-01 -7.58788209e-01 -4.81563359e-01
  -1.41833926e-01 -9.27381096e-02  1.34550003e-01 -6.54426370e-01]
 [-8.61564838e-01 -7.15074594e-02  7.00391675e-01  5.74975629e-01
   6.36135765e-01 -6.23886087e-01 -7.35620549e-01  1.45704762e-01
  -1.04768201e+00 -1.02082777e+00  5.78278676e-02  2.94847967e-01
   6.32634300e-02 -6.59426870e-01  5.31620814e-01  1.56018274e+00
  -2.76784442e-01  7.88749719e-01 -5.77981874e-01  4.53305968e-01]
 [ 2.15084129e-01  9.90475106e-02 -6.08287554e-01 -5.43313640e-01
  -1.57911134e+00 -1.11957218e-01  7.38180311e-02 -1.12266195e+00
   5.97457137e-01 -8.35741649e-01 -8.73207206e-01  1.47458265e-01
  -2.07276923e-01  5.56888325e-02 -9.93605225e-01 -2.60230431e-01
  -2.50952061e-01 -1.01357965e-01  6.70139106e-01  4.08307451e-01]
 [ 1.63159729e+00  1.58337794e-02  5.87130404e-01 -5.55956587e-01
  -7.82501517e-01 -9.43439990e-01 -7.49733456e-01  8.62116490e-01
  -6.71632028e-01  9.79692334e-01  4.07361003e-01 -3.13526699e-01
  -7.53816669e-01 -1.37183886e-01  7.87120745e-01  3.11688260e-01
   1.07426802e-01  9.92027781e-01 -2.54284860e-01 -3.72093756e-02]
 [ 5.85544449e-01  4.38066799e-01  7.35773676e-01  1.22355121e+00
  -6.56733954e-01 -8.35119688e-01 -1.21335767e+00 -9.10603072e-01
  -1.09716387e-01  3.33965505e-01 -5.60889173e-01  9.55447839e-01
   1.15507806e+00 -1.49530191e-01  1.06256868e-02  8.48505654e-01
  -3.41177014e-01  1.33258622e+00 -4.73947540e-01 -9.95358681e-01]
 [-2.84111086e-01  5.94701033e-01 -4.19103097e-01 -3.63154756e-01
  -1.01709889e+00 -3.01840373e-01 -5.59152874e-01  4.77832192e-01
  -2.26959069e-01 -9.09178331e-01 -1.44449305e-01 -6.16056357e-01
   4.65330569e-01 -8.82572742e-01 -2.75129346e-02  2.63838822e-01
   4.07940821e-01 -3.16244374e-01 -1.15857203e+00 -6.49766644e-02]
 [ 6.13746473e-01 -6.70528215e-01 -5.92521633e-01  4.45770641e-01
  -1.57505666e-01 -1.76401392e+00  6.71154685e-02  2.02944516e-02
   8.99454485e-01  3.88062824e-01 -9.51925795e-01 -1.10129666e+00
   1.60753269e+00  4.94908334e-01  5.07186528e-02 -8.91399711e-01
   2.89876679e-01  1.40359166e+00  2.47010928e-01  1.03818515e+00]
 [ 1.31086690e+00 -5.70624010e-01 -1.59606955e-01  9.28978251e-01
   1.42051332e-01 -1.17805842e-01 -3.51224269e-01 -3.26573373e-02
  -7.76631699e-01 -8.79051654e-01 -2.89019202e-01 -5.47355773e-01
  -6.69230860e-01  4.65675223e-01 -3.90494659e-02 -5.56197264e-01
   2.28461051e-01 -1.00894702e+00 -6.82676230e-01  2.08406327e-01]
 [-3.34935122e-01  1.17005981e+00  9.38374524e-01 -1.23434957e-01
  -1.33007335e+00  1.21015301e+00  1.99309338e-01  7.48937692e-01
   6.42409473e-01  5.15139040e-01  1.36352630e-02 -8.27019182e-01
   3.25944019e-01  2.92422047e-01 -6.20072693e-01  6.61945028e-01
  -6.68001011e-01 -4.97903140e-01  5.69956074e-01  3.09514440e-01]
 [ 9.38121549e-01 -7.56364364e-01 -9.40343989e-01 -1.32531114e+00
  -5.80969755e-01  2.26122404e-01  8.61203129e-01  1.34651980e+00
   1.59204080e+00 -3.39656437e-01  4.24115545e-01  8.19161786e-01
  -1.09039442e+00 -3.87183097e-01 -7.72325529e-01 -1.92183222e-01
  -1.08321168e+00  4.91701473e-01  1.54307096e-01  1.58931309e+00]
 [ 1.03341019e+00  8.31402054e-01  3.53724473e-01 -1.46003986e+00
  -1.14693657e+00  7.24008642e-01 -5.53085030e-01 -8.44708707e-01
   8.02352070e-01  1.48979913e+00 -2.02892173e-02  7.48649837e-01
   9.38740739e-01  6.01728215e-01  2.47741951e-01  1.30774654e+00
  -9.53109336e-01  1.10718784e+00  2.52445943e-02 -1.32165562e-01]],[[-0.87573504  1.75767108 -0.08546754  0.70977029 -1.10777222  0.59933128
  -0.25758568  0.09406121  1.09167547 -1.23821591  1.5900423   1.02146361
   0.37982589  0.84301759  0.05131745  0.47211482]
 [ 1.1151293  -0.5909707   0.7320809  -0.51464061 -0.42358427 -0.29662135
  -0.1072627   1.02323229 -0.9434874   0.5528289   0.99306131  0.75489184
   0.46696551  0.6050513  -0.9939939  -0.48017378]
 [ 0.35794178 -1.02079035 -1.15938114 -1.01243567 -0.01683751 -0.60918877
   0.14687716 -1.19657924 -0.46746531 -0.96753732 -0.17716318 -0.85529424
   1.13799948  0.96871669 -0.08974324 -0.32782689]
 [-0.00282892  1.46459173  0.74672991  0.1843072  -0.12362535 -0.49569275
   0.16595236  0.05573466  0.45687392 -2.41821433 -0.38437076 -0.2842001
  -0.12950936 -0.43139147  2.21352093  0.31944324]
 [-0.35275463  0.23368581  0.25525173 -0.32584656  0.62106216  0.56450358
  -0.7641759   0.95144558  0.61687533  0.42744862 -0.25847311 -1.00298938
  -0.39876716  0.88748776 -2.35047657  0.16990195]
 [ 1.06829505  0.94612878  1.7530194   0.67655837  1.37818983  0.97610109
  -0.88222588 -0.82248323  0.20549017  1.33087239  1.16241956  0.42922304
  -0.36056066 -0.686014   -0.57747632 -0.93594755]
 [ 0.61478237 -1.9550914   0.42772868  0.77483117  0.73711735 -0.29491098
   0.73919591  0.81158701  1.33707746  0.23006241 -0.7887325  -0.51356931
   0.92988887 -0.56054239 -0.26226965 -0.30209684]
 [-1.29814252 -1.82652685 -0.0183318  -2.06513589 -0.51855385 -0.29498417
  -0.48969789 -0.29001162 -0.98052741 -0.14395246  0.52677543  0.00849016
  -0.32189387  1.35503096  0.88992216  0.09666366]
 [-0.33911855  0.66368441  0.53538988 -0.6329248   0.88238546  0.97560714
  -0.34478427 -0.72468379 -0.65238213  0.27115073 -0.28322347 -1.0499621
   0.74153552 -0.86124891 -0.01647963  1.3533482 ]
 [-0.03660254  0.70217846  0.66032168  0.39641758 -0.237279   -0.25752542
   0.7868038   1.20432528  0.0321762  -1.43136249  0.31797415 -0.7260832
   0.03603247  0.86952318  0.97299274 -0.91964024]
 [ 0.82938371  1.2934822   0.60277928 -1.30998213 -1.17199562  0.25466207
   0.91367756 -0.71327395  0.00485589 -0.88169585  1.85171455  1.66791015
  -1.19388203 -0.70330841  0.0258417   0.4865744 ]
 [-0.64521152  0.18827142  0.28792161  0.33933415 -0.75843033 -0.74511671
   0.36997922  0.28319649 -0.83010621  1.56211014 -0.01841332  0.39767992
   0.38020385 -0.53967092  0.29898538 -2.15737667]
 [-0.02188876 -0.95566849 -1.47611921  2.32800262  0.65296936 -0.173047
  -0.01037448 -1.23961601 -0.19970197  0.50413638 -1.32190471  1.05207768
  -1.00307192  0.61050636 -0.04822496 -0.85386624]
 [ 1.11945538  0.88270767  0.20900683 -0.42696654 -0.93194093  0.77947844
   0.80740769  0.80640266 -0.29009531 -0.39072797  1.5000234   0.54481906
  -1.23066948 -1.08690009  0.49387171 -1.55337354]
 [ 1.1666446  -0.62888943 -0.14968042 -1.75234102  0.59905784 -0.28534808
  -0.40400621 -0.69081657 -1.10098735  0.02088105  1.26515    -0.68948978
  -1.6645107  -0.02887657 -0.78845754  1.68216635]
 [-0.32242651 -0.26880063 -0.40405351 -0.12139612 -0.99400115 -0.58141895
  -1.46692759  0.84047201 -0.28378473 -0.01687693  0.48789803  0.712357
  -0.85845039  1.23021273  0.46259986  0.64137829]
 [-0.21762671  0.36848724  1.58371511 -0.49967502 -0.03565894  0.98534765
   0.37959057 -0.21726376  0.39030444 -1.50959626 -0.05375696 -0.4008687
   0.32251533  0.27454009  0.52454296  0.55804541]
 [-0.88567798 -1.21227106  0.73075668  1.1285255   0.45732724  0.20560407
  -0.25689268  0.22728666 -0.72054158  0.82843875  0.01307148  0.71609125
  -0.84277849  0.84074138 -0.37605712  0.49131418]
 [-1.41494732 -0.39102943  0.26699514 -1.13322057  0.52553797  0.06103588
   0.32279132  0.43605372  1.15873148  0.0731988  -0.52194062  0.48004905
  -0.30254373 -0.64636791 -0.28455757 -1.19815091]
 [-0.53954062  0.77738749  0.75608532 -0.11506876  0.07437319  0.35743773
  -0.03854676 -0.43809587 -0.15547126 -1.65177044 -1.60136309 -1.12928162
  -0.77153412 -0.02811182  0.99792761 -0.23456117]]