[[ 2.17836765e-02 -8.74657459e-01  6.61944154e-02  1.31938430e+00
  -1.25026637e+00 -9.31431635e-01 -4.15403309e-01  8.71632849e-01
   5.89754664e-02 -2.61009607e-01 -9.39541697e-01 -5.54823284e-01
   1.08749040e+00 -7.78526748e-01 -4.23668307e-01 -1.03802092e+00
   5.82343214e-01 -9.07856107e-01  3.36041434e-01  3.73205575e-01]
 [-9.18799216e-02  4.96284007e-01  7.48076642e-01  1.25024398e+00
   2.77107017e-01  3.30618943e-01 -1.39290253e+00 -3.10691669e-02
   4.53454285e-01 -8.85711229e-01  1.16603340e+00 -9.35960840e-02
   1.06967123e-01 -6.49398696e-01  1.03672009e-01  7.97450037e-01
  -8.24621307e-01  8.80521782e-02 -6.90766024e-01 -3.61463970e-01]
 [-2.12127442e-01 -7.93947050e-01  6.12483790e-01 -2.73886424e-01
   4.97131552e-02 -5.67471063e-01 -9.13370496e-01 -3.73717699e-02
   1.71100198e+00 -1.85117214e+00 -6.90618481e-01  1.28698791e-01
  -6.87832236e-01 -4.14406155e-01 -1.33603886e+00  9.34381102e-01
  -5.88675452e-01 -4.62946090e-01  5.51184756e-01 -4.33022631e-01]
 [ 3.71889319e-01  2.78460210e-01 -8.97566810e-01 -8.24292034e-01
  -1.55862078e+00  4.10838272e-01  2.90635601e-01  5.74691806e-01
   3.40557163e-01  1.30289166e+00  1.60385584e+00  6.11626952e-01
   4.47610264e-01  1.20182756e+00  1.05105509e+00 -4.05795351e-01
  -2.59123109e-01  5.28763598e-01  7.31349840e-01 -1.33640288e-01]
 [-1.49946642e+00  4.55365100e-01  4.64240079e-01 -1.50863809e-01
  -2.26203223e-01  1.14287477e-01 -2.90515672e-02  4.20161260e-01
   1.11397003e+00 -7.27937941e-01 -3.40634452e-01  1.00176596e+00
  -6.30847973e-01 -1.15937738e+00  6.48086016e-01 -2.27152853e-01
  -3.00618888e-01 -7.66157710e-01 -3.09985113e-01 -9.92529532e-01]
 [-8.28824514e-02 -1.35213168e+00  4.44779376e-01 -8.22092610e-01
   9.41538528e-01  1.84020580e-02  3.11631898e-01  4.19884979e-02
   9.58450741e-01  9.19111117e-01 -3.03392217e-01  6.33158061e-01
   9.75959569e-01 -1.66229305e+00 -1.24472666e+00 -8.88155318e-01
   9.28947741e-01  5.06610751e-01 -1.09098484e+00  7.80493410e-01]
 [-4.60686338e-01 -2.26025214e-01 -2.69420287e-01 -4.66282701e-01
  -9.89259072e-02  4.51362235e-01 -4.73143788e-01  7.47527016e-01
  -1.83349738e+00 -7.94270290e-01 -4.37013010e-01  1.12448993e+00
  -8.80041400e-02  4.08722840e-01  5.90912635e-01 -4.19689328e-01
  -2.25280172e-01  5.24478327e-02 -7.97649539e-01  4.75984158e-01]
 [-1.69085282e-01 -2.97847901e-01 -5.13860444e-01  1.33473604e+00
   3.74393482e-01 -3.68180950e-02  1.21834428e+00  2.22580503e-01
  -1.92692166e-01 -4.34636734e-01 -2.37947756e-01 -6.28409916e-02
   7.92440046e-01 -1.08563167e+00 -1.32468538e-01  2.88910588e-01
  -8.82287810e-01 -9.05048166e-01  1.57051646e+00 -1.72417687e-01]
 [-3.76950530e-01  2.41057329e-01  7.56141673e-01  6.51112171e-01
   3.36792636e-01 -4.87347879e-01 -7.07655959e-01 -3.08363885e-01
   4.00286399e-01  4.94651232e-01 -7.93262825e-01 -2.50240511e-01
   6.18765531e-01 -3.35685303e-01 -5.94533748e-01  6.19743126e-01
   7.46232498e-02  7.91008267e-01  3.47906282e-01 -4.10086334e-01]
 [-1.32484666e+00 -5.39111301e-01 -1.53323321e-01  1.19648513e-01
  -1.52616832e-01  6.04573581e-01  3.98947064e-01 -8.84568055e-01
   7.17266747e-01  8.86718609e-01 -5.21887906e-01  4.50254569e-01
   1.11772691e+00 -5.70420571e-01  6.08701207e-01 -8.63784439e-02
   5.75364239e-01 -6.05011669e-01  2.80298686e-01  6.25888724e-01]
 [-5.79820846e-01 -6.02283788e-01  1.67877357e+00 -3.27458812e-02
  -7.61202935e-01 -1.94365037e+00 -7.16026813e-01  1.21490242e+00
   3.10944195e-01 -1.95792151e-01  1.32448533e+00  9.84517286e-01
   6.17474626e-01 -8.32898462e-01 -4.54927003e-01 -2.72804801e-01
   5.20473769e-01  1.39127592e+00  1.11919936e+00  1.15016912e+00]
 [ 2.51077112e-01 -1.02996468e+00  3.22018255e-01 -1.11450501e+00
   1.84732357e-01 -7.83473798e-01 -2.09139014e-01 -2.77674146e-01
   1.22317738e-01  4.67897932e-01  1.92565026e-01  1.42898965e-01
   5.39532527e-02 -3.45011007e-01 -1.05459458e+00  1.25865562e-01
  -9.01032938e-01  1.75920132e+00 -9.70919899e-01  9.91496251e-01]
 [ 8.96856072e-01 -1.39908385e+00  4.44850808e-01 -6.00700167e-01
  -9.10635674e-02 -9.26673003e-01 -7.99511597e-02 -1.03532760e+00
   1.51811036e+00 -8.14381484e-01  7.62382462e-02 -1.45787609e+00
   3.99362724e-01  1.40459943e-01 -1.85359805e-01  1.71050665e-01
   4.86453088e-01  1.50552571e-01  1.64282287e+00 -6.32370891e-02]
 [-1.06857080e+00  5.11640946e-01 -8.38145657e-01 -9.83448507e-01
   2.87807916e-01 -1.13975613e+00 -4.18657216e-01 -1.49804073e-01
   1.08582578e-01 -6.40207225e-01 -2.37181646e-01 -5.13279058e-01
   9.82073535e-01  1.42551330e+00  4.37365279e-01  1.06311294e+00
  -7.73791430e-01 -5.67473953e-01 -4.29223060e-01 -5.78415264e-01]
 [ 2.09430563e-01  1.12903088e+00 -1.21740824e-01  5.38538747e-02
   4.86387743e-02 -1.19055189e+00  2.57682882e-01  2.17050504e-01
   4.60680625e-01 -7.59972185e-01 -2.04785384e-01  4.16742555e-01
   6.79566547e-01 -7.06790376e-02 -3.36530476e-01 -1.23441802e-01
   2.72066335e-01  2.14503625e-01 -1.39623693e+00 -2.55085748e-01]
 [ 3.97752093e-01 -1.11629863e+00  2.16870888e-01 -2.76314423e-01
   6.87645219e-02 -4.69748611e-01  1.78171588e+00  6.43148685e-01
   5.80114591e-01  1.29966996e+00 -2.53606851e-01  1.71104573e-01
   1.11517383e+00  1.51454096e-01 -2.27387337e-01 -1.81543446e+00
  -8.29028566e-01  1.01231133e+00  7.50692525e-01 -5.10295377e-01]
 [ 2.71923665e-01  4.66990996e-01  9.78517777e-01  6.99227219e-02
   6.24522076e-01 -5.23600894e-01  1.11982496e+00 -1.32098654e-02
  -2.06604715e-01  1.05061547e+00 -2.78692103e-01  1.31736398e-01
  -5.59719712e-01 -3.71933987e-01 -6.55925433e-01  1.05330526e+00
  -4.42700710e-01 -6.73972195e-01  3.02533462e-01 -2.57939968e-01]
 [-6.70851050e-01  2.68748261e-01 -1.09800720e+00 -5.65892092e-01
  -1.14400268e+00 -1.41124501e+00 -3.46647239e-01 -1.14078963e-01
   3.80956031e-01  3.35755452e-01 -6.96220954e-01 -1.86779962e-02
   9.40896554e-01  3.18485117e-02  3.97524360e-01 -1.20572999e+00
  -4.48291444e-01  3.94046779e-01  8.22066101e-01  1.09554252e+00]
 [-4.12476158e-01 -9.25657019e-01 -3.34525757e-01  4.89275787e-01
   9.06039548e-01  7.81199426e-01  2.41507479e-01  6.47251898e-01
  -5.09575909e-01 -1.04310750e+00 -4.23801084e-01 -8.28513366e-01
   6.48176964e-01  4.27059118e-01 -7.33658476e-01 -2.76747914e-01
  -3.56679212e-01 -5.75435864e-02  1.13684308e+00  1.01815446e-01]
 [ 8.96529251e-01  3.97366690e-01 -5.07581641e-01 -3.04472620e-01
  -5.13699006e-02 -8.18263272e-01 -9.71789456e-01  2.73835085e-02
  -5.53350925e-01 -9.53343845e-01 -4.89932418e-01  7.38749141e-01
  -5.35035445e-01 -1.37694946e+00 -1.56230080e-01 -1.26691541e+00
  -5.63740779e-01 -8.88277801e-01 -9.09735087e-01 -2.98894159e-01]
 [-7.42704950e-01 -2.95819594e-01 -1.90164665e-01 -4.61639465e-01
   3.77861268e-01 -4.00196343e-01 -6.49307244e-01  2.14103527e-01
  -3.56495602e-01  2.27352327e-01  2.22525282e-01 -3.76639133e-01
   1.03196780e+00  5.19938096e-02 -7.53072301e-01  8.80380008e-02
   7.15991839e-02 -8.76344842e-01 -1.22921721e+00  1.37017526e+00]
 [ 1.97183722e-03 -1.51236889e-01  1.24996288e+00  2.78511983e-01
   1.02493557e+00  1.01008308e+00  4.94561001e-02 -1.08398928e+00
   1.44044552e+00  1.18826812e-01 -8.53254912e-01  2.54924454e-02
   8.73515495e-01 -1.43869537e+00 -4.92661611e-01 -5.48530486e-03
   2.11017091e-01  1.27311186e-01  3.18271984e-01 -1.02171512e-01]
 [ 8.50703527e-01 -7.26441284e-01  1.97498037e-01  6.97292755e-01
  -4.01697825e-01 -4.38021406e-01  2.54244119e-01  1.21010459e+00
  -2.93965381e-01  1.00424367e+00 -4.43195420e-01  2.74648775e-01
  -9.72821341e-01 -2.95735127e-02  2.60025857e-01  6.88367912e-01
   3.37298529e-01 -5.78489546e-01 -2.48990646e-02  6.11891842e-01]
 [ 6.02549967e-01  9.04332710e-02  2.66869041e-01 -3.48831891e-01
  -1.29450441e+00 -1.70108135e+00 -6.11219442e-01  9.71094892e-01
  -8.66593012e-01 -8.17218855e-01 -4.29297109e-02  1.11611979e+00
   3.04608320e-01 -1.33416671e-01  2.89966137e-01  9.72075219e-01
   4.99978555e-01  2.25226424e-01  1.70326114e-01 -4.80419345e-01]
 [-4.25454517e-01 -1.41353311e+00  1.15920911e+00  8.64152128e-01
  -7.22613911e-01 -1.67208421e+00 -7.74233220e-01 -6.93429242e-01
  -6.89719293e-01 -6.00098393e-01 -2.52711453e-01 -4.08720179e-01
  -5.35361264e-02  8.67129040e-02  7.35479579e-01 -1.11701663e-01
  -3.50545015e-01  6.47880809e-01 -2.03382890e-01 -1.36486636e+00]
 [ 3.86675333e-01 -2.89995816e-01  6.41715377e-02  1.89743482e-01
  -1.04773370e+00 -2.09370440e-01  6.13950857e-01 -3.71521839e-01
  -1.11329126e+00 -4.00559079e-01 -1.00913365e+00 -6.37967043e-01
  -5.55391432e-01 -1.31507885e+00 -1.15776521e+00 -2.15009731e-02
  -1.41833926e-01 -5.70066764e-01  1.34550003e-01 -6.54426370e-01]
 [-4.54848572e-01 -7.15074594e-02  1.05993374e+00  9.25060166e-01
   1.54652030e-01 -2.20394832e-01 -6.47631569e-01 -9.46609783e-01
  -7.12376444e-01 -1.02082777e+00  2.75767708e-01 -1.07571840e-02
   6.32634300e-02 -2.46453509e-01  5.31620814e-01  9.55267846e-01
   1.28688783e-01  1.25807162e+00 -7.97076562e-01  4.53305968e-01]
 [ 1.88509587e-02  1.02038560e-01 -6.08287554e-01 -5.43313640e-01
  -1.12725479e+00 -1.11957218e-01  3.55095604e-01 -7.56495581e-01
   5.97457137e-01 -1.07528932e+00 -4.00972253e-01 -3.90078986e-01
  -2.07276923e-01  8.04319589e-02 -9.48614594e-01 -2.60230431e-01
  -3.28832672e-01 -1.01357965e-01  6.39688078e-01  3.44677827e-01]
 [ 1.06827167e+00 -1.32386985e-01  5.05952606e-01 -4.90256524e-01
  -7.82501517e-01 -8.72681214e-01 -9.53990988e-01  6.18233536e-01
  -4.25658763e-02  9.36597438e-01  3.86072620e-01 -1.15567124e+00
   4.11341230e-01 -2.52801211e-01  8.58334010e-01  4.25088229e-01
   1.07426802e-01  7.03374012e-01 -5.85766275e-01  1.35546467e-01]
 [ 4.65818445e-01  4.38066799e-01  1.08353984e+00  3.63592154e-01
  -1.02435715e+00 -5.75099340e-01 -1.16854768e+00 -1.30031155e+00
   2.71524093e-01  4.73020496e-01 -5.60889173e-01  9.55564921e-01
   9.75802857e-01 -1.49530191e-01  1.06256868e-02  8.48505654e-01
  -3.41177014e-01  1.16335725e+00 -2.41173572e-01 -9.87678520e-01]
 [-5.48561288e-02  5.80675886e-01  6.20138630e-02  8.27223082e-02
  -5.02938302e-01 -7.74168834e-01 -5.59152874e-01  4.77832192e-01
  -5.64846688e-02 -9.09178331e-01 -1.44449305e-01 -8.17059949e-01
   4.65330569e-01 -1.26817768e+00 -4.93313915e-01  2.63838822e-01
   4.86950739e-02 -3.16244374e-01 -1.02599911e+00 -1.26707265e-01]
 [ 8.99544872e-01 -8.51696344e-01 -6.78128081e-01  4.45770641e-01
  -6.42270468e-01 -1.51302350e+00 -2.58909256e-01  2.02944516e-02
   8.99454485e-01  6.33280990e-01 -1.24954783e+00 -1.10129666e+00
   1.74236112e+00  4.94908334e-01  2.47100729e-01 -5.41893228e-01
  -1.33573444e-01  1.30430672e+00  6.97832947e-01  1.15623444e+00]
 [ 1.07359180e+00 -7.95982128e-01 -5.17294560e-01  1.38314512e+00
   1.42051332e-01 -2.81338977e-01 -4.65389796e-01 -3.26573373e-02
  -3.58068492e-01 -8.79051654e-01 -8.82276097e-01 -1.02540357e+00
  -6.49223422e-01  7.49077080e-01 -1.57148465e-02 -5.38058363e-01
   2.28461051e-01 -7.26055092e-01 -9.20481906e-01  3.65382336e-01]
 [-3.34935122e-01  9.49210546e-01  7.65783885e-01 -8.62399435e-01
  -1.33007335e+00  1.57067957e+00  5.09977394e-01  5.89520098e-01
   1.09391226e+00  1.00191512e-01  1.36352630e-02 -7.92495530e-01
   1.60217685e-01  1.92309434e-01 -3.87010146e-01  1.47033418e-02
  -7.17907961e-01 -1.56968755e-03  8.49335922e-01  7.19804268e-01]
 [ 1.13902713e+00 -8.55923192e-01 -1.24118966e+00 -9.39701349e-01
  -4.66939440e-01  5.10541235e-01  8.61203129e-01  9.25910954e-01
   1.47025259e+00  8.97571059e-02  1.27760210e-01  9.28965615e-01
  -4.36007975e-01 -3.57683168e-01 -6.13345850e-01 -1.92183222e-01
  -5.49777630e-01  2.16004200e-01  5.72537200e-01  1.27400885e+00]
 [ 1.07989816e+00  6.09282152e-01  2.23831175e-01 -9.85681020e-01
  -1.14693657e+00  9.11709996e-01 -5.53085030e-01 -3.60648432e-01
   1.01751422e+00  1.00905311e+00 -2.02892173e-02  7.48649837e-01
   1.08836104e+00  1.29800969e-01  1.00692146e-01  1.30774654e+00
  -1.08909501e+00  1.04274964e+00  4.11304884e-01 -4.26707109e-01]],[[-0.51088332  0.85941014 -0.08546754 -0.27759748 -0.03955448  0.17132314
  -0.37798342 -0.46643651  0.51730591 -1.01418781  1.79572711  0.1750268
  -0.10995266  0.84301759  0.47823353  0.60877245]
 [ 1.45983448 -0.54897715  0.87749394 -0.23633805 -0.57960326  0.5083235
   0.01387114  0.01611684 -0.09843433  0.37611676  1.2411678  -0.17209379
   0.43517989  0.31265116 -1.53083675 -0.64632822]
 [ 0.63979811 -1.31638559 -1.78080055 -0.42145696 -1.08855229  0.10271594
   0.53010985 -1.47402402 -0.55315834 -1.36375242 -0.7182888  -0.3961396
   1.07430997  1.29259323  0.63495357 -0.32593487]
 [-0.40938488  1.17322376  1.4740476   0.36437999 -0.91549139 -0.57250402
   0.14410385  0.26071879  0.08711303 -2.41821433 -0.481416   -0.62959889
   0.35345352 -0.66978369  1.42292358  0.32564129]
 [-1.16951093  0.50134946  0.31263105 -0.90364202 -0.07738224  0.81726583
  -1.02809043  1.16046103 -0.08231642  0.24876635 -0.6527904  -0.25087868
  -0.31682394  0.66530977 -2.89914485  0.58557048]
 [ 1.14853333  0.82413583  1.05993093  0.13332586  1.71751355 -0.18076761
  -0.69541235 -0.85536275  0.44974993  1.0947717  -0.03070455 -0.88524548
  -0.16593876  0.03298186 -0.46011221 -0.53202983]
 [ 0.42448182 -1.48868842 -0.05277661  1.05576944  1.23450683 -0.10413648
   0.59881983  0.81158701  1.1138625   0.25912821  0.03515433 -0.51356931
   1.26176704 -0.18998431 -0.52152142 -0.66244731]
 [-1.81047574 -1.4749493   0.27082524 -1.24637623 -0.51855385 -0.62087086
  -0.44196292 -0.29241376 -1.35648322  0.20444859  0.30299867  0.49768777
   0.4698991   1.1170008   1.52284467 -0.90036357]
 [ 0.21448184  1.30221949  0.38686791 -0.19682887  1.63234881  0.905925
  -0.53012601 -0.21551837 -0.43975701  0.72497571  0.38768018 -0.47563926
   0.52005691 -0.26233891 -0.53616963  0.66138842]
 [ 0.09313386  1.08745258  0.16840113 -0.4510861  -0.7343521  -0.35499153
   0.36573831  0.7293005  -0.63470744 -1.52543828  0.50732034 -1.05399
   0.42398419  0.79736986  1.5972399  -1.15432337]
 [ 0.97701667  0.9776901   0.86232595 -0.68289164 -2.43346831 -0.20077979
   0.91367756 -0.30730095 -0.6343244  -1.56776581  1.65209111  0.87613098
  -0.62424238  0.09503447  0.3569226   0.27640456]
 [-0.52657499 -0.4077475   0.28792161 -0.37064761 -1.27890859 -0.56570127
   0.55232295  0.50650634 -1.03037021  0.55171381 -0.018919    1.13792696
   0.20185109 -0.60660486  0.57055844 -1.43818847]
 [ 0.73206936 -0.91591349 -1.06286824  1.48757434  1.35998971 -0.55933312
  -0.01037448 -0.46469665 -0.07991933  0.76171119 -1.61183537  0.23939182
  -0.91911841  1.2130415   0.3048628  -1.51197098]
 [ 1.10719312  0.44030588 -0.04366684 -0.42696654 -1.06964221  0.36865412
   1.22849634  0.64636054 -0.14551238 -0.21207555  1.49082714  0.54481906
  -1.65245054 -1.00801434  0.33484409 -1.01835182]
 [ 1.1674312  -0.67646515 -0.2695031  -1.69494927 -0.23458287 -0.56054681
  -0.67175719 -1.01388053 -1.0699806   0.02088105  1.41338462 -1.28666511
  -1.5164256  -0.18963453 -0.77596523  2.35889788]
 [-0.31703004  0.18685927 -0.25671289  0.42515604 -0.19432538 -0.12696806
  -0.53942451  0.55342367  0.10651967  0.43537385  0.95512518  0.71949278
  -0.5094683   0.86174776  0.09959329  0.89819224]
 [-0.3935019   0.01398779  2.36975026  0.68375126 -0.30926662  0.70394382
   1.0595809  -0.23867356  0.05801467 -0.5550353  -0.02882332 -0.26968062
   0.56692259  0.28842221 -0.12675483  0.97200028]
 [-0.78142677 -2.13559546  0.59309483  0.32441152 -0.18941655  0.08822299
  -0.1341467  -0.14042497 -0.29098442  0.74349337  0.10976873  1.56936472
   0.26425524  0.59110978 -0.8568163   0.89098183]
 [-0.99496983 -0.33927736 -0.33121946 -1.75915978  0.77107309 -0.34362767
   0.32154669  0.17761407  1.72303807 -0.02389353 -0.0670388  -0.16234936
  -0.96278624 -1.21693344 -1.05025225 -0.40800779]
 [-0.66372484  1.10594428  0.07470194 -0.14560944  0.29791435 -0.13908996
  -0.28029952  0.09400083 -0.29262387 -1.3730872  -1.66491092 -0.44240223
  -0.96812343 -0.25112394  0.72085032 -0.45650681]]