[[-3.54788524e-01 -5.21658514e-01 -3.23837172e-01  1.30441777e+00
  -1.31672644e+00 -7.48427549e-01  4.37771591e-01  3.24884621e-01
  -4.96783575e-01 -7.82143107e-01 -9.71188022e-01 -6.02277315e-01
   5.38085992e-01 -1.00621470e+00 -2.37510079e-01 -4.70574734e-01
   1.88787713e-01 -8.17425390e-01 -7.76381656e-01  3.73205575e-01]
 [-3.40595362e-01  3.19018191e-02  4.45799537e-01  1.22465665e+00
  -8.29653726e-02  4.52212419e-01 -1.13015327e+00 -5.61663629e-02
   1.84914124e+00 -9.98486343e-01  8.58395267e-01 -2.48711322e-01
  -2.66871458e-03 -8.68201271e-01  6.57096447e-01  4.56603517e-01
  -8.70077298e-01  8.33211143e-02 -3.06357670e-01  1.71776869e-01]
 [-7.37510540e-03  1.63394325e-01  6.12483790e-01 -2.83408144e-01
  -9.06870220e-01 -3.16022617e-01 -5.14244148e-01  4.89513534e-01
   3.65011565e-01 -5.70348191e-01 -3.35047510e-02  1.25036178e-01
  -7.91658326e-01 -8.00856392e-01 -9.58851896e-01  9.34381102e-01
  -1.49797116e+00 -5.82468461e-01  3.87325716e-01 -1.04090790e+00]
 [ 5.25530745e-01 -2.71892163e-01 -3.15110413e-01 -3.63347041e-01
  -8.82696975e-01  5.01792376e-01  7.34373750e-01  1.29086977e-01
  -4.82782144e-01  1.01367929e+00  1.31201144e+00 -4.69150706e-01
   1.49168814e-01  4.36613853e-01  1.35732622e+00 -2.92336236e-01
  -2.21929840e-01 -1.05149351e-01  4.34881365e-01 -1.43501239e-01]
 [-7.38412432e-01  4.50026428e-01  1.18484897e-01 -5.26317575e-02
  -3.80121509e-01  6.56692145e-02  6.50669474e-02  8.15623381e-01
   4.20366647e-01 -5.08499823e-01 -8.10961914e-01  6.45622223e-01
  -5.87102121e-01 -2.82205477e-01 -6.64233047e-03 -4.99966755e-01
  -7.47091184e-01 -1.21955628e+00  1.16306664e-02 -4.00079200e-01]
 [-6.22019707e-01 -5.84719686e-01  8.43136967e-02 -7.13303937e-01
   1.11004130e+00  9.46739593e-02  4.52158524e-01  6.12977938e-01
   5.17355920e-01  5.66892933e-01 -7.31601245e-01 -5.46763106e-01
   1.06722126e+00 -1.51963528e+00 -6.24345937e-01 -8.88155318e-01
   7.46023835e-01 -3.11618659e-01 -7.90232089e-01  3.63461941e-01]
 [-9.61464384e-01 -2.64202758e-01 -2.69420287e-01 -7.64206683e-01
  -9.89259072e-02  4.51362235e-01 -2.12533948e+00  3.01031158e-01
  -1.04654516e+00 -4.31524140e-01 -1.32903200e-01  9.20789875e-01
  -8.67162470e-02  4.85344860e-01  4.59728507e-01 -4.63167099e-01
  -6.22653752e-01  5.07425276e-01  1.64844829e-01  2.01185334e-01]
 [-5.91019683e-01 -6.04445971e-01  1.95971482e-01  9.85247477e-01
  -1.43430503e-01 -3.68180950e-02  9.18698883e-01  1.74072543e-01
  -6.18425166e-01 -8.62189993e-01 -8.18836564e-01 -6.28409916e-02
   4.25814245e-01 -6.15199732e-01  7.30382136e-01 -4.96151537e-01
  -5.47526136e-01 -1.38846045e+00  1.22026978e+00  8.03421803e-02]
 [-3.87927406e-01  5.60827223e-01  1.12007941e+00 -4.27168187e-01
   5.11006038e-01 -1.62719623e+00 -2.81937627e-01  8.28919783e-02
  -3.08233705e-01  7.86385376e-01  7.77336505e-01 -7.71016346e-01
   3.50078741e-01 -5.77872431e-01 -5.94533748e-01  6.41339504e-01
   3.42092733e-01  7.54049623e-01 -2.55820623e-01  5.47354227e-01]
 [-1.40540112e+00 -9.98762572e-01 -8.64210263e-02  9.62267781e-01
  -3.74631898e-01  5.19811999e-01  6.80116231e-01 -8.84568055e-01
   1.03098409e+00 -2.03371812e-02  1.35511424e-01 -3.72144064e-01
   1.34014327e+00 -1.25718119e+00  2.74514075e-01 -1.29014719e-01
   5.75364239e-01 -1.51818505e-01  1.34901927e-01  2.28120979e-01]
 [-4.45420631e-01 -2.76510720e-01  1.16555753e+00  3.41627141e-01
  -2.49373389e-01 -9.54554527e-01 -1.44155126e+00  9.44717470e-01
   7.57605111e-01 -2.25652886e-01  8.97330454e-01  2.01408246e-01
   6.17474626e-01 -7.37079356e-01 -2.88433912e-01 -3.46456184e-01
   2.36015631e-01  1.19788951e+00  5.16887628e-01  9.75137542e-01]
 [ 5.72877091e-01 -7.62993710e-01  3.90584321e-01 -9.04515951e-01
   2.91870856e-01 -7.80156122e-01  3.81407866e-01 -5.43568618e-01
   9.38714783e-01  5.77650981e-01 -3.26308610e-02  7.71269877e-02
   1.08293676e-01  2.38821540e-01 -9.30627322e-01  3.56318717e-01
  -6.60416637e-01  1.19209642e+00 -6.46387756e-01  1.20489120e+00]
 [ 6.90174050e-01 -1.45386169e+00 -1.02434467e+00 -5.13951337e-02
   3.99070697e-01 -9.26673003e-01  2.20647881e-01 -1.03532760e+00
   9.34723334e-01 -9.28741133e-01 -5.89120888e-01 -7.80248162e-01
   1.68641089e-01  2.61513185e-02 -2.26402887e-01  1.05385371e-01
  -2.49011869e-01  1.31018508e+00  1.14311382e+00 -6.32370891e-02]
 [-1.29025474e+00  2.19354607e-02 -7.13057660e-01 -5.02498835e-01
   1.24733868e+00 -1.13524494e+00 -5.75057728e-01  2.04807494e-01
   8.01724968e-01 -6.70919594e-01 -8.11602138e-01  3.22729458e-01
   2.32298405e-01  5.76966122e-01  7.70096042e-01  5.51945643e-01
  -5.88165093e-01 -7.11849427e-02 -8.80936268e-01 -1.05808533e+00]
 [-6.21140527e-01  1.02753294e+00 -2.20062562e-01  1.47299092e-01
   2.72757284e-01 -1.48268459e+00 -5.72345778e-01 -7.23318277e-02
  -1.47023690e-01 -5.72645809e-01 -6.28486359e-01  1.04558114e-01
   3.57720559e-01 -1.17106327e+00  8.80616556e-02 -1.23441802e-01
   4.91299763e-01 -6.73046381e-01 -6.98984982e-01  2.65015718e-02]
 [ 3.97752093e-01 -5.75620511e-01 -1.74502027e-01 -2.76314423e-01
   2.23547855e-01 -7.40003000e-02  8.05620335e-01  5.72177179e-01
   1.01768939e+00  8.64953535e-01 -3.30571539e-01 -4.42038480e-02
   1.13915784e+00  6.04710268e-01  2.49271306e-01 -1.65604486e+00
  -6.51049938e-01  1.27755086e+00  1.23119893e+00 -5.96187008e-01]
 [ 6.25437608e-01  2.25590486e-01  6.65972807e-01  2.59926873e-02
   7.00115131e-01 -7.07377130e-01  6.29789591e-01 -2.07833607e-02
  -2.84966267e-01 -2.27458530e-01 -3.22422747e-01  1.64404285e-01
   2.68673465e-01 -1.16837842e+00 -1.66176794e-01  4.39416495e-01
   6.41083459e-02 -9.95151620e-01  2.21091546e-01 -2.54823665e-01]
 [-3.34991664e-01  7.65012421e-01 -1.01653305e+00 -3.27709079e-01
  -7.38220532e-01 -9.42161029e-01 -3.30696429e-01  3.50666955e-02
   4.87869386e-01  5.53559432e-01 -6.91444129e-01 -2.30680130e-01
   1.08046938e+00  8.69895711e-01 -4.71127830e-01 -1.30217174e+00
  -1.68010909e-01  3.13958634e-01  8.22066101e-01  9.14844536e-01]
 [-1.58820736e-01 -9.25657019e-01 -5.42422753e-01  4.89275787e-01
   1.55131568e-01  7.81199426e-01 -2.67084367e-01 -4.00021296e-01
  -1.67353877e+00 -9.55606788e-01  8.94447861e-02 -1.58637200e+00
   9.81271317e-01  5.76190748e-01 -9.29753301e-01 -6.12563424e-01
  -3.21001350e-01 -1.75400670e-01  7.96561062e-01 -2.92470825e-01]
 [ 3.01073867e-01  4.03790951e-01 -7.71227801e-01 -2.54609237e-01
  -3.34247146e-01 -3.92400996e-01 -6.60133758e-01 -3.99598866e-01
  -4.61686383e-01 -5.21601217e-01 -6.65937600e-01  9.22042305e-01
  -9.00287754e-01 -1.13772076e+00 -7.43617938e-02 -8.21076555e-01
   1.48104311e-02 -2.95874135e-01 -6.30655557e-01  1.21407316e-01]
 [-7.42704950e-01 -5.91048202e-01  1.83879504e-01 -3.97697880e-01
   3.77861268e-01 -6.97543550e-01 -1.22752003e+00  2.14103527e-01
  -5.37005115e-01 -1.09903803e-01  6.28727620e-02 -1.13830726e-01
   7.75423214e-01 -5.37336562e-01 -1.21160511e+00 -5.77104571e-01
   7.15991839e-02 -4.31009872e-01 -7.00299191e-01  1.68748500e+00]
 [-1.24893588e-01 -4.43147798e-01  1.17819911e+00  2.65214872e-01
   6.46544647e-01  7.33189723e-01  1.44344658e-01 -4.26931828e-01
   7.62667073e-01 -5.42275206e-02 -3.78978414e-01 -9.55212681e-02
   5.38744294e-01 -2.64314394e-01 -2.01017036e-01 -9.33339616e-01
   8.55107781e-01  4.47677727e-02  6.40416180e-01 -1.23673801e+00]
 [ 1.14817985e+00 -7.56116419e-01  9.72721732e-01  8.81969401e-01
   3.86352073e-02 -1.04483998e+00 -1.27732726e-02  8.61560132e-01
  -2.57630195e-02  7.24821220e-01 -7.76330584e-01  2.74648775e-01
  -9.09647244e-01 -4.95834233e-01  8.13238194e-01  5.67469794e-01
   5.76021116e-01 -1.05688921e+00 -2.66272046e-01  5.27626820e-01]
 [ 6.02549967e-01 -2.18829932e-02  7.62359113e-01 -1.86886036e-02
  -1.06607242e+00 -8.61806949e-01 -6.20421521e-01  1.19119390e+00
  -8.66593012e-01 -7.58936694e-01 -3.29900725e-01  1.17592844e-02
  -5.90868714e-01 -6.84749687e-02  1.67119343e-01  9.87554603e-01
  -3.60114387e-01  5.63419601e-01 -3.14439058e-02 -1.39766827e+00]
 [-3.30549211e-01 -3.78682908e-01  3.10677565e-01  8.64152128e-01
   8.19944808e-01 -8.69686068e-01 -1.04663241e+00 -1.16093335e+00
  -2.81722846e-01 -9.78136465e-01 -4.53685199e-01 -7.75687693e-01
   2.82278993e-01 -7.08491843e-01  8.39484198e-01 -3.28596769e-03
  -6.36225550e-01  8.17803945e-01  1.67012153e-01 -9.92685719e-01]
 [ 2.18955013e-01 -4.05738049e-01  2.55499391e-01  2.76019860e-02
  -1.09488721e+00 -7.37881612e-02  5.95759308e-01  4.47275993e-02
  -9.05824228e-01 -1.22758670e+00 -1.00913365e+00  2.16900902e-01
  -7.36630929e-01 -1.31743191e-01 -5.40290153e-01  5.70789326e-01
   8.98030458e-02 -4.61763949e-01  6.19423130e-01 -7.63569090e-01]
 [-5.33034926e-01 -5.74229970e-02  4.61418767e-01  7.39104762e-01
  -1.06590526e-01 -5.32946518e-01 -8.30685547e-01 -3.85535847e-01
  -7.15777879e-01 -1.55665077e-01 -7.39711682e-01 -5.29293833e-01
   3.06977163e-01 -2.84902790e-01  9.68468025e-01  4.27296147e-01
  -1.26727383e-02  7.22303477e-01 -7.97076562e-01  6.04906820e-01]
 [-1.97355936e-01  2.11326366e-01 -6.09952547e-01 -6.97963282e-01
  -7.37777821e-01 -1.25360446e-02  3.84940287e-01 -4.26141358e-01
   6.94389120e-01 -1.26319187e+00 -4.00972253e-01  5.23704941e-01
  -2.00819214e-01 -5.22226510e-01 -9.93605225e-01 -2.04121815e-01
  -6.66486389e-01 -1.01357965e-01  2.24468368e-01  3.27627271e-01]
 [ 9.61184129e-01 -7.88114451e-02  7.65306274e-01 -7.13466756e-02
   8.41169816e-01 -7.51039584e-01 -2.65915104e-01  9.42973675e-01
  -6.17763337e-01  9.96943255e-01 -2.66563427e-01 -1.17395754e+00
   1.29511313e-01 -1.37183886e-01  9.78879643e-01  4.62257555e-01
   1.56674389e-03  1.06373877e+00 -4.19653949e-01  2.55608001e-01]
 [ 7.25262148e-01  7.83751503e-02  5.51316246e-01  8.42421728e-01
  -7.69626987e-01  3.58364769e-01 -1.65410701e+00 -1.11327317e+00
   7.04690275e-02  8.34571214e-01 -1.46420111e-01  8.03784891e-01
   4.76085039e-01  3.98410828e-02 -2.93462006e-01  8.48505654e-01
  -1.17243862e+00  5.59681974e-01 -6.25752489e-02 -5.90273951e-01]
 [ 8.12011107e-01  7.14795577e-01 -7.12904566e-01  8.97513199e-01
  -1.08590567e+00 -5.48285592e-01 -1.25139135e+00  3.11984141e-01
  -1.40608776e+00 -4.42229958e-01 -1.85392392e-01  4.68007096e-01
   1.40743293e+00 -5.41364156e-01 -3.23299396e-02  3.61441256e-01
   2.41427082e-02  7.99868927e-02 -1.37137619e+00 -4.46665549e-01]
 [ 1.08168294e+00 -5.20669683e-01 -9.39748110e-02  1.39353137e+00
  -4.46743116e-01 -9.22656572e-01 -9.59074619e-01  1.09944691e+00
   1.05459703e+00  8.16268224e-01 -1.56686401e+00 -1.13328417e+00
   4.38031140e-01  4.44311145e-01  7.98600513e-01 -1.38383903e+00
  -7.14943382e-01  2.77046463e-01 -6.38851562e-02  8.92798277e-01]
 [ 9.00141101e-01 -9.31196814e-01 -1.59606955e-01  6.42042251e-01
   2.70033930e-01 -2.89328079e-01  2.29210338e-01 -3.79374730e-01
  -1.47922539e+00 -4.86356505e-01  7.20959650e-02 -1.25471395e+00
  -7.23351049e-01  3.98236442e-01 -1.57148465e-02 -7.63421606e-01
   2.76142743e-02 -8.88552148e-01 -1.14910522e+00 -3.10823305e-03]
 [-5.77284428e-01  1.17005981e+00  7.51861352e-01  1.48460299e-01
  -1.23600337e+00  1.31486882e+00  2.78201495e-01  1.12282830e+00
   1.26616600e+00  1.00191512e-01  2.36311209e-01 -8.74849210e-01
  -2.06113841e-01  2.98625897e-01 -4.39391287e-01  4.29573212e-01
  -5.36532933e-01  3.74434687e-03  1.03414273e+00  7.19804268e-01]
 [ 1.33116373e+00 -7.45474034e-01 -9.29626627e-01 -6.05315079e-01
  -5.64359784e-01  1.08267226e+00  3.93972073e-01  6.71128994e-01
   8.82157942e-01  9.28742344e-01  2.54173042e-01  9.52797272e-01
  -2.80022943e-01 -4.69405790e-01 -4.07900668e-01 -4.09172828e-01
  -2.99412947e-01  6.01275233e-02  8.20517806e-01  1.02664329e+00]
 [ 1.24010628e+00  6.10058478e-01  9.75710575e-01 -1.32875208e+00
  -1.26400813e+00  2.73678246e-01 -5.51157954e-01 -1.70656870e-02
   1.60222520e+00  1.23770238e+00  1.88029227e-01  4.93102489e-01
   1.33835849e+00  2.16007317e-01  4.54915565e-01  1.50163976e+00
  -1.08693073e+00  1.15249446e+00  2.52445943e-02  2.75664268e-01]],[[ 0.1809758   0.48745319  0.2651353   0.3695596  -0.17595555  0.16997564
  -1.1533416  -0.31398776  0.70874227 -1.24999939  2.20161797 -1.36375676
   2.14379729  0.69692707 -0.98938582  0.70918066]
 [ 1.68718808 -1.65711422  0.8267081  -0.20275086 -0.47047912 -0.89691916
   0.13405935 -0.01637494  0.53706118  0.84284015  0.56941764 -0.58392179
   0.47058406 -0.20930218 -0.61466241 -0.71129472]
 [-0.05874304  0.0360871  -1.13909892 -1.41435639 -0.58247313 -0.78121442
  -0.08440183 -0.10063173 -0.91406277 -0.62492633 -0.42368986 -1.41306939
   0.05080966  0.56063441  0.54452536 -0.49087801]
 [ 0.805376    0.39682755  1.04072739  0.54883209 -0.74952582 -1.53121132
   0.92983991 -0.54358539  0.7749986  -2.60912834 -0.72745708  0.00811808
   0.508143   -0.90850517  0.44523657 -0.18215154]
 [-1.31295755 -0.20975316  0.30035256 -0.51134168 -0.4899611   0.47328819
  -0.14145599  0.15497281  0.66788059  0.4116969  -0.00784417  0.82366065
  -0.53172101  1.9774347  -1.48818925 -0.32005491]
 [ 0.15461983 -0.64288746  1.29112667  0.37197678  2.38821192  0.54665839
  -1.20000386  0.10310702 -0.29851299  0.63931749  2.13760584 -0.7733174
  -0.57714946  0.37255049  0.09530476 -0.23605578]
 [ 1.61762927 -1.4336307  -0.72150523  0.51052926  0.72560534 -0.07432613
   0.87277896  0.84052514  0.76893142  1.20285689 -1.2037347  -0.17921676
   0.91385408  1.01828269  0.32430572 -1.31930801]
 [-1.61287591 -0.48808848  0.9092166  -0.68793311  0.79244763  0.03322781
  -0.61846917 -0.07315489 -0.60155542 -0.63974174  0.04000569  0.46173655
   0.09675752  0.91855247 -0.51370359 -0.27217689]
 [ 0.25862056  0.24775874 -0.48421686  0.48876708  1.37301205 -0.90626313
   0.28450902  0.17043307 -0.94549943  0.39433577 -0.09517142 -0.81815932
   1.50130528 -1.45979087 -1.28653139  1.83688481]
 [-0.77081224  1.80533018  0.29474297 -0.2050692   0.2876187   0.90905342
   0.54900477  1.29387999 -0.66924974 -1.8587704   0.90386147 -0.33405608
   0.10225669 -0.1389898   1.17884129 -1.9923927 ]
 [-0.39328029  0.95636086  0.2474077  -0.62560882 -0.74356187 -0.18119122
   0.63261012 -0.03412776 -0.34356335 -0.62574359  1.28248546  0.7024435
  -0.59700308  0.39299849  0.07601779  0.05392083]
 [-0.39649276  1.47588524 -0.20759114  0.02275037 -0.18198063 -0.26864417
  -0.02527778  0.30018827  0.28591044  1.74289908 -0.64337284  0.38573449
   0.51029412 -0.76342732  0.63534126 -0.94393343]
 [ 0.41546088 -0.85825521 -0.20379437  0.7735625   0.75131264  0.40287752
  -0.78845924 -1.37050561 -0.15686754  0.36541807 -0.79621875  1.18034739
  -0.59793621  0.65129187 -0.2468967  -1.57706826]
 [ 0.79442043 -0.27318712  0.67659704 -0.51759167 -0.53041909  1.01925557
   1.16502231 -0.69624754 -1.20292493 -2.17839975 -0.25728203  0.33259387
  -1.47264743 -1.14499515 -0.21558464 -0.65975459]
 [ 1.4293044  -1.31746042 -0.77414558 -1.18833988  0.79851934 -0.17555239
   0.16703735 -0.13841854 -1.51526539 -0.75903182  1.06383869 -0.73951275
  -1.33503385 -0.04185233 -1.19196724  1.41818327]
 [-0.56911315  0.52973709  0.66010718  0.96979462 -1.0410663   0.7038862
  -0.56642749  0.87664606 -0.51262083 -0.16738538  1.31125634  0.69778326
  -1.97615141  1.81018882 -0.22631493  1.52241568]
 [-0.50363863  0.0926907   1.33401566  0.23228355  0.52736768  0.93614173
   1.09879269  0.50046747  0.84110409 -0.39449699  0.32294332 -0.08177245
   0.56417527  0.16166731  0.71104885  0.80136092]
 [-0.55590488 -0.57247982 -1.42012901  0.42926302  0.47962905  0.50978663
  -0.88169525  1.61424861 -0.80728651  1.53228165  0.42877929  0.77380848
   0.31531567  0.38197278 -0.5476746   1.4009387 ]
 [-1.47641965  0.17081348 -0.15905155 -0.3566792   0.60258446 -2.05501532
   0.55699536  0.2939081   0.67212599  0.14794595 -0.42337066  1.17109805
  -0.85494916 -0.05243633 -0.43623851 -1.37196744]
 [ 0.55491137  0.51000459 -0.27250037 -0.92208589 -0.9269287  -0.39549958
   0.33268031  1.13657649  0.1340759  -0.57342779 -0.64720435 -0.20705832
  -1.57916473  0.45213808 -0.46242893  1.17852633]]