[[-3.71399301e-01 -7.50294093e-01  6.61944154e-02  7.52498837e-01
  -8.91230613e-01 -6.70837973e-01  1.86685887e-01  8.71632849e-01
  -7.14042325e-01 -2.61009607e-01 -3.56846591e-01 -2.91423280e-01
   1.03492262e+00 -1.02637043e+00  3.48340635e-02 -8.03678917e-01
   5.98076677e-01 -1.66826955e+00  5.47151979e-01 -4.86735911e-03]
 [-4.99464071e-01 -8.40203865e-02  7.48076642e-01  7.76664783e-01
   2.03062820e-01  1.35640437e-01 -1.71850846e+00 -1.52188400e-01
   4.53454285e-01 -4.64305163e-01  1.41296600e+00 -7.37775571e-01
   1.12635476e-01 -1.00783183e+00 -1.86863578e-01  4.42376210e-01
  -3.52983026e-01 -3.18995125e-02 -5.13764524e-01  3.96769727e-01]
 [ 4.06326356e-01 -2.05139241e-01  4.74826257e-01 -4.28734464e-01
  -8.80242309e-01 -3.84465608e-01 -2.73327359e-01 -4.01468527e-01
   1.38813672e+00 -1.02199999e+00 -6.90618481e-01 -1.73689635e-01
  -6.27820416e-01 -1.47798060e-01 -8.78868595e-01  1.30255440e+00
  -2.81741156e-01 -4.65502171e-01  8.49314238e-01 -2.19580454e-01]
 [ 5.25530745e-01  2.27434570e-01 -9.47269547e-01 -8.24292034e-01
  -1.14389691e+00  2.98805744e-02 -1.46366045e-01  6.51576931e-01
  -6.70300205e-01  9.64455343e-01  1.75468965e+00  8.58768393e-01
   2.19139309e-01  6.43756392e-01  1.35355813e+00 -7.39654919e-01
  -6.18050281e-01  5.78081119e-01 -5.36813654e-01 -6.90197805e-02]
 [-4.93377886e-01 -3.08665301e-02 -2.93529809e-01  1.00004927e+00
   1.69602609e-01  1.14287477e-01 -3.34253238e-02  9.66841890e-01
   6.40590582e-01 -5.09144390e-01 -9.95669620e-01  6.54053256e-01
  -1.12146616e+00 -1.67393022e+00  1.26283405e+00 -2.77514963e-01
  -1.88280953e-01 -4.14327022e-01 -1.61281570e-01 -6.33094607e-01]
 [ 7.79231630e-02 -7.32796282e-01  4.44779376e-01 -8.70961976e-01
   1.20179109e+00  2.87832008e-01 -4.57753756e-02  4.19884979e-02
   1.57138983e+00  4.34633113e-01  8.91479025e-02  2.08238410e-01
   1.10052584e+00 -1.28300725e+00 -1.25869645e+00 -1.30896582e+00
   9.99379253e-01 -6.54553975e-01 -7.90232089e-01  3.08013153e-01]
 [-9.19394755e-01 -6.41011997e-01  6.86853496e-01 -3.77599264e-01
  -9.89259072e-02  4.51362235e-01 -7.27127845e-01  9.00843805e-01
  -1.05130035e+00 -4.74491313e-01  1.42754421e-01  1.17059533e+00
  -8.80041400e-02  6.54322832e-01 -4.66461629e-02 -9.35472725e-01
  -2.25280172e-01  9.40111552e-01 -7.97649539e-01  2.42732408e-01]
 [-1.69085282e-01 -2.97847901e-01  2.06059721e-01  1.33473604e+00
   6.20965184e-01 -3.68180950e-02  8.96596696e-01 -2.64814069e-01
  -1.97764424e-02 -6.35766035e-01 -8.79458506e-01  6.17783728e-01
   7.92440046e-01 -1.08385578e+00 -2.45474266e-01 -5.23604984e-01
  -8.76539062e-01 -5.23871874e-01  1.18619826e+00  2.21194850e-01]
 [-3.76950530e-01  7.29129472e-01  6.25463549e-01  6.52347344e-01
   5.35160159e-01 -1.79170273e+00 -2.91293882e-01  1.30756191e-02
   6.39247992e-01  3.30849678e-01 -4.09046726e-01 -2.50240511e-01
   6.18765531e-01 -6.87672766e-01 -9.71020819e-01  7.82131935e-01
   2.77646717e-01  1.65952134e+00 -1.39562868e-01  1.18420116e-01]
 [-6.09576333e-01 -5.39111301e-01 -2.59480181e-01  4.30630040e-02
  -6.75715700e-01  1.22236191e+00  1.45872988e+00 -8.84568055e-01
   1.95854656e-01  5.63022726e-02  5.86088015e-01  2.22916534e-01
   8.67538663e-01 -7.54789627e-01  2.26138571e-01  3.24754521e-01
   2.00557609e-01  1.13670973e-01 -3.49974925e-01  5.67217353e-01]
 [-3.49626574e-01 -5.57638849e-01  1.43680292e+00  4.20075685e-01
  -9.46162296e-01 -6.75517403e-01 -1.35193171e+00  1.14874368e+00
  -6.58361972e-01 -7.64080697e-01  8.97330454e-01  5.79652296e-01
   1.35892327e+00 -1.32099643e+00 -1.02773681e-03 -3.17838379e-01
   2.62211572e-01  8.03833541e-01  8.51103629e-01  6.97210553e-01]
 [ 8.30134346e-01 -7.80363438e-01  6.01420877e-01 -6.58838774e-01
  -2.02904434e-02 -7.83473798e-01  6.16258062e-01  7.14055568e-02
   5.02398073e-01  1.38543189e+00 -3.26308610e-02 -4.19864748e-01
   4.29321975e-01 -4.05605915e-01 -8.33287276e-01  5.76328023e-01
  -7.50504235e-01  1.30863174e+00 -6.54271602e-01  1.03872799e+00]
 [ 1.06696715e+00 -1.39908385e+00 -1.72472748e-01 -5.43353514e-01
   7.61192373e-02 -9.34790992e-01 -1.94665999e-01 -7.20205400e-01
   6.42354630e-01 -8.14381484e-01  4.48188632e-01 -7.80248162e-01
  -1.67176700e-01  2.10207082e-01  8.14289505e-02  6.46095139e-01
  -3.78665263e-01  4.65227938e-01  2.06745823e+00  3.64972322e-01]
 [-1.06857080e+00 -6.97906221e-02 -3.90738599e-01 -6.92671081e-01
   6.79810525e-01 -1.17994637e+00 -6.06465532e-01 -4.07578929e-01
   4.18278517e-01 -5.97459098e-01 -3.41927177e-01 -9.17100333e-02
   9.82073535e-01  1.56352254e+00  8.55954722e-01  8.59674564e-01
  -1.04601802e+00 -3.60958905e-01 -4.37440427e-01 -4.15870714e-01]
 [ 3.81157110e-01  5.92974534e-01 -6.81741616e-01  6.80532300e-01
  -3.81888157e-01 -1.19055189e+00 -1.73021130e-01 -7.23318277e-02
   4.60680625e-01 -1.09653032e+00 -4.14237370e-01  9.29317037e-02
   4.04023457e-01 -9.13267245e-01  6.48381954e-01 -1.23441802e-01
   2.72066335e-01 -6.40371807e-01 -1.48436641e+00 -7.24242569e-02]
 [ 7.25487001e-01 -7.88456279e-01 -1.05185268e-03 -3.82458265e-01
  -4.14014326e-01  6.49344743e-01  1.52682247e+00  6.43148685e-01
   5.35671322e-01  1.17702206e+00 -2.22804247e-01 -1.90388440e-01
   8.46619199e-01  7.12536596e-02  5.01255147e-01 -1.34699796e+00
  -9.65699452e-01  1.23944994e+00  3.68244341e-01 -1.52446603e+00]
 [ 2.11912511e-01  6.92760190e-01  4.31644832e-01  6.99227219e-02
   1.01379257e+00 -6.23097661e-01  1.24823772e+00 -1.32098654e-02
   8.26042628e-02  4.45958772e-01  2.14134910e-01  6.16145871e-01
  -9.82326719e-01 -2.67779917e-01 -6.55925433e-01  8.60707386e-01
  -4.28432174e-01 -6.73972195e-01 -2.20223260e-01  1.51106055e-01]
 [-6.22879183e-01 -1.21308254e-01 -5.40281155e-01 -3.27709079e-01
  -5.80884857e-01 -9.42161029e-01  3.30870559e-01 -4.94432052e-01
   5.34294139e-01  6.40113238e-01 -6.96220954e-01 -2.30680130e-01
   1.76255238e-01  1.27725247e+00 -8.98650387e-02 -1.20572999e+00
  -6.22582947e-01  3.94046779e-01  1.08788427e+00  9.14844536e-01]
 [-4.12668690e-02 -1.18106592e+00  6.07162963e-01  4.89275787e-01
   8.59856805e-01  7.81199426e-01 -3.91357224e-01  6.96511336e-01
  -4.46568085e-01 -1.33984369e+00 -1.53833712e-01 -8.28513366e-01
   9.81271317e-01  5.09806765e-01 -4.50707294e-01 -6.12563424e-01
  -6.65956970e-01 -4.42930537e-02  5.58790654e-01  4.86637360e-01]
 [ 7.04466455e-01  6.31713269e-01 -5.07581641e-01  8.52298800e-01
  -3.59174477e-01 -4.38154444e-01 -2.09603951e-01  7.01740511e-02
  -1.94846173e-01 -9.96189883e-01 -1.74860584e-01  3.92523593e-01
  -5.35035445e-01  1.83616763e-01 -2.80733246e-02 -1.10330283e+00
  -5.64303726e-01 -1.23859282e-01 -6.48290725e-01  3.94754975e-02]
 [-3.01327374e-01 -2.95819594e-01 -2.26172387e-02 -5.13423566e-01
   3.43885189e-01 -1.15976161e+00 -3.94304844e-01  4.54833384e-01
  -4.25082850e-01  9.13208956e-02 -1.12535408e-01 -3.76639133e-01
   7.80602519e-01 -5.56438884e-01 -8.68996839e-01 -3.90467033e-01
  -3.47511965e-01 -9.32517456e-01 -1.73781021e+00  1.11700950e+00]
 [ 1.97183722e-03 -3.75087587e-01  8.72336358e-01  2.78511983e-01
   1.60533530e-01  6.62450921e-01 -4.23504340e-01 -1.10854676e+00
   4.63531473e-01  6.60631669e-01 -1.21114889e+00  1.26544682e-01
   1.46653136e+00 -6.95209460e-01 -2.90192556e-01 -1.26117006e+00
   7.39160042e-01  5.14098281e-01  5.27950232e-01  2.84890436e-01]
 [ 1.23244139e-01 -9.62272146e-01  2.93371800e-01  8.43018268e-01
  -2.99342983e-01 -1.10041059e+00 -1.00087101e-01  1.42143451e+00
  -2.91992977e-02  5.42035131e-01 -1.75239565e-01  2.74648775e-01
  -1.61317720e+00  5.42083616e-01  3.07533903e-01  9.17022318e-01
  -2.01487919e-01 -6.70238807e-01 -2.96194721e-01 -2.35811144e-01]
 [ 1.23720810e+00 -2.78626768e-02  6.70529276e-01 -4.55526697e-01
  -8.05294443e-01 -1.23144178e+00 -6.61965369e-01  8.06838705e-01
  -9.30571852e-01 -8.17218855e-01  5.53367867e-01  3.35214788e-01
   3.18693743e-01 -1.86680083e-01  5.88959029e-01  1.13450312e+00
  -9.36736235e-02 -3.33529063e-01 -1.28126811e-01 -8.24010718e-01]
 [-6.16568038e-01 -1.06600454e+00  7.15376665e-01  4.63506144e-01
  -7.43067300e-01 -3.14941683e-01 -4.42197378e-01 -1.26955957e+00
  -2.22934663e-01 -2.36217570e-01 -4.62199287e-01  3.69523327e-01
   6.09227675e-01  2.00766089e-01  9.20420947e-01 -3.56238212e-01
  -1.64675432e-01  6.47540442e-01  6.17533652e-01 -1.36486636e+00]
 [ 3.77578146e-01 -5.58999226e-01  6.19723631e-01  9.54802238e-01
  -9.83520950e-01 -5.35794748e-01  3.39944605e-01 -2.82498097e-01
  -6.11168360e-01 -1.14460294e+00 -5.74347015e-01  4.29709225e-02
  -1.75120384e-01 -4.03469992e-01 -9.92267352e-01 -2.18141439e-01
  -1.41833926e-01  1.67533924e-01  2.36685632e-01 -6.54426370e-01]
 [-4.59481514e-01  4.24509963e-01  7.29012218e-01  1.31402060e+00
   4.25754480e-01 -7.69648053e-01 -4.35099579e-01 -5.89865438e-01
  -2.44912153e-01 -3.75615621e-01 -8.47174801e-01  2.11186011e-01
   1.32500052e-01 -5.86868149e-01  4.09964155e-01  8.33316978e-01
   3.49292922e-02  7.88749719e-01 -7.50952766e-01  4.53305968e-01]
 [ 2.64603004e-01  1.02038560e-01 -6.08287554e-01 -5.43313640e-01
  -1.33999150e+00 -1.11957218e-01  2.91162473e-01 -8.66651725e-01
  -6.59467711e-04 -1.25347503e+00 -6.16181362e-01  3.90088803e-01
  -4.61612384e-01  1.77991479e-01 -1.27889986e+00  1.47122334e-01
  -7.72595757e-01  3.33033952e-01  3.03891097e-01  4.92504433e-01]
 [ 1.46412321e+00 -7.74641610e-03  3.85555615e-01  3.57482432e-02
  -2.87987562e-01 -1.13274850e+00  1.42781932e-01  9.42973675e-01
  -7.38409942e-01  9.79692334e-01 -3.92462512e-02 -2.97389213e-01
  -6.94815554e-01 -3.81094883e-01  7.89267950e-01  4.01519294e-01
   3.14556481e-01  1.51663724e+00 -6.39402298e-03  1.50664951e-01]
 [ 9.40372038e-01  5.66095274e-01  7.35773676e-01  7.53534409e-01
  -6.56733954e-01 -4.57418079e-01 -1.63470853e+00 -1.30031155e+00
  -1.09716387e-01  1.43385415e-01 -5.60889173e-01  1.22119736e+00
   1.21229700e+00 -1.49530191e-01 -2.46614817e-01  7.61113657e-01
  -7.65856022e-01  6.19051755e-01 -4.73947540e-01  4.90626742e-01]
 [-5.48561288e-02  4.63045288e-01 -9.31971219e-02  7.69526765e-01
  -1.76085685e-01 -8.70729172e-01 -5.59152874e-01  4.77832192e-01
   4.25638916e-01 -7.42258316e-01 -5.99397934e-01 -6.16056357e-01
   3.00925807e-01 -3.69108311e-01  4.34257611e-01  2.63838822e-01
   6.28422109e-01 -3.52639959e-01 -1.23211223e+00 -3.77562835e-01]
 [ 1.04003480e+00 -1.30529087e+00 -3.50360670e-01  4.18810041e-02
  -9.87001242e-01 -1.39726698e+00 -2.58909256e-01  6.83429441e-01
   5.52930981e-01  6.77973762e-01 -1.61823247e+00 -1.21906001e+00
   4.39509694e-01  5.08638409e-01  3.78277308e-01 -7.33929307e-01
   2.89876679e-01  1.15971272e+00  4.24710989e-01  9.22363807e-01]
 [ 1.35187162e+00 -1.03986734e+00 -1.59606955e-01  1.99464087e-01
   1.42051332e-01 -4.97842710e-01 -1.35759268e-01 -3.26573373e-02
  -1.05158367e+00 -8.79051654e-01 -4.77057300e-01 -1.02540357e+00
  -6.49223422e-01  5.13337790e-02  4.97092323e-02 -9.76414744e-01
  -5.92731768e-01 -7.26055092e-01 -1.04121758e+00 -4.95253747e-02]
 [-4.46007500e-01  1.10348146e+00  7.37520904e-01 -2.31713919e-01
  -7.74523021e-01  1.54600627e+00  1.01676985e-01  7.32321975e-01
   1.09316041e+00  3.00510731e-01  3.53989463e-01 -4.33275700e-01
  -1.10634452e-01  6.84241962e-01 -6.20072693e-01  6.61205800e-01
  -5.60498749e-03 -5.52477675e-01  3.21218751e-01  7.19804268e-01]
 [ 7.79604607e-01 -9.48066067e-01 -1.20609603e+00 -7.47256415e-01
  -8.69343354e-01  1.84725294e-01  1.05077793e+00  1.03674298e+00
   1.35598287e+00  5.30647485e-01  2.54173042e-01  4.98890164e-01
  -2.54767276e-01 -1.13764313e-01 -7.42075160e-01  2.56997671e-01
  -5.49777630e-01  1.25407768e-01  6.34183469e-01  7.48787381e-01]
 [ 1.03341019e+00  5.21226684e-01  3.53724473e-01 -4.97972860e-01
  -1.14693657e+00  1.13866447e+00 -5.87643683e-03 -3.37836067e-01
   5.82780294e-01  1.00905311e+00 -2.02892173e-02  6.37649278e-01
   8.90995225e-01  1.82803720e-01  4.54915565e-01  8.33860693e-01
  -1.08693073e+00  9.93908174e-01  2.52445943e-02 -1.32165562e-01]],[[-0.15003669  0.31184735 -0.08546754 -0.14158141 -0.21635549  0.87786117
   0.74902501  0.44206959  1.04276653 -1.24999939  1.86929992  0.17887575
   0.53508379  0.63209011 -0.47428659  0.51841836]
 [ 0.53210088 -0.24503692  0.60843622  0.11188826 -1.04457407 -0.27564617
  -0.59824671  0.20848335 -0.92118212 -0.30818998  0.91521829  0.84738258
   0.74256521  2.06128085 -0.7942014  -0.75390208]
 [ 0.85120198 -0.22141847 -1.26983765 -1.01243567  0.24856426 -0.22026849
   0.07591144 -0.16760225 -0.21878165 -0.70917171  0.14726431 -0.78582026
   1.29868408  0.71949001 -0.10163659 -0.59335117]
 [-0.09936601  0.29779301  1.129812    0.20384876 -0.32286046 -1.0831595
   0.14410385 -0.25857283  1.4486146  -2.59303995 -0.91258781  0.13930698
   0.73079241 -0.49894472  0.85545458  0.0189522 ]
 [-0.80296121  0.41511484  0.31263105 -0.40111315 -0.59754435  0.4051488
  -0.60083682  2.19641891  0.6828884   0.18543651 -0.61545536 -0.72145901
   0.87939115  1.78408576 -1.97597323 -0.0247124 ]
 [ 1.03063151  1.63918158  1.45874577 -0.00683715  1.39789099  0.21690275
  -0.65441356 -0.12776342  1.15168721  0.75231678  1.49880066  0.38609322
  -1.09996363 -0.1052299  -0.08232159 -0.14500249]
 [ 0.17327535 -0.71070765  0.29502554  0.49072873 -0.02766802  0.34424784
   1.47047759  0.95990068  1.73314174  0.9390311   0.3770077  -0.25121933
   0.50528644  0.35470171 -0.26226965  0.085038  ]
 [-1.40579578  0.32678239 -0.06649454  0.16074207 -0.60262226 -0.1094283
   0.43149659 -1.03484302 -1.01775176  0.21927565  0.18533594 -0.07259957
   0.26644593 -0.08164065  0.28023098 -0.63445459]
 [ 0.24924785  1.31095705  0.32053227  0.02232218  1.20482116  0.48217172
  -0.22171636 -0.99809126 -1.03397717  1.01442016  0.25230554 -0.85370815
   0.53561903 -0.90947778 -0.26918541  0.57329763]
 [ 0.37452305  0.24150402  0.91416756 -0.25512972 -0.13967824  0.02969105
   1.52493905  0.74590825  0.17729889 -1.06909895 -0.42696352 -0.82201461
   0.40608539  0.01090763  0.13825916 -1.519173  ]
 [-0.23248087  0.54500534  0.5282569  -0.49111831 -1.34381652 -0.0154146
   0.88189489 -0.55619892 -0.15112347 -0.61614548  0.94401338  1.07470532
  -0.54002954 -0.60745232 -0.39391987 -0.50997549]
 [-0.48048215  0.20281763  0.81088315  0.68008071 -0.59975083  0.38938626
   0.27544021  0.40817374 -1.07682124  0.74699746  0.05125845  0.97523242
  -0.21897493  0.03554652  0.24085432 -0.51387418]
 [-0.08231086 -1.33828414 -1.95896999  0.6279491   0.6097963   0.06146502
  -0.04092458 -1.04339003 -0.27132094  1.13024883  0.06907345  0.3504652
  -0.76191332  0.64020225  1.06807738 -0.73929874]
 [ 0.52469191 -0.03504563  0.10781058 -0.52109052 -1.21909962  0.61472472
   0.91849869  0.57988099 -0.06403174 -1.12659338  0.17386834 -0.04402832
  -0.91316541 -1.17581239  0.49575284 -2.20049182]
 [ 1.45774553 -1.70695833  0.13750008 -1.50048897  0.30326995 -1.03736631
  -0.26275499 -0.7392477  -1.18516798 -0.44635253  1.37772623 -0.37914553
  -1.01907019  0.12568096  0.56329739  1.73365002]
 [-0.37799849 -0.27537148  0.06361326 -0.58224277  0.7541772  -0.47315193
  -0.51002089  1.34857721 -0.67364614 -0.01353676  0.74326809  0.2547284
  -0.23688599  1.73268848  0.14521395  0.88277371]
 [-0.35803446  0.14249891  2.10115806 -0.15204154  0.72480057 -0.84800119
   0.17889792 -0.21957168  1.33122237 -0.77176675 -0.40293719 -0.49333689
   0.97333752  0.10620264  0.06468757  0.65123853]
 [ 0.88557389 -1.90292525  0.27254531  0.51840867 -0.42790291  0.24388933
  -0.48861191 -0.28402733 -0.33246687  1.15805955 -0.6876381   0.72503593
   0.45437841 -0.10611544  0.25359234  1.07244867]
 [-1.69048035 -0.01997515 -0.22912468 -1.31725938  0.63707599 -0.86923461
  -0.29835939 -0.46798261  1.35099128 -0.4385122  -0.77168191  1.12478216
  -0.65347664 -0.96013025 -1.4582794  -0.98178495]
 [ 0.01001099  0.87645974  0.43039498 -0.55859478 -0.24915742 -0.64536293
  -0.63637652 -0.41011949 -0.2097307  -2.22166259 -0.96878567  0.03916897
  -0.29595536  0.71634226  1.12676658  0.43521874]]