[[-3.71399301e-01 -7.50294093e-01  6.61944154e-02  9.46026555e-01
  -4.36962194e-01 -6.70837973e-01  1.86685887e-01  8.71632849e-01
  -7.14042325e-01 -2.61009607e-01 -3.56846591e-01 -2.91423280e-01
   1.29893424e+00 -1.02637043e+00  3.48340635e-02 -1.07006486e+00
   5.98076677e-01 -1.39787313e+00  5.47151979e-01 -4.86735911e-03]
 [-9.18799216e-02 -8.40203865e-02  7.48076642e-01  8.89413096e-01
   2.03062820e-01  1.35640437e-01 -1.39290253e+00  2.08762344e-01
   1.06152384e-01 -3.16009452e-01  1.41296600e+00 -9.77732194e-01
   1.12635476e-01 -1.00783183e+00 -1.86863578e-01  4.42376210e-01
  -3.52983026e-01 -3.18995125e-02 -5.13764524e-01  3.96769727e-01]
 [-5.96282789e-02 -2.05139241e-01  4.74826257e-01 -4.28734464e-01
  -8.80242309e-01 -3.84465608e-01 -2.73327359e-01 -4.01468527e-01
   1.38813672e+00 -9.62188881e-01 -6.90618481e-01 -1.73689635e-01
  -4.17952996e-01 -4.72114978e-01 -8.78868595e-01  1.59168995e+00
  -9.93269415e-01 -6.67913900e-02  8.73756315e-01 -2.19580454e-01]
 [ 5.25530745e-01  2.78460210e-01 -9.47269547e-01 -8.24292034e-01
  -1.14389691e+00  2.98805744e-02 -1.46366045e-01  6.51576931e-01
  -6.70300205e-01  9.64455343e-01  1.75468965e+00  8.58768393e-01
   2.19139309e-01  6.43756392e-01  1.35355813e+00 -7.39654919e-01
  -1.02575007e+00  5.78081119e-01 -8.99477017e-01 -6.90197805e-02]
 [-4.93377886e-01 -3.08665301e-02 -2.93529809e-01  1.00004927e+00
   1.69602609e-01  1.14287477e-01 -3.34253238e-02  9.66841890e-01
   6.40590582e-01 -7.27937941e-01 -9.95669620e-01  5.57463998e-01
  -1.12146616e+00 -1.37306619e+00  1.26283405e+00 -2.77514963e-01
  -4.55039547e-02 -4.14327022e-01 -1.61281570e-01 -6.33094607e-01]
 [ 7.79231630e-02 -1.21097082e+00  4.44779376e-01 -8.70961976e-01
   1.20179109e+00  1.84020580e-02 -4.57753756e-02  4.19884979e-02
   1.57138983e+00  4.34633113e-01  8.91479025e-02  2.08238410e-01
   1.10052584e+00 -1.28300725e+00 -1.25869645e+00 -8.41046973e-01
   9.99379253e-01 -4.22589681e-01 -7.90232089e-01  3.08013153e-01]
 [-1.16339223e+00 -6.88104864e-01  6.86853496e-01 -3.77599264e-01
  -5.69105947e-01  4.51362235e-01 -7.72636098e-01  1.24602667e+00
  -1.05130035e+00 -4.74491313e-01 -2.92965654e-01  1.17059533e+00
  -8.80041400e-02  6.54322832e-01 -4.66461629e-02 -1.00526608e+00
  -2.25280172e-01  9.40111552e-01 -7.97649539e-01  4.75984158e-01]
 [-5.57072015e-01 -2.97847901e-01  2.06059721e-01  1.33473604e+00
   6.20965184e-01 -3.68180950e-02  8.96596696e-01 -2.64814069e-01
  -1.97764424e-02 -9.03922639e-01 -5.01987889e-01  4.07279804e-01
   7.92440046e-01 -1.18174751e+00 -3.26998341e-01 -5.23604984e-01
  -1.18155331e+00 -5.23871874e-01  1.18619826e+00  2.21194850e-01]
 [-3.76950530e-01  7.29129472e-01  6.25463549e-01  6.52347344e-01
   5.35160159e-01 -1.79170273e+00 -3.24702643e-01  1.30756191e-02
   6.39247992e-01  1.05454959e+00 -4.09046726e-01 -2.50240511e-01
   6.18765531e-01 -6.87672766e-01 -9.71020819e-01  7.82131935e-01
   6.04469791e-01  2.08707449e+00 -1.39562868e-01  4.89333108e-01]
 [-6.09576333e-01 -5.39111301e-01 -2.59480181e-01  3.57551329e-01
  -6.75715700e-01  1.22236191e+00  1.17452495e+00 -8.84568055e-01
   5.67770763e-02  2.30193453e-01  5.86088015e-01  2.22916534e-01
   1.34014327e+00 -7.54789627e-01  2.26138571e-01  1.93718014e-01
   2.00557609e-01 -1.94599475e-02 -3.49974925e-01  5.67217353e-01]
 [-4.64427058e-01 -5.57638849e-01  1.43680292e+00  4.20075685e-01
  -9.46162296e-01 -6.75517403e-01 -1.35193171e+00  1.14874368e+00
  -6.58361972e-01 -7.64080697e-01  8.97330454e-01  5.79652296e-01
   1.35892327e+00 -1.32099643e+00 -1.02773681e-03 -3.17838379e-01
   2.62211572e-01  8.03833541e-01  8.51103629e-01  6.31152128e-01]
 [ 8.30134346e-01 -1.03392003e+00  3.90584321e-01 -6.58838774e-01
  -2.02904434e-02 -7.83473798e-01  5.74818247e-01  7.14055568e-02
   5.02398073e-01  1.38543189e+00 -3.26308610e-02 -4.19864748e-01
   4.29321975e-01 -1.18672737e-01 -3.43751351e-01  5.76328023e-01
  -7.50504235e-01  1.89942863e+00 -6.54271602e-01  1.52631312e+00]
 [ 1.44108433e+00 -1.39908385e+00 -1.72472748e-01 -5.43353514e-01
   4.43674529e-01 -9.34790992e-01  2.75830506e-02 -7.98271391e-01
   1.08061145e+00 -3.72480414e-01  4.48188632e-01 -7.80248162e-01
   1.68641089e-01  6.00392172e-01  8.14289505e-02  6.46095139e-01
  -3.78665263e-01  4.65227938e-01  2.06745823e+00 -6.85764168e-02]
 [-1.06857080e+00  1.94926127e-02 -3.44706686e-01 -6.92671081e-01
   6.79810525e-01 -1.17994637e+00 -6.06465532e-01 -8.53695193e-01
   3.98503960e-01 -5.97459098e-01 -4.43041474e-01  5.18024546e-01
   9.82073535e-01  1.87050399e+00  8.55954722e-01  8.59674564e-01
  -1.04601802e+00 -3.60958905e-01 -4.37440427e-01 -4.15870714e-01]
 [ 3.81157110e-01  5.92974534e-01 -6.81741616e-01  4.55667151e-01
  -3.81888157e-01 -1.19055189e+00 -6.56917810e-01 -7.23318277e-02
   4.60680625e-01 -9.39909989e-01 -4.14237370e-01  9.29317037e-02
   4.04023457e-01 -9.13267245e-01  3.61514176e-01 -1.23441802e-01
  -1.36954135e-01 -6.40371807e-01 -1.48436641e+00 -7.24242569e-02]
 [ 7.25487001e-01 -7.88456279e-01 -1.05185268e-03 -3.82458265e-01
  -4.14014326e-01  6.49344743e-01  1.52682247e+00  6.43148685e-01
   5.35671322e-01  1.57805228e+00 -2.22804247e-01 -1.90388440e-01
   8.46619199e-01  1.51454096e-01  4.76573427e-01 -1.34699796e+00
  -9.65699452e-01  1.23944994e+00  4.71319298e-01 -1.52446603e+00]
 [ 2.11912511e-01  8.16500373e-01  4.31644832e-01  6.99227219e-02
   8.85145401e-01 -1.41566404e+00  1.24823772e+00 -1.32098654e-02
   5.58392945e-01  4.45958772e-01  2.14134910e-01  6.16145871e-01
  -9.82326719e-01 -2.67779917e-01 -6.55925433e-01  8.60707386e-01
  -4.28432174e-01 -6.73972195e-01  3.02533462e-01  1.51106055e-01]
 [-6.22879183e-01 -1.21308254e-01 -5.40281155e-01 -1.81641647e-01
  -7.25623310e-01 -9.42161029e-01  3.30870559e-01 -4.94432052e-01
   5.34294139e-01  6.40113238e-01 -6.96220954e-01 -2.30680130e-01
   1.76255238e-01  1.27725247e+00 -8.98650387e-02 -1.20572999e+00
  -6.22582947e-01  3.94046779e-01  1.08788427e+00  9.14844536e-01]
 [-4.12668690e-02 -1.50607805e+00  1.11782077e-01  4.89275787e-01
   5.84892795e-01  1.00737321e+00 -2.10532679e-01  8.07837532e-01
  -4.46568085e-01 -9.55606788e-01 -1.53833712e-01 -8.28513366e-01
   9.81271317e-01  8.12736400e-01 -4.50707294e-01 -4.68133843e-01
  -6.65956970e-01 -4.42930537e-02  5.58790654e-01  2.64586573e-02]
 [ 8.57155867e-01  6.31713269e-01 -5.07581641e-01  6.49928659e-01
  -3.59174477e-01 -8.18263272e-01 -5.86405426e-01  7.01740511e-02
  -1.94846173e-01 -9.96189883e-01 -2.18498254e-01  3.92523593e-01
  -5.35035445e-01  1.83616763e-01  2.26560030e-01 -1.10330283e+00
  -5.64303726e-01 -1.23859282e-01 -6.30655557e-01  3.94754975e-02]
 [-3.01327374e-01 -2.95819594e-01 -2.26172387e-02 -4.56105722e-01
   3.43885189e-01 -1.15976161e+00 -8.14484638e-01  4.54833384e-01
  -4.25082850e-01  4.73985075e-01 -1.12535408e-01 -3.76639133e-01
   7.80602519e-01 -5.56438884e-01 -4.64282057e-01 -3.90467033e-01
   7.15991839e-02 -9.32517456e-01 -1.73781021e+00  1.11700950e+00]
 [ 1.97183722e-03 -3.75087587e-01  8.72336358e-01  2.78511983e-01
   1.60533530e-01  6.51581233e-01 -4.23504340e-01 -1.10854676e+00
   4.63531473e-01  6.60631669e-01 -1.21114889e+00  1.26544682e-01
   1.46653136e+00 -6.95209460e-01 -2.90192556e-01 -1.26117006e+00
   6.83884255e-01  5.14098281e-01  5.27950232e-01  2.84890436e-01]
 [ 1.23244139e-01 -1.35655208e+00  7.92613870e-01  8.43018268e-01
  -2.32927204e-01 -1.10041059e+00 -1.00087101e-01  1.74051555e+00
  -2.91992977e-02  5.42035131e-01 -1.75239565e-01  2.74648775e-01
  -1.12382302e+00  5.42083616e-01  7.88184488e-01  9.17022318e-01
  -2.01487919e-01 -6.70238807e-01 -2.96194721e-01  2.26063477e-01]
 [ 1.34929975e+00 -2.78626768e-02  6.70529276e-01 -4.55526697e-01
  -8.05294443e-01 -1.23144178e+00 -6.20421521e-01  8.06838705e-01
  -9.30571852e-01 -8.17218855e-01  5.53367867e-01  3.35214788e-01
   6.70814153e-01 -6.09515614e-01  5.88959029e-01  1.00866222e+00
  -3.17645906e-01 -3.33529063e-01 -1.28126811e-01 -8.22938307e-01]
 [-6.16568038e-01 -1.06600454e+00  7.15376665e-01  4.63506144e-01
  -7.43067300e-01 -3.14941683e-01 -5.76649866e-01 -8.95386173e-01
  -2.22934663e-01 -2.36217570e-01 -7.53392607e-01  3.69523327e-01
   1.58891939e-01  2.00766089e-01  8.07037305e-01 -3.56238212e-01
  -1.64675432e-01  1.04226978e+00  6.17533652e-01 -1.36486636e+00]
 [ 3.77578146e-01 -5.58999226e-01  6.19723631e-01  9.54802238e-01
  -9.83520950e-01 -2.09370440e-01  8.10660961e-01 -2.82498097e-01
  -1.04038946e+00 -1.14460294e+00 -5.74347015e-01  4.29709225e-02
  -6.49283977e-01 -4.03469992e-01 -9.92267352e-01 -2.18141439e-01
   2.74978666e-01  1.67533924e-01  2.36685632e-01 -6.54426370e-01]
 [-4.59481514e-01  2.03060629e-01  7.29012218e-01  9.47132772e-01
   4.25754480e-01 -7.69648053e-01 -5.55479657e-01 -5.89865438e-01
  -5.93941954e-01 -3.75615621e-01 -8.47174801e-01  2.11186011e-01
   1.32500052e-01 -5.86868149e-01  4.09964155e-01  8.33316978e-01
   2.82121253e-01  7.88749719e-01 -7.50952766e-01  4.53305968e-01]
 [ 4.30521378e-01  1.02038560e-01 -6.08287554e-01 -5.43313640e-01
  -1.33999150e+00 -1.11957218e-01  2.91162473e-01 -8.66651725e-01
   2.13076331e-01 -1.51158904e+00 -4.00972253e-01  3.90088803e-01
  -3.36272424e-01  4.94618261e-02 -1.27889986e+00 -1.74155037e-01
  -4.38248612e-01  3.33033952e-01  6.39688078e-01  4.92504433e-01]
 [ 1.46412321e+00 -7.74641610e-03  3.85555615e-01  3.57482432e-02
  -2.87987562e-01 -1.10970596e+00  1.42781932e-01  1.16438881e+00
  -8.11501490e-01  9.79692334e-01 -3.92462512e-02 -2.97389213e-01
  -6.88040814e-01 -3.81094883e-01  7.89267950e-01  4.01519294e-01
   5.31190991e-01  1.51663724e+00 -6.39402298e-03  6.25178137e-01]
 [ 9.40372038e-01  5.66095274e-01  7.35773676e-01  7.53534409e-01
  -6.56733954e-01 -4.57418079e-01 -1.63470853e+00 -1.30031155e+00
  -1.09716387e-01  1.43385415e-01 -8.09900611e-01  1.47519585e+00
   1.21229700e+00  1.38166087e-01 -2.46614817e-01  8.48505654e-01
  -7.65856022e-01  6.19051755e-01 -4.73947540e-01 -3.47567387e-01]
 [-5.48561288e-02  7.81091957e-01 -9.31971219e-02  7.69526765e-01
  -5.02938302e-01 -5.59785828e-01 -5.59152874e-01  4.77832192e-01
   4.25638916e-01 -4.21455459e-01 -3.84085010e-01 -6.16056357e-01
   3.00925807e-01 -3.69108311e-01 -2.75129346e-02  2.25176663e-01
   6.28422109e-01 -2.55886110e-01 -1.23211223e+00 -3.77562835e-01]
 [ 1.35761560e+00 -1.30529087e+00 -1.43517246e-01 -2.87053007e-02
  -9.87001242e-01 -1.39726698e+00 -2.58909256e-01  1.11307332e+00
   5.52930981e-01  6.77973762e-01 -1.61823247e+00 -1.21906001e+00
   4.39509694e-01  5.08638409e-01  3.78277308e-01 -7.33929307e-01
   2.89876679e-01  1.15971272e+00  4.24710989e-01  9.22363807e-01]
 [ 1.35187162e+00 -1.03986734e+00 -1.59606955e-01  1.99464087e-01
   1.42051332e-01 -9.92873777e-01 -1.35759268e-01 -3.26573373e-02
  -1.05158367e+00 -8.79051654e-01 -4.77057300e-01 -1.02540357e+00
  -6.49223422e-01  5.13337790e-02 -1.73189270e-01 -9.76414744e-01
  -1.95241939e-01 -7.26055092e-01 -1.32397175e+00 -4.95253747e-02]
 [-3.34935122e-01  1.46561939e+00  7.37520904e-01 -6.86959755e-01
  -6.24489114e-01  1.72193439e+00  1.01676985e-01  7.32321975e-01
   1.57323014e+00  3.00510731e-01  3.53989463e-01 -4.33275700e-01
  -1.10634452e-01  2.92422047e-01 -6.20072693e-01  6.26067602e-01
  -3.00920436e-01 -5.52477675e-01  3.21218751e-01  7.19804268e-01]
 [ 7.79604607e-01 -9.47792915e-01 -1.69225291e+00 -1.21190763e+00
  -4.60092646e-01  1.84725294e-01  1.05077793e+00  1.03674298e+00
   1.35598287e+00  5.30647485e-01  4.76752434e-01  4.98890164e-01
  -2.54767276e-01 -1.13764313e-01 -7.42075160e-01  2.56997671e-01
  -5.49777630e-01  1.25407768e-01  6.34183469e-01  4.83980662e-01]
 [ 7.43450761e-01  5.21226684e-01  3.53724473e-01 -4.97972860e-01
  -1.43030450e+00  1.13866447e+00 -5.87643683e-03 -3.37836067e-01
   5.82780294e-01  1.39980964e+00 -2.02892173e-02  6.37649278e-01
   1.18616732e+00  6.65328029e-01  4.54915565e-01  1.30774654e+00
  -1.08693073e+00  1.00096614e+00  2.52445943e-02 -1.32165562e-01]],[[-0.9183441   0.47535421 -0.2964738  -0.14158141 -0.39910856  0.43789029
   1.74912242  0.44206959  1.04276653 -1.66586529  2.78091427  0.17887575
   0.53508379  0.63209011 -0.47428659  0.51841836]
 [ 0.53210088 -0.61517282  0.60843622  0.66486575 -1.35346581 -0.27564617
  -0.30017251 -0.27557084 -0.92118212  0.06507396  1.29354798  0.39060626
   0.74256521  2.06128085 -0.7942014  -1.18231944]
 [ 0.85120198 -0.16940659 -1.63664683 -0.84677844  0.24856426 -0.22026849
  -0.13284541 -0.0530199  -0.21878165 -0.70917171  0.14726431 -0.38473791
   0.89027232  0.71949001  0.07034677  0.10216594]
 [-0.41247398  0.98194873  1.129812    0.29563719 -0.32286046 -0.74165636
   0.14410385 -0.43239199  1.89816152 -2.61301498 -0.71984711  0.13930698
   0.3143133  -0.01206519  0.85545458  0.0189522 ]
 [-0.80296121  0.37812129  0.27798575 -0.40111315 -0.59754435  0.4051488
  -0.68067507  2.19641891  1.00943558  0.18543651 -0.34860259 -0.7626158
   1.33589965  2.08934057 -1.97597323 -0.08843625]
 [ 1.03063151  1.56917128  1.45874577 -0.00683715  1.39789099  0.01608131
  -0.87906766  0.21379884  0.76571836  0.75231678  1.49880066  0.17367907
  -1.09996363 -0.1052299  -0.15685709 -0.14500249]
 [ 0.65407051 -0.51905329  0.76247672  0.71822807  0.43154857  0.34424784
   0.91434765  0.90343328  1.24728529  0.9390311   0.3770077  -0.25121933
   0.50528644  0.35470171 -0.26226965  0.085038  ]
 [-1.43473775  0.4748274  -0.06649454  0.37942598 -1.188298   -0.1094283
   0.07367966 -1.03484302 -0.93094827 -0.22288359  0.18533594 -0.20039669
   0.25815355 -0.08164065  0.04106099 -0.13553649]
 [ 0.7033517   0.92400942 -0.13546994  0.02232218  1.20482116  0.48217172
  -0.22171636 -0.35747994 -1.03397717  0.82719365  0.22453668 -1.26452966
   0.53561903 -0.90947778 -0.26918541  0.57329763]
 [ 0.37452305  0.53717765  0.66032168 -0.25512972 -0.0922813   0.02969105
   1.35309582  0.74590825  0.17729889 -1.06909895 -0.05531052 -0.82201461
  -0.06062389  0.01090763  0.13825916 -1.31373564]
 [-0.23248087  0.54500534  0.22221147 -0.49111831 -1.3419631  -0.0154146
   0.44082723 -0.61031622 -0.15112347 -0.69569175  0.94401338  1.07470532
  -0.44658542 -0.73133142 -0.39391987 -0.50997549]
 [-0.48048215  0.12824777  0.81088315  0.85077269 -0.59975083  0.12410678
  -0.19688552  0.61638572 -1.07682124  0.78839718  0.17183706  1.41237373
  -0.21897493  0.24148549  0.24085432 -0.84433041]
 [-0.2066049  -1.41494831 -1.95896999  0.6279491   0.3639905  -0.20468049
  -0.3023186  -1.04339003  0.15344483  1.13024883  0.06907345  0.3504652
  -0.37572337  1.11481379  0.61914478 -0.73929874]
 [ 0.98325821 -0.03504563  0.10781058 -0.51842017 -1.3945046   0.84309178
   0.91849869  1.00700573 -0.06403174 -1.12659338  0.17386834 -0.04402832
  -0.91316541 -1.17581239  0.33484409 -1.79973986]
 [ 1.45774553 -1.03575773  0.13750008 -1.50048897  0.30326995 -1.03736631
  -0.26275499 -0.69431429 -1.18516798 -0.44635253  1.0576303  -0.7359839
  -1.01907019 -0.21439623  0.56329739  2.14074505]
 [-0.37799849 -0.27537148  0.25000972 -0.55806426  0.7541772  -0.25271207
  -0.51002089  1.72188675 -0.67364614  0.40176927  1.11436055  0.5152147
  -0.4791912   1.3534512  -0.1479203   1.02866343]
 [-0.27874553 -0.21015818  2.17407138  0.57137475  0.72480057 -0.77732421
   0.17889792 -0.21957168  0.84534268 -0.77176675 -0.3162166  -0.49333689
   0.97333752 -0.004133    0.06468757  0.65123853]
 [ 0.54855931 -1.90292525  0.27254531  0.51840867 -0.42790291 -0.18648689
  -0.82277891 -0.28402733 -0.09471353  1.15805955 -0.6876381   0.72503593
  -0.01689641 -0.44110986 -0.48701871  1.53926026]
 [-1.69048035  0.30819069 -0.22912468 -1.31725938  0.63707599 -0.40776558
  -0.29835939 -0.03728175  1.78847847 -0.4385122  -1.24049331  1.12478216
  -0.68809706 -0.96013025 -1.4582794  -0.57335761]
 [ 0.01001099  0.87645974  0.43039498 -0.14514428 -0.53173453 -0.69782069
  -0.15698897 -0.74601242 -0.03998369 -2.49840959 -0.96878567  0.03916897
  -0.29595536  0.71634226  1.12676658  0.43521874]]