[[-3.71399301e-01 -7.22933185e-01  5.53814302e-01  1.01585775e+00
  -9.37581237e-01 -6.70837973e-01  1.89683844e-01  8.71632849e-01
  -7.14042325e-01 -2.61009607e-01 -3.56846591e-01 -2.91423280e-01
   6.45470895e-01 -1.02637043e+00  3.48340635e-02 -8.03678917e-01
   2.48932546e-01 -1.67555121e+00  5.47151979e-01 -3.48172598e-01]
 [-9.18799216e-02  4.15865437e-01  7.48076642e-01  3.43770072e-01
  -6.31937223e-02  1.35640437e-01 -9.32797043e-01 -1.52188400e-01
   4.53454285e-01 -4.64305163e-01  1.41296600e+00 -7.37775571e-01
   1.12635476e-01 -1.00783183e+00 -1.13165630e-01  5.53572202e-01
  -3.77101308e-02 -3.18995125e-02 -5.13764524e-01  3.96769727e-01]
 [ 4.06326356e-01 -5.10771469e-01  9.00459270e-01 -5.30908893e-01
  -1.26951916e+00 -3.84465608e-01 -2.73327359e-01 -4.01468527e-01
   1.38813672e+00 -9.91312096e-01 -3.27693094e-01 -3.97342416e-01
  -6.27820416e-01 -6.93546610e-01 -8.78868595e-01  1.30255440e+00
  -7.42202527e-01 -4.65502171e-01  9.70467802e-01  1.38324066e-01]
 [ 1.15631952e+00  2.78460210e-01 -9.47269547e-01 -8.24292034e-01
  -1.14389691e+00  2.98805744e-02  1.75009542e-01  6.51576931e-01
  -6.70300205e-01  9.64455343e-01  1.37185972e+00  8.58768393e-01
   2.48472738e-02  5.23028256e-01  1.35355813e+00 -7.39654919e-01
  -1.90704888e-01  5.78081119e-01 -5.36813654e-01 -6.90197805e-02]
 [-4.93377886e-01  3.80802568e-02 -2.93529809e-01  1.25757210e+00
  -3.87866229e-02  1.14287477e-01 -3.34253238e-02  7.95312842e-01
   6.40590582e-01 -7.27937941e-01 -9.95669620e-01  6.54053256e-01
  -1.12146616e+00 -1.37306619e+00  1.26283405e+00 -2.77514963e-01
   2.93427885e-01 -5.68445887e-01 -1.61281570e-01 -6.33094607e-01]
 [ 5.73630838e-01 -7.32796282e-01  2.64214990e-01 -8.70961976e-01
   9.41538528e-01  4.36268125e-01 -5.20841555e-01  4.19884979e-02
   1.57138983e+00  4.34633113e-01  8.91479025e-02  1.26800557e-01
   1.07997202e+00 -1.28300725e+00 -9.47466010e-01 -7.91968554e-01
   9.99379253e-01 -4.22589681e-01 -8.61447401e-01 -1.89262489e-01]
 [-9.32221221e-01 -2.90442296e-01  6.86853496e-01 -2.73716969e-01
  -9.89259072e-02  4.51362235e-01 -7.27127845e-01  1.24602667e+00
  -1.05130035e+00 -4.74491313e-01  4.59567083e-01  1.17059533e+00
  -8.80041400e-02  6.54322832e-01 -2.15904854e-01 -7.35533015e-01
  -2.25280172e-01  9.40111552e-01 -7.97649539e-01  4.75984158e-01]
 [-1.69085282e-01 -2.97847901e-01  1.52741420e-01  1.33473604e+00
   5.70765166e-01 -3.68180950e-02  8.96596696e-01 -2.64814069e-01
  -1.97764424e-02 -5.47577734e-01 -8.79458506e-01  2.39876045e-01
   7.92440046e-01 -1.60396031e+00 -3.71594596e-01 -5.23604984e-01
  -4.48406649e-01 -5.23871874e-01  1.18619826e+00  2.21194850e-01]
 [-3.62733426e-02  5.60425640e-01  6.25463549e-01  1.05666002e+00
   5.35160159e-01 -2.13825768e+00 -7.56953278e-02  1.30756191e-02
   2.33507530e-01  1.05454959e+00 -4.09046726e-01 -2.50240511e-01
   6.18765531e-01 -8.25996528e-01 -7.88117700e-01  7.82131935e-01
   2.77646717e-01  1.45365676e+00 -2.53183751e-01  1.18420116e-01]
 [-6.09576333e-01 -5.39111301e-01 -2.59480181e-01  8.18774366e-01
  -6.75715700e-01  9.47330757e-01  1.15104074e+00 -8.84568055e-01
   3.16307423e-01  2.30193453e-01  3.79818850e-01  2.22916534e-01
   1.34014327e+00 -7.54789627e-01  2.26138571e-01  1.93718014e-01
   2.00557609e-01  1.13670973e-01 -6.04737541e-01  5.67217353e-01]
 [-4.64427058e-01 -5.57638849e-01  8.46225873e-01  4.20075685e-01
  -9.46162296e-01 -6.75517403e-01 -1.35193171e+00  1.14874368e+00
  -5.75677731e-01 -4.63982537e-01  8.97330454e-01  5.79652296e-01
   1.02137352e+00 -1.32099643e+00  2.37843680e-01 -3.17838379e-01
   2.62211572e-01  8.03833541e-01  8.51103629e-01  6.79847365e-01]
 [ 8.30134346e-01 -5.71125494e-01  5.06508162e-01 -6.58838774e-01
  -2.02904434e-02 -7.83473798e-01  5.74818247e-01  7.14055568e-02
   5.02398073e-01  1.38543189e+00 -3.26308610e-02 -8.17264861e-01
   4.29321975e-01  1.59244391e-01 -8.33287276e-01  5.76328023e-01
  -7.50504235e-01  1.89942863e+00 -3.94295156e-01  1.20489120e+00]
 [ 1.44108433e+00 -1.39908385e+00 -1.72472748e-01 -1.01897115e+00
   7.61192373e-02 -1.10194239e+00  2.75830506e-02 -3.96053369e-01
   1.50115102e+00 -6.07535610e-01  4.48188632e-01 -5.61063130e-01
   1.68641089e-01  2.10207082e-01 -2.26402887e-01  6.46095139e-01
   3.96327856e-01  9.45876715e-01  2.06745823e+00  4.77323435e-01]
 [-1.06857080e+00  1.94926127e-02 -3.90738599e-01 -8.31349368e-01
   2.64643591e-01 -1.17994637e+00 -6.06465532e-01 -4.07578929e-01
   7.40796759e-01 -6.09655807e-01 -2.12931890e-02 -9.17100333e-02
   9.82073535e-01  1.85065263e+00  8.55954722e-01  8.59674564e-01
  -1.32661394e+00  4.85885022e-02 -9.15704143e-01 -4.15870714e-01]
 [ 3.81157110e-01  5.92974534e-01 -6.81741616e-01  4.55667151e-01
  -3.81888157e-01 -1.19055189e+00  7.89876975e-02  4.20169760e-01
   7.19500783e-01 -1.09653032e+00 -4.72660512e-01  9.29317037e-02
   4.04023457e-01 -9.13267245e-01  3.61514176e-01 -3.88261829e-01
   6.80475675e-01 -4.02344888e-01 -1.48436641e+00  2.07281423e-01]
 [ 7.25487001e-01 -8.62224373e-01  6.53727381e-02 -3.82458265e-01
  -4.14014326e-01  6.49344743e-01  1.52682247e+00  2.80062829e-01
   5.35671322e-01  1.57805228e+00 -2.22804247e-01 -1.61816547e-02
   4.21423700e-01  1.51454096e-01  8.93314752e-01 -1.34699796e+00
  -9.65699452e-01  1.23944994e+00  3.68244341e-01 -1.52446603e+00]
 [ 2.61017404e-01  4.89389354e-01  4.31644832e-01  6.99227219e-02
   1.01379257e+00 -6.23097661e-01  1.24823772e+00 -1.32098654e-02
   3.20899788e-02  5.60663716e-01  4.93592021e-01  6.16145871e-01
  -9.82326719e-01 -6.83572345e-01 -2.95727123e-01  8.28858533e-01
  -4.28432174e-01 -6.73972195e-01  6.22347305e-03  1.51106055e-01]
 [-6.22879183e-01 -1.21308254e-01 -5.17425881e-01 -3.27709079e-01
  -5.80884857e-01 -9.42161029e-01  3.30870559e-01 -7.81096255e-01
   5.34294139e-01  1.05481670e+00 -1.16440312e+00 -2.30680130e-01
   1.76255238e-01  1.27725247e+00 -8.98650387e-02 -1.04353766e+00
  -6.22582947e-01  3.94046779e-01  1.08788427e+00  5.51728722e-01]
 [-2.95340061e-01 -1.79592732e+00  6.07162963e-01  9.73655612e-01
   1.06435439e+00  7.81199426e-01 -6.75158945e-01  8.07837532e-01
  -6.68590816e-01 -1.01607691e+00 -1.64172322e-01 -8.28513366e-01
   1.05569494e+00  5.09806765e-01 -4.50707294e-01 -1.09677678e+00
  -3.72098855e-01 -4.42930537e-02  9.80533336e-01  4.86637360e-01]
 [ 7.04466455e-01  3.97366690e-01 -9.31342219e-01  1.79732600e-01
  -7.03367689e-01 -8.18263272e-01 -2.09603951e-01  7.01740511e-02
  -1.94846173e-01 -9.96189883e-01 -1.74860584e-01  3.92523593e-01
  -5.35035445e-01  1.83616763e-01 -2.80733246e-02 -1.10330283e+00
  -5.64303726e-01 -1.23859282e-01 -7.21122559e-01  3.94754975e-02]
 [-3.01327374e-01 -2.95819594e-01 -2.26172387e-02 -5.13423566e-01
   2.29545428e-01 -1.15976161e+00 -4.91818695e-01  5.56275199e-01
  -4.25082850e-01  8.98432430e-02 -1.12535408e-01 -3.76639133e-01
   7.80602519e-01 -5.56438884e-01 -1.14880363e+00 -3.90467033e-01
   7.15991839e-02 -9.32517456e-01 -1.73781021e+00  9.84555969e-01]
 [ 1.97183722e-03 -3.75087587e-01  9.90371030e-01  2.78511983e-01
   1.60533530e-01  5.56767817e-01 -4.23504340e-01 -1.10854676e+00
   4.63531473e-01  6.60631669e-01 -1.21114889e+00  1.26544682e-01
   1.46653136e+00 -5.21604473e-01 -2.90192556e-01 -1.26117006e+00
   1.06071116e+00  9.61023566e-01  4.61184798e-01  2.84890436e-01]
 [ 1.23244139e-01 -9.62272146e-01  2.93371800e-01  8.43018268e-01
  -2.99342983e-01 -1.10041059e+00 -1.00087101e-01  1.42143451e+00
  -2.91992977e-02  5.84742948e-01 -1.75239565e-01  2.74648775e-01
  -1.12382302e+00  5.42083616e-01 -7.59276180e-03  9.17022318e-01
  -2.01487919e-01 -6.70238807e-01 -2.96194721e-01  2.26063477e-01]
 [ 8.49589570e-01 -2.78626768e-02  6.70529276e-01 -8.81412440e-01
  -8.05294443e-01 -1.23144178e+00 -6.20421521e-01  9.91153032e-01
  -8.25935929e-01 -1.09919722e+00  5.53367867e-01  3.35214788e-01
   3.18693743e-01 -1.86680083e-01  5.88959029e-01  1.13450312e+00
  -3.17645906e-01 -3.33529063e-01 -1.28126811e-01 -8.24010718e-01]
 [-6.16568038e-01 -1.06600454e+00  3.07871728e-01  4.63506144e-01
  -7.36638325e-01 -3.14941683e-01 -8.95873926e-01 -1.84568736e+00
  -2.22934663e-01 -2.36217570e-01 -4.62199287e-01  3.43289913e-01
   1.58891939e-01  2.00766089e-01  8.07037305e-01 -3.56238212e-01
  -1.64675432e-01  6.47540442e-01  6.17533652e-01 -1.36486636e+00]
 [ 3.77578146e-01 -5.58999226e-01  6.19723631e-01  6.49862645e-01
  -9.83520950e-01 -2.14873897e-01  3.39944605e-01 -2.82498097e-01
  -1.04038946e+00 -1.14460294e+00 -5.74347015e-01  4.29709225e-02
  -1.75120384e-01 -4.03469992e-01 -9.92267352e-01 -2.18141439e-01
  -1.74812371e-01  1.67533924e-01  2.36685632e-01 -6.54426370e-01]
 [-4.59481514e-01  4.24509963e-01  7.29012218e-01  6.78725567e-01
   4.25754480e-01 -7.69648053e-01 -6.96873671e-02 -5.89865438e-01
  -2.44912153e-01 -3.75615621e-01 -8.47174801e-01  2.11186011e-01
   1.32500052e-01 -5.86868149e-01 -7.88137278e-02  8.33316978e-01
   2.82121253e-01  7.88749719e-01 -1.19784521e+00  4.53305968e-01]
 [-1.26554887e-01  1.87453270e-01 -6.08287554e-01 -5.43313640e-01
  -1.33999150e+00 -9.75066534e-02  2.91162473e-01 -4.02018779e-01
   3.39208045e-01 -1.25347503e+00 -2.35245290e-01  6.05637371e-01
  -8.81277233e-02 -2.97412768e-03 -1.27889986e+00 -1.42256504e-01
  -7.72595757e-01  3.33033952e-01  6.39688078e-01  1.75476699e-01]
 [ 1.46412321e+00 -7.74641610e-03  3.85555615e-01  3.57482432e-02
  -2.87987562e-01 -1.10970596e+00  1.42781932e-01  9.42973675e-01
  -7.38409942e-01  9.79692334e-01 -3.92462512e-02 -2.97389213e-01
  -6.88040814e-01 -3.81094883e-01  1.33562059e+00  4.01519294e-01
   3.14556481e-01  1.51663724e+00 -6.39402298e-03  1.50664951e-01]
 [ 1.12849440e+00  5.66095274e-01  7.35773676e-01  7.53534409e-01
  -4.19001681e-01 -4.57418079e-01 -1.63470853e+00 -1.30031155e+00
  -4.01179499e-01  1.43385415e-01 -5.60889173e-01  1.22119736e+00
   1.21229700e+00 -1.49530191e-01 -2.46614817e-01  1.24117207e+00
  -6.60989148e-01  6.19051755e-01 -4.73947540e-01  2.66839330e-02]
 [-5.48561288e-02  4.63045288e-01 -9.31971219e-02 -3.45638871e-02
  -5.02938302e-01 -5.59785828e-01 -1.78112239e-01 -3.97159058e-02
   1.30708403e-01 -9.09178331e-01  6.28828055e-02 -4.86754608e-01
   3.00925807e-01 -5.93514411e-01 -2.75129346e-02  2.63838822e-01
   6.28422109e-01  3.78691254e-01 -1.23211223e+00 -3.77562835e-01]
 [ 1.04003480e+00 -1.30529087e+00 -3.52397287e-01 -7.42773755e-01
  -9.87001242e-01 -1.39726698e+00 -2.58909256e-01  6.83429441e-01
   5.52930981e-01  6.77973762e-01 -1.83937462e+00 -1.16498793e+00
   4.39509694e-01  5.08638409e-01  3.78277308e-01 -7.33929307e-01
   4.87154027e-01  1.15971272e+00  4.24710989e-01  9.22363807e-01]
 [ 1.35187162e+00 -1.03986734e+00 -1.59606955e-01  1.99464087e-01
   1.42051332e-01 -3.51830718e-02 -1.35759268e-01 -7.84120755e-01
  -1.05158367e+00 -8.79051654e-01 -4.77057300e-01 -1.02540357e+00
  -6.49223422e-01  4.99579305e-01 -1.73189270e-01 -9.76414744e-01
  -3.25526971e-01 -7.26055092e-01 -1.32397175e+00 -2.14214844e-01]
 [-3.34935122e-01  1.10348146e+00  8.43378936e-01 -6.86959755e-01
  -7.74523021e-01  1.05840633e+00  3.10821473e-01  7.32321975e-01
   1.09316041e+00  3.00510731e-01  1.59480331e-01 -4.33275700e-01
  -1.10634452e-01  2.92422047e-01 -6.20072693e-01  6.26067602e-01
  -7.42846647e-01 -2.24764414e-01  1.47773215e-01  9.98463104e-01]
 [ 7.79604607e-01 -9.47792915e-01 -1.18742803e+00 -3.21470923e-01
  -8.69343354e-01  2.11165918e-01  1.05077793e+00  1.03674298e+00
   1.35598287e+00  5.30647485e-01  2.54173042e-01  2.29340178e-01
  -7.54339942e-01 -1.13764313e-01 -9.87304943e-01  5.37987370e-01
  -5.49777630e-01  1.25407768e-01  9.25563850e-01  1.12154101e+00]
 [ 1.03341019e+00  5.21226684e-01  1.92236628e-01 -3.35066100e-01
  -1.14693657e+00  1.13866447e+00  8.97568188e-04 -3.96774052e-01
   5.82780294e-01  1.24417443e+00 -2.02892173e-02  6.37649278e-01
   4.78094965e-01 -1.06968179e-01  4.54915565e-01  1.30774654e+00
  -1.08693073e+00  1.36739021e+00  1.58005927e-01  2.03713576e-01]],[[-0.42548446  0.45269686  0.10822135 -0.14158141 -0.2994415   0.43789029
   1.06979472  0.79591767  1.52058604 -1.43855488  1.86929992  0.17887575
   1.14726332  0.63209011 -0.78929537  0.51841836]
 [ 0.53210088 -0.02860959  0.25361097  0.57760218 -1.23907458 -0.27564617
  -0.24001842  0.12204923 -0.92118212 -0.30818998  0.40718833  0.84738258
   0.74256521  2.06128085 -1.16742203 -0.70419433]
 [ 0.85120198 -0.42612394 -1.82709462 -1.34119623  0.22931864 -0.01897028
   0.07591144 -0.16760225 -0.21878165 -0.70917171  0.29266464 -1.21995481
   0.73882345  0.71949001 -0.10163659  0.07361227]
 [-0.13480639  0.60432247  1.25487709  0.66804972 -0.1684471  -0.98074266
  -0.08502472 -0.13005449  1.4486146  -2.61301498 -0.91258781 -0.20218992
   1.03029714 -0.24093342  0.40401964  0.0189522 ]
 [-1.02946121  0.57427358  0.50602106  0.04128081  0.24144468 -0.01820147
  -0.31030829  2.19641891  0.84139893  0.39340706 -0.34860259 -0.66020133
   1.01078622  1.6890663  -2.1813963  -0.5535113 ]
 [ 1.03063151  1.63918158  0.93446998 -0.00683715  1.36097418  0.21690275
  -0.93602655  0.33069464  0.81626761  0.78624036  1.49880066 -0.10623566
  -1.76842474  0.0908811  -0.15685709 -0.54834039]
 [ 0.65407051 -0.51905329  0.35682618  0.39276579  0.13398999  0.24917359
   1.18233582  0.86545916  1.73041303  0.9390311   0.41954011 -0.18507624
   0.47611907  0.35470171 -0.49464509 -0.17483553]
 [-1.48800117  0.4047914   0.06840138  0.25051085 -0.85413485  0.12046324
   0.43149659 -0.65836772 -1.01775176  0.20444859  0.27692198 -0.01378361
   0.26644593 -0.45918017  0.35149744 -0.1527754 ]
 [ 0.24924785  1.00584536  0.20034682  0.349021    1.20482116  0.48217172
   0.16342922 -0.73570462 -0.94509043  0.91720258 -0.2118095  -1.25864442
   0.890617   -1.21282199  0.08526192  0.57329763]
 [ 0.13204442  0.24150402  0.5430198  -0.25512972 -0.8536162   0.35240193
   1.54603954  0.74590825  0.17729889 -0.87293297 -0.07287177 -0.96380728
  -0.06062389  0.01090763  0.13825916 -1.56653128]
 [-0.57660325  1.23565743  0.22221147 -0.14837434 -1.63179057 -0.0154146
   0.9055671  -0.37275442  0.29255443 -0.61614548  1.18833491  0.78925846
  -0.76507106 -0.60745232 -0.39391987 -0.07153224]
 [-0.48048215  0.20281763  0.51101845  0.85077269 -0.59975083 -0.54408529
  -0.19688552 -0.01462984 -0.83649949  0.74699746  0.17183706  1.41237373
  -0.21897493  0.03554652 -0.12997179 -0.82871693]
 [-0.39590533 -1.13183655 -1.70670065  0.6279491   0.3639905  -0.01323031
  -0.18240709 -0.89863304 -0.01456907  1.23523011  0.06907345  0.71658334
  -0.37572337 -0.07819957  0.70425988 -0.59759995]
 [ 0.52469191 -0.03504563 -0.71723001 -0.51842017 -1.21909962  0.61472472
   1.13978971  1.00700573 -0.06403174 -1.12659338 -0.63805349  0.1526402
  -0.96354586 -1.25145242  0.54125756 -1.7281421 ]
 [ 1.45774553 -1.76502319  0.13750008 -1.17789143 -0.0370216  -1.03736631
  -0.26275499 -0.7392477  -1.18516798 -0.68436658  1.63029431 -0.7359839
  -1.01907019 -0.29481146  0.56329739  1.73365002]
 [-0.37799849  0.54952446  0.15973382 -0.5337173   1.77424165 -0.52461207
  -0.54034569  0.65401665 -0.62805549  0.26892937  0.52291849  0.2547284
  -0.34845411  1.77667918 -0.15070266  1.13834843]
 [-0.37085784  0.08859972  1.96815399  0.0493262   0.72480057 -0.53041217
   0.17889792 -0.0109645   1.06720671 -1.21664419 -0.40293719 -1.34787375
   1.18674348  0.75477809  0.3203782   0.78850734]
 [ 1.29532781 -1.90292525  0.27254531  0.67380641  0.03995346  0.85019028
  -0.48861191 -0.37896892 -0.04343026  1.44068073 -0.6876381   1.05512034
  -0.01689641 -0.38195205  0.02474421  1.07244867]
 [-1.41188826 -0.15825052  0.10680742 -1.288704    0.68001791 -0.86923461
  -0.52922508 -0.50518159  1.34715313 -0.06832661 -0.77168191  1.04304675
  -0.65347664 -0.96013025 -1.4582794  -0.57335761]
 [-0.10887622  1.13645376 -0.23928048 -0.23117558  0.04265352 -0.69782069
  -0.1451486  -0.41011949 -0.2097307  -1.94546345 -0.96878567 -0.12176529
  -0.18292944  0.62008111  0.8105586   0.36975721]]