[[-3.96281353e-01 -1.09846126e+00  4.56895216e-01  1.19408083e+00
  -8.58005285e-01 -1.17961198e+00 -9.43005689e-01  8.71632849e-01
  -1.36885634e-01 -2.52770443e-01 -5.38225886e-01  2.78354386e-01
   1.15914400e+00 -6.65220096e-01 -4.23668307e-01 -6.75086398e-01
   3.20513961e-01 -4.53057789e-01  3.36041434e-01  3.73205575e-01]
 [ 3.14755949e-01  4.96284007e-01  8.78961520e-01  1.32106102e+00
  -1.27686320e-02 -3.71407928e-02 -1.67062528e+00 -7.17371825e-01
   6.65427996e-01 -5.23784892e-01  5.34679596e-01 -1.30694709e-01
   3.27074599e-01 -6.13968962e-01  7.05365995e-01 -3.63766284e-01
  -1.44495452e+00 -3.03229639e-01 -5.13764524e-01 -5.81018185e-01]
 [ 6.48374403e-01 -3.67243695e-01  7.03921799e-01 -9.78610398e-01
  -6.29120966e-01  4.12135014e-01 -6.29994461e-01  3.30578048e-01
   1.26734612e+00 -8.37396426e-01 -2.51832440e-01  3.62097441e-01
  -1.10424912e+00 -5.51580029e-01 -6.87429953e-01  9.34381102e-01
  -8.20228430e-01 -4.65502171e-01  4.71385320e-01 -2.28893090e-01]
 [ 5.25530745e-01 -3.12559614e-01 -9.47269547e-01 -1.21113789e+00
  -1.02090768e+00 -4.37553033e-01  2.19874320e-01  8.82160769e-02
  -5.25309898e-01  6.50039611e-01  1.14957107e+00  1.10055032e+00
   2.92097530e-01  6.43756392e-01  1.41228672e+00 -7.90046062e-01
   2.52428033e-02  8.59911161e-02  7.31349840e-01 -1.33640288e-01]
 [-4.46826946e-01  8.99426253e-03  5.92245727e-01  5.77011908e-01
   1.49116614e-01  1.14287477e-01 -2.45972149e-01  5.64317314e-01
   6.23203011e-02 -9.11979698e-01 -5.54012815e-01  6.54053256e-01
  -5.73323609e-01 -1.22021048e+00  4.77810226e-01 -5.23377999e-01
  -3.68170413e-01 -4.09638236e-01 -1.61281570e-01 -6.87397977e-01]
 [ 2.93173358e-01 -1.01820512e+00  8.89992925e-01 -8.22092610e-01
   6.74663215e-01 -1.73495444e-02  5.88907306e-01  2.33073457e-01
   9.58450741e-01  7.77314598e-01 -3.03392217e-01  3.19440100e-01
   1.11870242e+00 -1.43636117e+00 -6.22950464e-01 -3.84908474e-01
   1.02794522e+00 -3.70805784e-02 -5.74790753e-01  4.75778694e-01]
 [-9.19394755e-01  4.79939629e-01 -7.10102265e-01 -4.68847292e-01
  -1.85396116e-01  2.35617215e-01 -1.04445213e+00  7.47527016e-01
  -5.77118970e-01 -4.36590849e-01  2.32260905e-01  1.17059533e+00
  -8.80041400e-02  4.08722840e-01 -1.97386166e-01 -1.44106867e-01
  -1.27903635e+00  2.52133203e-01 -3.28444255e-01  4.75984158e-01]
 [-1.69085282e-01 -2.97847901e-01 -1.19727606e-01  1.33473604e+00
   1.53419482e-01  5.38751793e-01  8.70087596e-01  6.15658510e-01
  -6.16102125e-01 -3.87181831e-01 -9.13801856e-01  2.07935831e-01
   1.15151068e+00 -1.22103377e+00 -4.32497560e-01 -1.72298188e-01
  -5.47526136e-01 -9.05048166e-01  7.20476152e-01 -1.72417687e-01]
 [ 1.78555297e-02  2.41057329e-01  3.67470568e-01  1.96463154e-01
   5.35160159e-01 -7.67628640e-01 -5.23538264e-01 -1.44626510e-01
   4.90838057e-01  3.98326458e-01 -7.46390165e-01 -2.50240511e-01
   5.05729075e-01 -2.15046852e-01 -3.59059741e-01  1.27077344e+00
   2.80332722e-01  7.91008267e-01  4.01042553e-01  5.47354227e-01]
 [-9.80025857e-01 -9.17902598e-01 -6.12135766e-01 -2.51906232e-01
  -7.02076324e-01  6.02042749e-01  1.18135339e+00 -8.84568055e-01
   5.45040765e-01  6.27690211e-01  1.11974130e-01  7.86506520e-04
   1.34014327e+00 -1.12714774e+00  8.09841513e-01 -8.63784439e-02
   9.82835731e-01 -3.13887780e-01  9.81293690e-01  9.12165187e-01]
 [-6.89394605e-01 -2.76510720e-01  1.46499178e+00 -5.82685261e-01
  -6.80867504e-01 -1.12483507e+00 -3.16560225e-01  5.10347480e-01
   1.09124350e+00 -8.82461588e-01  6.18376257e-01  1.72834660e-01
   6.17474626e-01 -1.05146679e+00  2.69657997e-02 -5.82344638e-01
  -1.38461096e-01  7.45329203e-01  1.07454784e+00  9.01226879e-01]
 [ 6.24851941e-01 -1.52755259e-01  3.90584321e-01 -8.20835498e-01
   1.60257236e-01 -5.28603784e-01 -1.58551318e-01 -6.07505739e-01
  -1.19190302e-01  1.64173564e-01  4.25932380e-01  7.71269877e-02
   1.29331916e-01 -1.59488790e-01 -7.00804021e-01 -4.83635222e-01
  -9.20305562e-01  1.74459071e+00 -1.06862327e+00  1.43572475e+00]
 [ 5.91845721e-01 -1.74687083e+00 -4.68073480e-02 -6.11151848e-01
   3.06895303e-01 -9.45284270e-01  4.09017782e-01 -1.17530447e+00
   9.34723334e-01 -9.88490845e-01  2.82687353e-01 -7.80248162e-01
   3.40030187e-01  2.61513185e-02 -6.95299904e-01  3.80214340e-01
  -2.36139323e-01  1.27082768e+00  1.03479206e+00  3.54448842e-01]
 [-7.42010127e-01  1.94926127e-02 -8.26532967e-01 -9.14402256e-01
   4.84311448e-01 -7.12507001e-01 -4.11915152e-01  1.63945879e-01
   3.55518715e-01 -6.40207225e-01 -5.81103765e-01  1.46911671e-02
   4.48606685e-01  1.07200465e+00  1.19360648e+00  3.67101519e-01
  -7.73791430e-01 -6.35390797e-01 -2.33041454e-01 -9.13110043e-01]
 [ 5.84216487e-01  1.51105336e+00 -5.64489639e-01  1.47299092e-01
   4.86387743e-02 -1.15532710e+00 -6.62906177e-03 -7.23318277e-02
   3.70581378e-01 -9.25471522e-02 -4.72660512e-01 -3.36736072e-02
   6.23225504e-01  1.76961023e-01  3.75088786e-01 -1.23441802e-01
   2.52210842e-02 -1.95491901e-01 -1.21954591e+00 -5.20002405e-01]
 [ 6.71624925e-01 -9.91238933e-01  2.73399014e-01 -4.41866057e-01
   1.98027638e-01 -5.29674374e-01  1.01184052e+00  8.75394909e-01
   9.67596872e-01  1.24689183e+00 -3.30571539e-01 -3.01455062e-01
   1.57228794e+00  2.64028330e-01  3.45507405e-01 -1.42863834e+00
  -9.86471529e-01  1.31600374e+00  4.33796975e-01 -1.01164665e+00]
 [ 3.11171065e-01  4.66990996e-01  5.67038732e-01  4.68643731e-01
   9.30911079e-01  4.85295733e-02  6.29789591e-01 -3.01386572e-01
  -9.48576254e-01  1.88582292e-01 -1.23725503e-01  6.12595746e-01
  -1.47888892e-01 -3.92057501e-01 -3.87647632e-01  6.34306544e-01
   3.21221714e-01 -6.73972195e-01  3.02533462e-01 -1.62947292e-01]
 [-6.22879183e-01  4.60873905e-02 -1.01365907e+00 -3.27709079e-01
  -7.69700219e-01 -1.33370685e+00 -7.16143110e-02  5.23506644e-01
   2.94275492e-01  7.85728561e-01 -3.50398980e-01 -2.30680130e-01
   1.00875023e+00  1.10915838e+00 -1.13720204e+00 -1.31314975e+00
  -4.48291444e-01  2.42380230e-01  1.05044750e+00  9.14844536e-01]
 [-4.12668690e-02 -8.95873424e-01 -3.34525757e-01  2.50621228e-01
   5.09317558e-01  7.81199426e-01 -2.92875412e-01  6.47251898e-01
  -9.98265745e-01 -5.57143538e-01 -6.82876018e-02 -8.28513366e-01
   4.21872078e-01 -9.62704596e-02 -2.29878066e-01 -6.12563424e-01
  -3.56679212e-01 -3.96679889e-01  1.05398834e+00  1.01815446e-01]
 [ 5.54690475e-01  5.62756888e-01 -9.86903033e-03  9.25612454e-02
  -2.73957150e-01 -3.44207177e-01 -9.65631987e-01  1.29294207e-01
  -3.86128165e-01 -1.08500019e+00 -1.74860584e-01  3.12495361e-01
  -3.36953113e-01 -1.04343425e+00 -1.56230080e-01 -1.26691541e+00
  -5.63740779e-01 -1.00992567e-01 -1.05384089e+00  3.94754975e-02]
 [-9.35282214e-01 -4.45065803e-01 -1.15619440e-01  6.19007942e-02
   3.77861268e-01 -1.50716570e+00 -1.14272551e+00  3.77336338e-01
  -6.14391940e-01  9.13208956e-02  7.53620514e-01 -4.82428560e-02
   7.40795368e-01 -6.11526002e-01 -3.13252754e-01 -4.71167072e-01
   7.15991839e-02 -4.34199293e-01 -7.00299191e-01  6.03406037e-01]
 [ 2.54866426e-02 -2.08242589e-01  1.62646807e+00  5.20186117e-01
   7.23159159e-01  5.00823726e-01 -8.63047632e-03 -5.39727063e-01
   9.41352454e-01  7.63357123e-01 -3.78978414e-01  4.02320677e-02
   9.54284007e-01 -4.51794426e-01 -4.02806751e-01 -6.39063114e-01
   7.65498741e-01 -2.65040629e-01  3.18271984e-01 -6.02049068e-01]
 [ 7.49652764e-01 -6.32512602e-01  6.61261126e-01  5.69197353e-01
  -3.55047886e-01 -3.49120143e-01  3.19677052e-01  1.00324674e+00
  -7.05327225e-01  7.24821220e-01 -4.63883249e-01 -1.50141053e-01
  -7.99914491e-01  4.84278066e-01  6.83296879e-02  4.44527373e-01
  -3.87225464e-01 -7.32086877e-01 -5.01962315e-02 -2.64892848e-01]
 [ 6.02549967e-01  9.04332710e-02  1.72271922e+00 -9.87530668e-02
  -1.08418902e+00 -1.05023879e+00 -6.20421521e-01  3.91054339e-01
  -1.17336635e+00 -1.20534332e+00  1.62680732e-01  1.06403514e+00
  -1.74951541e-01  4.73603261e-02  3.65083474e-01  2.65138538e-01
  -2.60933154e-02  2.67603028e-02  4.18167886e-01 -5.23771012e-01]
 [-7.31457481e-01 -2.43483084e-01  1.15920911e+00  4.07732913e-01
   1.76928917e-01 -9.00827694e-01 -5.64950413e-01 -5.66815421e-01
   6.97160306e-02 -1.08750692e+00 -2.56306153e-01 -6.49410501e-01
   2.89340605e-01 -3.49357235e-01  1.00090137e+00 -6.79791075e-01
   4.23565859e-01  4.04627471e-01  4.55230581e-01 -1.05865995e+00]
 [ 3.77578146e-01 -1.30944868e-01  7.02273024e-01 -2.42739880e-02
  -1.09488721e+00 -4.84228381e-01  5.95759308e-01  4.47275993e-02
  -9.05824228e-01 -7.68006765e-01 -1.00913365e+00  4.75190904e-02
   3.10064248e-01 -6.06006064e-01 -1.09126774e+00 -2.15009731e-02
  -1.41833926e-01  6.65083202e-01  1.34550003e-01 -6.54426370e-01]
 [-2.26575575e-01  2.04586821e-01  4.08472017e-01  7.18156093e-01
   7.15110857e-02 -3.33997125e-01 -4.68114587e-01 -1.58638338e-01
  -7.12376444e-01 -2.90981035e-01 -6.42826286e-01 -5.49698589e-01
   3.06977163e-01 -2.84902790e-01  1.74827423e-01  5.82021141e-01
  -1.21417316e-01  8.95049956e-01 -1.28443758e+00  2.04929826e-01]
 [ 3.68796550e-01  1.61155736e-01 -6.70108503e-01 -2.03200357e-01
  -7.37777821e-01  1.37020779e-01 -2.24479013e-01 -7.56495581e-01
   1.09244159e+00 -1.22938071e+00 -2.72804358e-01  4.24357929e-01
  -3.69725429e-01 -4.07911527e-02 -7.95638604e-01 -7.64977416e-02
  -7.72595757e-01 -1.01357965e-01  6.23053368e-01 -2.29206333e-01]
 [ 5.30570518e-01 -3.40092883e-01  8.44584427e-01 -7.13466756e-02
   7.17418920e-02 -6.00985452e-01 -6.40699398e-01  1.18722430e+00
  -7.38409942e-01  9.79692334e-01  3.86072620e-01 -5.87229985e-01
  -5.22995631e-04 -1.37183886e-01  7.87482497e-01  6.24387499e-01
   7.78496936e-01  1.06373877e+00 -3.87002856e-01  1.50664951e-01]
 [ 8.40183370e-03 -5.28794306e-02  8.74887626e-01  4.87685173e-01
  -1.05409618e+00 -2.22100932e-01 -1.16854768e+00 -8.54867311e-01
   6.19672077e-01  5.88247356e-01 -4.31571768e-01  9.97129317e-01
   1.62151121e+00 -8.09542795e-02  4.65425766e-01  5.62614446e-01
  -8.03411247e-01  5.46028984e-01 -9.15864070e-01 -1.15254413e+00]
 [ 6.17509752e-01  4.62595569e-01 -5.64250696e-01  2.13013953e-01
  -6.17290511e-01 -4.71458108e-01 -6.66321905e-01 -1.73362013e-02
  -5.40494752e-01 -8.34914438e-01 -7.81611745e-01 -9.00733580e-01
   5.73164837e-02 -1.01013260e+00 -1.58233029e-01  2.20083482e-01
  -1.87429925e-01 -3.89983691e-01 -1.21818900e+00 -3.86330491e-01]
 [ 8.99544872e-01 -6.76384896e-01  1.09868282e-01  8.70756783e-01
  -2.09233829e-01 -9.22656572e-01  1.38196191e-01  8.53716506e-01
   7.95126630e-01  1.36784663e+00 -9.51925795e-01 -1.10129666e+00
   6.24855669e-01  1.12290301e+00 -1.18719914e-01 -8.91399711e-01
  -5.67421368e-01  1.36281413e+00  5.93042377e-01  1.07133639e+00]
 [ 1.45953803e+00 -1.25646265e+00 -1.59606955e-01  4.22068448e-01
  -1.44398274e-01  1.10043704e-01 -1.35759268e-01  1.12649848e-01
  -1.09878318e+00 -4.07821073e-01 -4.85371896e-01 -1.02540357e+00
  -8.82148837e-01  3.62851073e-01 -1.57148465e-02 -5.56197264e-01
   2.90926773e-01 -1.04814096e+00 -1.21844883e+00  5.86119143e-02]
 [ 8.21171697e-02  1.49252982e+00  4.59394234e-01 -4.42554808e-02
  -1.00561484e+00  8.40390293e-01  1.33503952e+00  7.95798496e-01
   9.88680141e-01  5.51486383e-01  2.26347933e-01 -5.92861061e-01
  -1.10634452e-01  6.53595705e-01 -6.24842677e-01 -3.37954229e-02
  -4.60868699e-01  3.24188817e-01  2.52306866e-01  2.56285199e-01]
 [ 1.21389956e+00 -7.02795182e-01 -1.03446835e+00 -6.05315079e-01
  -5.82457534e-01 -1.53805409e-01  8.61203129e-01  7.94294318e-01
   9.65805357e-01  7.42963270e-01  2.54173042e-01  9.52797272e-01
  -6.92734295e-01 -9.36889968e-01 -1.45733712e-01  1.88382546e-02
  -5.49777630e-01  2.16004200e-01  5.88620119e-01  9.47286236e-01]
 [ 1.35997023e+00  7.10348434e-01  3.53724473e-01 -7.61088084e-01
  -1.26303960e+00  9.52660966e-01  1.33048506e-01 -1.60225126e-01
   1.07663733e+00  1.00905311e+00 -1.21618251e-01  2.35498909e-01
   8.90995225e-01  4.74370893e-01 -9.88580313e-02  1.30774654e+00
  -7.86322995e-01  1.94350971e+00  2.52445943e-02 -1.32165562e-01]],[[-0.42548446  0.11627163  0.1210481  -0.64893817 -0.08310029 -0.40031192
   0.10603966  0.02123001  0.71342141 -1.04946161  0.97127888 -0.39231347
   0.96606616  0.8113414  -0.14904385  0.74818404]
 [ 0.9882869  -0.91214606  1.19011106 -0.23633805 -0.23883948  0.37269148
   0.32558484  0.93939206 -0.06981278  0.63885304  0.72862233  0.64319779
  -0.05322537  0.67151155 -0.74876279 -1.31656646]
 [ 0.37130217 -0.72179511 -1.42481412 -1.71545373 -0.07334681  0.29359662
   0.24923275  0.00940303 -0.34677996 -0.24602535 -0.29812856 -0.80520742
   0.73632138  1.62685738  0.67970408  0.48534487]
 [ 0.48930151  1.06125085  1.16960267 -0.03155378 -1.81077528 -1.12364284
   0.04912205 -0.40157961 -0.11093595 -2.32606949 -0.59244303 -0.32481293
   0.88970895 -0.90702576  1.79048731  0.81806587]
 [-0.65450103  0.61092014  0.1863828  -0.37127974 -0.69114869  0.68505465
  -0.86319612  0.41868881  0.66788059 -0.21155453  0.18143204  0.31308077
  -0.43662524  1.61079786 -1.1408456  -0.49997901]
 [ 0.7665437   0.16501343  1.49655175  0.11026308  1.83821789  0.50354925
  -1.01990799  0.25249839  0.36577075  0.83734496  1.52836196  0.7087629
  -0.4001808   0.23705816  0.33537963 -0.54629722]
 [ 0.69355875 -0.95846137  0.24675027  0.88024597  0.62308669  0.10708046
  -0.08907917  0.94083654  0.72197011  0.46747693 -0.02644257  0.18284289
   0.6028708  -0.36453987 -0.18557782 -1.20723659]
 [-1.25148241 -1.71182323  0.58530204 -0.82799327 -0.87090949 -0.48115523
  -0.64519712  0.0894427  -1.18705128  0.42258804  0.36310324  0.42936274
  -0.06344565  0.08759706  0.93453751  0.35086461]
 [-0.0870841   0.26373667  0.56966866 -0.86407595  0.8104769  -0.23881568
  -0.44551092 -0.13418752 -0.64947824 -0.22219315 -0.70953794 -1.1846601
   0.55505512 -0.38868632 -0.37419882  2.22817679]
 [ 0.09313386  0.36234073  0.73563104 -0.18898237  0.72854485 -0.61118749
   0.72309064  0.29918311 -0.52584039 -0.8684265   0.54639073  0.19763552
  -0.80367834  0.03025803  0.2327353  -0.90075285]
 [ 0.5579845   1.95056798  0.02972206  0.65163259 -0.40495228 -0.50762158
   0.91367756  0.4114132  -0.24510084 -1.46092421  0.24704942  1.27765792
  -0.28993956  0.57350436 -0.4610833   0.09791527]
 [-0.69499975  0.47575606  0.28792161  0.0162538  -1.99862734 -0.37307636
  -0.10446857  0.36007408  0.08105585  0.99876894  0.36602982  0.64406572
   0.07629196 -0.76560235  0.49166981 -1.57616892]
 [ 0.59140025 -1.55653186 -0.53747457  1.22797456  0.92004734 -0.01078708
  -0.28499198 -0.73563758  0.3432662   1.03624355 -0.38997645  0.80282944
  -0.32594776  0.40401894  0.77923091 -0.44271096]
 [-0.7836699   0.62849454 -0.51651102 -0.42696654 -1.18553184  0.52061356
   0.49143256  0.1014519  -0.78737893 -0.42606304  0.67933178  0.07396971
  -0.70090105 -0.52262027  0.75324572 -1.48798657]
 [ 1.4293044  -0.80361578 -0.51872348 -1.36390357  0.27613341 -0.07326265
  -0.16362655 -0.52431284 -1.98455896  0.36155481  1.82989104 -2.00867776
  -1.6499151   0.18912222 -0.27250679  1.69170174]
 [-0.29992817 -0.28310507 -0.44808911  0.42515604 -0.91685435 -0.47541025
  -0.64330023  0.76350902  0.67396509  0.30062874  0.70256425  0.22886377
  -0.01549794  0.60038088  0.18557179  0.49282627]
 [-1.41082897  0.0926907   0.92325762  0.09189536  0.04749173  0.16168353
   0.82351911  0.64957562  1.56912163 -0.95819062 -0.17515321  0.37624069
   2.14719997 -0.29996135  0.63954223  1.39263148]
 [-0.73179801 -1.05992174 -0.57040425  0.52074532 -0.7219976   0.27195574
  -0.30054112 -0.90849936 -0.41840535  2.271433   -0.088215    0.30675184
   0.52869612  0.1505244  -0.3854025   0.24774592]
 [-1.77654017 -0.77856748 -0.36076992 -1.33787127  0.43389284 -0.6753334
   0.75031707  1.27500235  0.74772832  0.63906003 -0.14373518  1.42890874
  -0.96376567 -1.45859805 -0.09424936 -1.20300777]
 [-0.28512688  0.72651369  0.09959775 -0.10284685  0.2705441  -0.73313793
  -0.02663922 -0.48324889 -1.25953923 -1.23489412 -0.41728448 -0.64161624
  -1.01663679  0.30337391  0.18245513  0.71349289]]