[[-3.71399301e-01 -7.50294093e-01  6.61944154e-02  1.01585775e+00
  -8.91230613e-01 -6.70837973e-01  1.86685887e-01  8.71632849e-01
  -7.14042325e-01 -2.61009607e-01 -3.56846591e-01 -2.91423280e-01
   9.29155545e-01 -1.02637043e+00  3.48340635e-02 -5.20990419e-01
   2.49451309e-01 -1.39787313e+00  5.95623084e-01 -4.86735911e-03]
 [-9.18799216e-02 -8.40203865e-02  7.48076642e-01  8.89413096e-01
   2.03062820e-01  1.35640437e-01 -1.39290253e+00 -1.52188400e-01
   4.53454285e-01 -4.64305163e-01  1.32453321e+00 -7.37775571e-01
   1.12635476e-01 -1.00783183e+00 -2.30123628e-01  4.42376210e-01
  -3.52983026e-01 -3.18995125e-02 -5.61668254e-02  3.96769727e-01]
 [ 4.06326356e-01 -2.12465993e-01  4.74826257e-01 -4.28734464e-01
  -8.80242309e-01 -3.84465608e-01 -5.92410232e-01 -4.01468527e-01
   1.15075154e+00 -1.02199999e+00 -6.90618481e-01 -6.65440774e-01
  -8.71095735e-01 -8.43212868e-02 -8.78868595e-01  1.30255440e+00
  -7.42202527e-01 -4.65502171e-01  8.73756315e-01 -2.19580454e-01]
 [ 5.25530745e-01  2.78460210e-01 -1.08200119e+00 -8.24292034e-01
  -1.14389691e+00  2.59256223e-01 -5.23413602e-01  6.51576931e-01
  -6.70300205e-01  9.64455343e-01  1.75468965e+00  1.30905222e+00
   2.19139309e-01  7.07620327e-01  1.35355813e+00 -5.21224557e-01
  -6.18050281e-01  5.78081119e-01 -5.36813654e-01 -6.90197805e-02]
 [-4.93377886e-01 -3.08665301e-02 -2.93529809e-01  1.00004927e+00
   1.69602609e-01  1.14287477e-01 -1.87427766e-01  7.00221547e-01
   3.03914584e-01 -7.19647916e-01 -9.95669620e-01  6.54053256e-01
  -1.31977813e+00 -1.37306619e+00  1.26283405e+00 -2.77514963e-01
  -4.55039547e-02 -4.14327022e-01 -3.85481892e-01 -6.33094607e-01]
 [ 7.79231630e-02 -7.32796282e-01  4.44779376e-01 -8.70961976e-01
   1.42719694e+00  1.84020580e-02 -4.57753756e-02  4.19884979e-02
   1.97152113e+00  4.34633113e-01  8.91479025e-02  2.08238410e-01
   1.10052584e+00 -1.28300725e+00 -1.08232351e+00 -8.41046973e-01
   9.99379253e-01 -6.12222413e-01 -7.90232089e-01  3.08013153e-01]
 [-9.19394755e-01 -1.91848057e-01  9.92702329e-01 -3.77599264e-01
  -9.89259072e-02  4.51362235e-01 -7.27127845e-01  1.24602667e+00
  -1.05130035e+00 -5.28490864e-01  1.42754421e-01  1.17059533e+00
  -8.80041400e-02  6.54322832e-01 -4.66461629e-02 -9.35472725e-01
  -3.50196595e-01  9.40111552e-01 -7.97649539e-01  9.48970414e-01]
 [-1.69085282e-01 -2.97847901e-01  8.09621664e-02  1.33473604e+00
   8.21903276e-01  8.25163094e-02  8.96596696e-01 -2.64814069e-01
  -1.97764424e-02 -6.35766035e-01 -8.79458506e-01  4.07279804e-01
   7.92440046e-01 -1.18174751e+00 -3.71594596e-01 -5.23604984e-01
  -6.33796112e-01 -5.23871874e-01  1.18619826e+00  2.21194850e-01]
 [-3.53352906e-02  1.10791075e+00  6.25463549e-01  6.52347344e-01
   4.93644756e-01 -1.79170273e+00 -3.24702643e-01  1.40101667e-01
   6.39247992e-01  1.05454959e+00 -4.09046726e-01  2.35258494e-01
   6.18765531e-01 -6.87672766e-01 -9.71020819e-01  6.02147473e-01
   3.02487260e-01  1.65952134e+00 -1.39562868e-01  7.29074422e-02]
 [-6.09576333e-01 -6.40238928e-01 -2.59480181e-01 -3.50380417e-01
  -6.75715700e-01  1.22236191e+00  1.17452495e+00 -8.84568055e-01
   1.95854656e-01  2.30193453e-01  9.95863215e-01  3.88283176e-01
   1.34014327e+00 -7.54789627e-01  2.26138571e-01  1.93718014e-01
   2.00557609e-01  1.13670973e-01 -9.79789231e-02  5.67217353e-01]
 [-4.64427058e-01 -5.57638849e-01  1.43680292e+00  3.26095880e-01
  -6.11256601e-01 -6.75517403e-01 -1.35193171e+00  1.14874368e+00
  -6.58361972e-01 -7.64080697e-01  8.97330454e-01  5.79652296e-01
   1.35892327e+00 -1.21893192e+00 -1.02773681e-03 -3.17838379e-01
   5.19112723e-01  8.11887381e-01  8.51103629e-01  6.97210553e-01]
 [ 8.30134346e-01 -7.80363438e-01  3.90584321e-01 -6.58838774e-01
  -2.02904434e-02 -7.83473798e-01  5.74818247e-01  7.14055568e-02
   5.02398073e-01  1.68548114e+00 -3.26308610e-02 -4.19864748e-01
   4.29321975e-01 -1.54797282e-02 -8.33287276e-01  5.08967190e-01
  -7.50504235e-01  1.89942863e+00 -6.54271602e-01  1.20489120e+00]
 [ 1.44108433e+00 -1.39908385e+00 -1.72472748e-01 -5.43353514e-01
   7.61192373e-02 -9.34790992e-01  2.75830506e-02 -7.20205400e-01
   1.08061145e+00 -8.14381484e-01  4.48188632e-01 -7.80248162e-01
   1.68641089e-01  2.10207082e-01  8.14289505e-02  6.46095139e-01
  -3.78665263e-01  4.65227938e-01  1.59848723e+00  3.64972322e-01]
 [-9.12240509e-01  1.94926127e-02 -3.90738599e-01 -6.92671081e-01
   6.79810525e-01 -9.58268001e-01 -6.06465532e-01 -4.07578929e-01
   3.98503960e-01 -6.42298787e-01 -1.38867654e-01  1.74870048e-02
   6.84781342e-01  1.56352254e+00  8.55954722e-01  8.59674564e-01
  -7.55548363e-01 -3.60958905e-01 -4.37440427e-01 -4.15870714e-01]
 [ 3.81157110e-01  5.92974534e-01 -5.55262954e-01  4.55667151e-01
  -3.81888157e-01 -1.19055189e+00  3.03512046e-01  3.40340521e-03
   4.60680625e-01 -1.09653032e+00 -4.14237370e-01  4.37468478e-01
   4.04023457e-01 -4.44540581e-01  3.61514176e-01 -1.23441802e-01
   5.11259081e-01 -6.40371807e-01 -1.63276418e+00 -7.24242569e-02]
 [ 1.01815724e+00 -6.41728837e-01 -1.05185268e-03 -3.82458265e-01
  -4.14014326e-01  5.63667473e-01  1.61027012e+00  6.43148685e-01
   5.35671322e-01  1.57805228e+00 -2.22804247e-01 -1.90388440e-01
   8.46619199e-01  1.51454096e-01  4.76573427e-01 -1.34699796e+00
  -9.65699452e-01  1.23944994e+00  3.68244341e-01 -1.65948161e+00]
 [ 2.11912511e-01  6.92760190e-01  4.31644832e-01  2.05662706e-01
   6.71766901e-01 -1.71166863e-01  1.24823772e+00 -1.32098654e-02
   8.26042628e-02  4.45958772e-01  2.14134910e-01  2.47194489e-01
  -9.82326719e-01 -2.67779917e-01 -6.48676450e-01  8.60707386e-01
  -8.84577512e-01 -6.73972195e-01  3.02533462e-01  1.51106055e-01]
 [-6.22879183e-01 -1.21308254e-01 -8.94773985e-01 -3.27709079e-01
  -5.80884857e-01 -6.77007824e-01  2.25101899e-02 -4.94432052e-01
   5.34294139e-01  6.40113238e-01 -6.96220954e-01 -2.30680130e-01
   3.33109412e-01  1.60261376e+00 -8.98650387e-02 -1.20572999e+00
  -6.22582947e-01  3.94046779e-01  1.08788427e+00  5.89175035e-01]
 [ 3.95516900e-01 -1.99887223e+00  6.07162963e-01  4.89275787e-01
   8.66813329e-01  7.81199426e-01 -2.10532679e-01  8.07837532e-01
  -4.46568085e-01 -9.55606788e-01 -1.53833712e-01 -8.28513366e-01
   9.81271317e-01  5.09806765e-01 -4.50707294e-01 -9.94181740e-01
  -6.65956970e-01 -4.42930537e-02  5.58790654e-01  5.41705444e-01]
 [ 7.04466455e-01  6.31713269e-01 -1.44660312e-01  6.49928659e-01
  -3.59174477e-01 -8.18263272e-01 -2.09603951e-01  7.01740511e-02
  -1.94846173e-01 -9.96189883e-01 -3.37612951e-01  3.92523593e-01
  -4.67893074e-02 -6.09088249e-02 -2.80733246e-02 -1.10330283e+00
  -5.64303726e-01 -6.02032416e-01 -6.30655557e-01  3.94754975e-02]
 [-3.01327374e-01 -2.95819594e-01 -2.26172387e-02 -5.13423566e-01
   3.43885189e-01 -1.15976161e+00 -8.14484638e-01  4.54833384e-01
  -4.25082850e-01  9.13208956e-02 -1.12535408e-01 -3.76639133e-01
   7.80602519e-01 -5.56438884e-01 -8.68996839e-01 -5.69459047e-01
  -3.10330328e-01 -1.12067951e+00 -1.73781021e+00  1.11700950e+00]
 [ 1.97183722e-03 -3.75087587e-01  8.72336358e-01  2.78511983e-01
   1.60533530e-01  6.51581233e-01 -4.23504340e-01 -1.10854676e+00
   4.63531473e-01  6.60631669e-01 -1.77537200e+00  1.26544682e-01
   1.46653136e+00 -6.95209460e-01 -2.90192556e-01 -1.37727200e+00
   7.39160042e-01  5.14098281e-01  5.27950232e-01  2.84890436e-01]
 [ 1.23244139e-01 -9.62272146e-01  2.93371800e-01  8.43018268e-01
  -2.99342983e-01 -1.55665839e+00 -1.00087101e-01  1.42143451e+00
  -2.91992977e-02  9.30005072e-02 -7.47741344e-01  2.74648775e-01
  -1.12382302e+00  5.42083616e-01  3.07533903e-01  9.17022318e-01
  -3.74586766e-01 -6.70238807e-01 -2.96194721e-01  2.26063477e-01]
 [ 1.23720810e+00 -2.78626768e-02  3.38171084e-01 -4.55526697e-01
  -8.05294443e-01 -1.23144178e+00 -6.20421521e-01  8.06838705e-01
  -1.08222916e+00 -1.28092780e+00  5.53367867e-01  3.35214788e-01
   3.18693743e-01 -1.86680083e-01  5.88959029e-01  1.13450312e+00
  -2.76884075e-01 -4.78203286e-01 -1.28126811e-01 -8.24010718e-01]
 [-6.16568038e-01 -1.06600454e+00  7.15376665e-01  4.63506144e-01
  -1.00095968e+00 -9.67460254e-01 -5.76649866e-01 -1.26955957e+00
  -2.22934663e-01 -2.36217570e-01 -4.62199287e-01  3.69523327e-01
  -3.01212294e-01  7.33284214e-01  8.07037305e-01 -2.31930218e-01
  -1.64675432e-01  6.47540442e-01  1.09539582e+00 -1.36486636e+00]
 [ 3.77578146e-01 -5.58999226e-01  6.19723631e-01  9.54802238e-01
  -9.83520950e-01 -2.09370440e-01  6.33159623e-01 -2.82498097e-01
  -1.04038946e+00 -1.14460294e+00 -2.99819096e-01  4.29709225e-02
   3.16055623e-01 -4.03469992e-01 -9.92267352e-01 -2.18141439e-01
  -1.41833926e-01  1.67533924e-01  2.36685632e-01 -6.54426370e-01]
 [-2.25089090e-01  4.24509963e-01  7.29012218e-01  9.47132772e-01
   4.25754480e-01 -7.69648053e-01 -4.35099579e-01 -5.89865438e-01
  -2.44912153e-01 -3.75615621e-01 -8.47174801e-01  2.11186011e-01
   1.32500052e-01 -5.86868149e-01  4.09964155e-01  8.33316978e-01
   2.82121253e-01  7.88749719e-01 -1.42526602e+00  4.53305968e-01]
 [ 2.64603004e-01 -1.85773830e-01 -9.93193608e-01 -5.43313640e-01
  -1.33999150e+00 -1.11957218e-01  2.91162473e-01 -8.66651725e-01
   3.68715470e-01 -1.73730619e+00 -6.90146741e-01  8.21231377e-02
  -7.21509462e-01 -3.76123687e-01 -1.27889986e+00 -2.35935512e-01
  -7.72595757e-01  3.33033952e-01  6.39688078e-01  4.92504433e-01]
 [ 1.46412321e+00 -7.74641610e-03  3.85555615e-01  3.57482432e-02
  -2.87987562e-01 -1.10970596e+00  1.42781932e-01  9.42973675e-01
  -7.38409942e-01  9.79692334e-01 -5.00581751e-01 -2.97389213e-01
  -6.88040814e-01 -3.81094883e-01  7.89267950e-01  5.57277806e-01
   3.14556481e-01  1.51663724e+00 -6.39402298e-03  6.91418208e-02]
 [ 9.40372038e-01  5.66095274e-01  7.35773676e-01  7.53534409e-01
  -9.44051483e-01 -9.32333400e-01 -1.63470853e+00 -1.30031155e+00
  -2.40346660e-01  1.43385415e-01 -5.60889173e-01  1.22119736e+00
   1.21229700e+00 -1.49530191e-01  1.32336166e-01  8.48505654e-01
  -7.65856022e-01  1.10689667e+00 -1.03883871e+00 -3.47567387e-01]
 [-3.94695746e-01  4.50908169e-01 -9.31971219e-02  7.69526765e-01
  -5.02938302e-01 -6.06519455e-01 -5.59152874e-01  4.77832192e-01
   4.25638916e-01 -7.78002799e-01 -1.44449305e-01 -6.16056357e-01
   3.00925807e-01 -3.69108311e-01 -2.75129346e-02  2.63838822e-01
   6.28422109e-01 -3.52639959e-01 -1.66498998e+00 -3.77562835e-01]
 [ 1.04003480e+00 -1.30529087e+00 -1.55586790e-01 -2.87053007e-02
  -9.87001242e-01 -1.37425825e+00 -2.58909256e-01  6.83429441e-01
   5.52930981e-01  5.59405573e-01 -1.61823247e+00 -1.21906001e+00
   4.39509694e-01  3.90843334e-01  3.78277308e-01 -5.08519027e-01
   2.89876679e-01  1.15971272e+00  4.01397227e-02  9.22363807e-01]
 [ 1.35187162e+00 -1.03986734e+00 -1.59606955e-01  1.99464087e-01
   1.48242136e-01 -4.97842710e-01 -1.35759268e-01 -4.20375323e-01
  -1.05158367e+00 -8.79051654e-01 -4.77057300e-01 -1.02540357e+00
  -6.49223422e-01  5.13337790e-02 -1.73189270e-01 -9.76414744e-01
  -1.95241939e-01 -7.26055092e-01 -1.32397175e+00  3.44608022e-01]
 [-1.49294838e-01  1.13641884e+00  1.11064926e+00 -6.86959755e-01
  -5.00831442e-01  1.54600627e+00 -1.94660802e-01  7.32321975e-01
   1.09316041e+00  3.00510731e-01  8.07134760e-01 -2.62402948e-03
  -1.10634452e-01  2.67651077e-01 -6.20072693e-01  6.26067602e-01
  -1.76455344e-01 -5.52477675e-01  3.21218751e-01  7.19804268e-01]
 [ 7.79604607e-01 -9.28523302e-01 -1.38538079e+00 -7.47256415e-01
  -1.26406653e+00  5.84598411e-02  1.05077793e+00  1.03674298e+00
   1.13663908e+00  5.30647485e-01  2.54173042e-01  4.98890164e-01
  -2.54767276e-01 -1.13764313e-01 -7.42075160e-01  2.56997671e-01
  -5.49777630e-01  1.25407768e-01  6.34183469e-01  7.48787381e-01]
 [ 1.03341019e+00  5.21226684e-01  3.53724473e-01 -4.97972860e-01
  -1.14693657e+00  1.13866447e+00  1.87274102e-01 -3.37836067e-01
   5.82780294e-01  1.00905311e+00  1.84092699e-01  6.37649278e-01
   8.90995225e-01  1.82803720e-01  4.54915565e-01  1.44448565e+00
  -1.08693073e+00  9.93908174e-01  2.52445943e-02 -1.32165562e-01]],[[-1.46989050e-01  4.75354211e-01 -8.54675399e-02 -1.41581406e-01
  -2.16355487e-01  2.92213902e-01  1.88330208e+00  4.42069588e-01
   1.04276653e+00 -1.24999939e+00  1.86929992e+00 -2.31769873e-01
   5.35083791e-01  6.32090115e-01 -8.20458037e-01  5.18418357e-01]
 [ 5.32100878e-01  3.47983178e-01  6.71821711e-01  5.77602176e-01
  -1.73563080e+00 -6.64653831e-02 -3.00172511e-01  2.08483355e-01
  -9.54629052e-01 -3.08189983e-01  1.84193630e+00  4.51543994e-01
   7.42565208e-01  2.06128085e+00 -6.85693853e-01 -7.45704507e-01]
 [ 8.51201981e-01 -4.13627591e-01 -1.63664683e+00 -1.01243567e+00
   2.32965611e-01 -2.20268488e-01  7.59114437e-02 -1.67602252e-01
  -2.18781649e-01 -7.09171712e-01  1.47264314e-01 -7.85820263e-01
   6.38065703e-01  7.19490011e-01 -1.64737690e-01 -1.95005385e-01]
 [-9.93660115e-02  3.68974563e-01  9.79774064e-01  2.03848760e-01
  -3.22860455e-01 -1.08315950e+00  8.16771270e-01 -1.30054494e-01
   1.51220827e+00 -3.03424068e+00 -9.12587812e-01 -3.10214508e-01
   6.81239778e-01 -6.99410823e-01  8.55454583e-01  4.84506002e-02]
 [-1.14696150e+00  4.15114841e-01  8.98342850e-02 -3.69527089e-01
  -5.97544350e-01  4.02199654e-01 -6.80675073e-01  1.18054549e+00
   7.41901772e-01  1.85436513e-01 -3.48602589e-01 -2.51078091e-01
   1.33589965e+00  1.78408576e+00 -1.97597323e+00 -5.53511299e-01]
 [ 1.03063151e+00  1.63918158e+00  1.88154089e+00  3.78551662e-01
   1.33314137e+00  7.03962890e-01 -2.38747607e-01  1.37123738e-01
   7.65718360e-01  1.14336435e+00  1.65101624e+00  3.86093219e-01
  -1.09996363e+00 -1.05229896e-01  4.29930815e-01 -2.07358221e-01]
 [ 7.92840268e-01 -5.19053294e-01 -4.37958274e-02  7.18228074e-01
   2.83601663e-01  3.44247836e-01  1.18233582e+00  9.59900675e-01
   9.63875529e-01  7.94557902e-01  1.36868756e-01 -1.91616806e-01
   5.05286440e-01  5.06832643e-01 -3.99104996e-01  3.45847841e-01]
 [-1.43473775e+00 -2.13503167e-01 -6.64945420e-02  1.60742074e-01
  -6.96989179e-01 -1.09428304e-01  4.31496588e-01 -6.48573398e-01
  -1.01775176e+00  2.04448591e-01  3.88835089e-01  2.35494144e-01
   2.66445927e-01 -4.22293167e-01  2.80230977e-01 -1.35536488e-01]
 [-2.00589121e-01  1.40642182e+00  3.20532268e-01  2.83654925e-01
   1.26451681e+00  4.82171724e-01  6.60110892e-02 -4.78896321e-01
  -1.03397717e+00  1.26267298e+00 -2.11809499e-01 -1.28720562e+00
   2.54189319e-01 -9.13479021e-01 -4.84090928e-01  5.18565913e-01]
 [ 6.12416310e-02  2.41504016e-01  6.62879934e-01  1.55235633e-03
  -1.73604662e-01  2.96910468e-02  1.04966699e+00  5.18339563e-01
   3.30170882e-01 -1.06909895e+00  7.27846141e-02 -8.22014606e-01
  -6.06238932e-02 -1.17610024e-01  1.78384036e-02 -1.17178951e+00]
 [-2.32480865e-01  1.99498572e-01  2.22211473e-01 -4.91118314e-01
  -1.34196310e+00 -1.54146033e-02  8.81894890e-01 -2.52328343e-01
  -1.51123471e-01 -6.48051862e-01  9.44013385e-01  1.07470532e+00
  -4.74433164e-01 -9.30620535e-01 -4.45143392e-01 -5.09975494e-01]
 [-7.30380416e-01  2.02817634e-01  9.82435452e-01  4.65518374e-01
  -5.99750827e-01  5.22059898e-01 -1.96885517e-01  1.74047776e-01
  -6.78187311e-01  7.46997462e-01 -3.86234103e-01  1.41237373e+00
  -2.18974932e-01  3.55465245e-02  4.26944832e-01 -9.59363757e-01]
 [-8.23108598e-02 -1.65155320e+00 -1.98998497e+00  6.27949095e-01
   3.63990499e-01 -3.38261397e-01 -4.09245769e-02 -1.04339003e+00
   4.87688618e-01  1.13024883e+00  6.90734496e-02  3.74627392e-01
  -3.75723373e-01  3.84007844e-01  1.06807738e+00 -1.20418148e+00]
 [ 5.24691907e-01 -3.50456307e-02  1.07810578e-01 -9.73859111e-01
  -1.21909962e+00  6.14724723e-01  7.98188387e-01  7.08343800e-01
  -3.66696025e-01 -1.12659338e+00  1.73868339e-01 -4.40283233e-02
  -9.13165409e-01 -1.17581239e+00  8.30833256e-01 -1.79973986e+00]
 [ 1.45774553e+00 -1.70695833e+00  3.68614223e-01 -1.66837778e+00
   3.03269953e-01 -1.03736631e+00 -2.62754988e-01 -8.05286161e-01
  -1.18516798e+00 -6.98226704e-01  1.05763030e+00 -7.35983900e-01
  -1.01907019e+00 -9.24780290e-02  5.63297390e-01  2.06797726e+00]
 [-8.75891907e-01 -2.75371480e-01 -4.84409518e-02 -5.58064257e-01
   7.54177200e-01 -2.52712065e-01 -1.19862758e-01  1.45027811e+00
  -5.19737964e-01  4.79654708e-01  7.43268090e-01  2.54728401e-01
  -9.94606494e-01  1.73731224e+00 -3.27246747e-01  1.02866343e+00]
 [-6.44840897e-01 -3.30202052e-01  2.43408034e+00  1.93663264e-01
   5.23841504e-01 -5.60143613e-01  1.78897922e-01 -3.24820920e-01
   4.30400142e-01 -7.71766752e-01 -4.02937188e-01 -4.93336892e-01
   1.27034280e+00  7.47234635e-01  1.85797035e-01  6.51238527e-01]
 [ 7.84659458e-01 -1.48215516e+00  2.72545313e-01  4.37406635e-01
  -4.27902911e-01 -1.78766931e-01 -4.88611914e-01 -2.84027334e-01
  -3.32466875e-01  1.15805955e+00 -4.63309583e-01  7.25035933e-01
  -1.68964129e-02  2.25576234e-02 -7.35966476e-02  1.07244867e+00]
 [-1.69048035e+00  3.13730799e-01  8.96392822e-02 -1.31725938e+00
   3.80361658e-01 -4.56155886e-01 -2.98359393e-01 -1.00022942e+00
   1.59732073e+00 -4.38512204e-01 -7.71681910e-01  1.12478216e+00
  -6.53476637e-01 -6.71679626e-01 -1.84525330e+00 -5.73357607e-01]
 [ 1.00109922e-02  7.98887080e-01  2.41335306e-01 -5.58594783e-01
  -2.49157417e-01 -5.42144448e-01 -1.56988971e-01 -1.03736667e-02
  -2.09730704e-01 -2.22166259e+00 -9.68785671e-01  8.37271554e-02
  -5.04589041e-01  7.16342259e-01  1.12676658e+00  4.35218743e-01]]