[[-3.96281353e-01 -1.09846126e+00  4.56895216e-01  1.56271493e+00
  -8.58005285e-01 -6.93808609e-01 -5.68657067e-01  6.56849153e-01
  -1.36885634e-01 -3.50883044e-01 -5.38225886e-01 -1.86723788e-01
   1.56583540e+00 -3.72758287e-01 -4.23668307e-01 -6.75086398e-01
   2.07472457e-01 -4.53057789e-01  3.36041434e-01  3.73205575e-01]
 [ 3.14755949e-01  7.18124404e-01  8.78961520e-01  1.22465665e+00
   3.62416634e-01 -3.71407928e-02 -1.67062528e+00 -7.17371825e-01
   6.65427996e-01 -5.23784892e-01  5.34679596e-01 -9.35960840e-02
   3.27074599e-01 -4.96887085e-01  3.65856812e-01 -4.69777178e-01
  -1.20962647e+00 -3.03229639e-01 -5.13764524e-01 -5.81018185e-01]
 [ 6.48374403e-01 -2.06860257e-01  5.52703013e-01 -1.35819345e+00
  -6.29120966e-01  4.12135014e-01 -6.29994461e-01  4.89513534e-01
   8.22746790e-01 -8.37396426e-01 -2.51832440e-01  6.83939548e-01
  -3.24037642e-01 -5.51580029e-01 -1.14316019e+00  9.34381102e-01
  -9.52302677e-01 -4.65502171e-01  5.26228156e-01 -2.28893090e-01]
 [ 5.25530745e-01 -3.12559614e-01 -1.31092887e+00 -1.15251735e+00
  -1.02090768e+00 -4.37553033e-01  2.19874320e-01  8.82160769e-02
  -5.63376388e-01  1.04639497e+00  9.08264537e-01  8.46764781e-01
   2.92097530e-01  6.43756392e-01  1.41228672e+00 -8.72575213e-01
  -1.31747935e-01  8.59911161e-02  7.31349840e-01 -1.33640288e-01]
 [-4.46826946e-01 -1.09554906e-01 -1.11897569e-01  5.77011908e-01
  -2.26203223e-01  1.14287477e-01  1.53846348e-01  1.12602409e+00
   6.23203011e-02 -9.11979698e-01 -5.54012815e-01  6.54053256e-01
  -5.73323609e-01 -1.99736249e+00  4.77810226e-01 -2.27152853e-01
  -8.59506082e-02 -1.36335602e-02 -1.61281570e-01 -1.09996583e+00]
 [ 2.56270633e-01 -9.75863761e-01  8.42021182e-01 -1.02821102e+00
   6.74663215e-01  6.22929017e-02  8.05615786e-01  2.33073457e-01
   9.58450741e-01  8.85996578e-01 -3.03392217e-01  3.19440100e-01
   1.11870242e+00 -1.26419007e+00 -6.22950464e-01 -7.93554685e-01
   1.51755527e+00 -3.70805784e-02 -5.74790753e-01  7.18362075e-01]
 [-9.19394755e-01 -1.99323824e-02 -7.10102265e-01  3.83036049e-01
  -5.05655437e-01  2.35617215e-01 -1.47390546e+00  8.09065558e-01
  -5.77118970e-01 -7.94270290e-01  2.32260905e-01  1.24927289e+00
  -8.80041400e-02  4.08722840e-01 -3.75759329e-01 -2.51007613e-01
  -8.11500358e-01  3.93067720e-01 -3.28444255e-01  5.50966899e-01]
 [-1.69085282e-01 -2.97847901e-01 -1.19727606e-01  1.33473604e+00
   1.53419482e-01  5.38751793e-01  8.70087596e-01  6.45891102e-01
  -6.16102125e-01 -5.12583452e-01 -7.89936213e-01  2.07935831e-01
   1.15151068e+00 -1.22103377e+00 -4.32497560e-01 -3.11218811e-01
  -5.47526136e-01 -6.48353163e-01  7.20476152e-01 -1.72417687e-01]
 [ 1.78555297e-02  2.41057329e-01  3.67470568e-01  8.34377055e-03
   5.35160159e-01 -7.67628640e-01 -7.23987225e-01 -1.44626510e-01
   7.15812012e-02  3.98326458e-01 -5.98727275e-01 -4.06516326e-01
   5.05729075e-01 -2.15046852e-01 -5.94533748e-01  1.27077344e+00
  -1.74411049e-01  7.91008267e-01  3.24155551e-01  4.22160689e-01]
 [-9.80025857e-01 -1.38419153e+00 -6.12135766e-01 -2.51906232e-01
  -7.02076324e-01  6.02042749e-01  1.18135339e+00 -8.84568055e-01
   5.45040765e-01  6.27690211e-01  5.86474358e-02  7.86506520e-04
   8.54286440e-01 -1.30291500e+00  9.37374895e-01  3.32713344e-01
   9.82835731e-01 -3.13887780e-01  5.22585131e-01  8.45611688e-01]
 [-6.89394605e-01 -2.76510720e-01  1.46499178e+00 -5.82685261e-01
  -6.80867504e-01 -4.75612026e-01 -3.16560225e-01  7.31743783e-01
   1.54587666e+00 -8.82461588e-01  8.40446778e-01  1.91325535e-01
   6.17474626e-01 -1.05146679e+00 -3.48441581e-01 -5.82344638e-01
  -1.38461096e-01  8.56673197e-01  1.07454784e+00  6.78360205e-01]
 [ 5.90006987e-01 -5.73839838e-01  3.90584321e-01 -7.39495771e-01
   1.60257236e-01 -3.58302144e-01 -1.58551318e-01 -3.42204717e-01
  -1.00681796e-01  1.64173564e-01  1.21873793e-01  7.71269877e-02
   1.29331916e-01  1.38578110e-01 -4.18610562e-01  1.05473997e-01
  -1.31877978e+00  1.93603633e+00 -6.76883268e-01  1.43572475e+00]
 [ 5.91845721e-01 -1.67716845e+00 -5.29687452e-01 -7.15664325e-01
   7.91648001e-01 -9.45284270e-01 -6.53810029e-02 -6.97481819e-01
   9.34723334e-01 -9.02211391e-01  2.82687353e-01 -7.80248162e-01
   6.38114944e-01 -2.06557791e-01 -6.95299904e-01  1.46646202e-01
  -2.71110533e-01  1.27082768e+00  1.26115931e+00  3.54448842e-01]
 [-1.00535160e+00  1.94926127e-02 -8.26532967e-01 -9.14402256e-01
   4.84311448e-01 -7.12507001e-01 -4.11915152e-01  5.07560717e-01
   1.87876831e-02 -6.40207225e-01 -5.81103765e-01  1.25479245e-01
   4.48606685e-01  1.07200465e+00  1.19360648e+00  2.00940279e-01
  -5.91295231e-01 -1.87465922e-01 -4.51393704e-01 -5.78415264e-01]
 [ 5.84216487e-01  1.02753294e+00 -8.09824456e-01 -2.77797194e-01
   4.86387743e-02 -7.29962120e-01 -6.62906177e-03 -7.23318277e-02
   3.70581378e-01  2.10438913e-01 -1.26730372e-01 -3.36736072e-02
   6.23225504e-01  1.76961023e-01  3.75088786e-01 -4.39754468e-01
   2.72066335e-01 -6.00332586e-01 -1.21954591e+00 -7.97948295e-01]
 [ 2.50518389e-01 -7.88456279e-01  2.73399014e-01 -2.76314423e-01
   1.98027638e-01 -3.96385383e-01  8.55812125e-01  6.07744218e-01
   5.37129188e-01  1.09701041e+00  7.33186582e-02 -3.01455062e-01
   1.57228794e+00  2.64028330e-01  3.45507405e-01 -1.20317320e+00
  -3.48458396e-01  1.31600374e+00  4.33796975e-01 -1.01164665e+00]
 [ 3.11171065e-01  7.76151774e-01  6.80523749e-01  4.68643731e-01
   6.49941553e-01  4.85295733e-02  4.52554076e-01 -3.01386572e-01
  -9.48576254e-01  1.88582292e-01 -1.23725503e-01  1.99854194e-01
  -5.40360899e-01 -7.18577875e-01 -3.87647632e-01  6.34306544e-01
  -3.66721764e-02 -6.73972195e-01  3.02533462e-01 -1.62947292e-01]
 [-6.22879183e-01 -9.90327896e-02 -1.01365907e+00  3.42209512e-02
  -7.69700219e-01 -1.62739445e+00 -7.16143110e-02  5.23506644e-01
   2.94275492e-01  3.89282414e-01 -3.50398980e-01 -5.61470554e-01
   5.30911577e-01  1.10915838e+00 -8.46514150e-01 -1.02608765e+00
  -4.48291444e-01  3.94046779e-01  1.05044750e+00  9.14844536e-01]
 [-8.43004621e-02 -3.85324716e-01 -3.34525757e-01  6.99717117e-01
   2.24054371e-01  7.81199426e-01  1.01497383e-01  7.83320894e-01
  -9.98265745e-01 -1.31412995e+00  3.03497813e-01 -8.28513366e-01
   8.57153196e-01 -8.49769836e-02 -6.41485267e-02 -6.12563424e-01
  -5.34128065e-01 -1.78065734e-01  1.05398834e+00  1.01815446e-01]
 [ 5.54690475e-01  6.59870008e-01 -5.07581641e-01  9.25612454e-02
  -5.73078341e-02 -3.44207177e-01 -5.81731059e-01  1.72571281e-01
  -3.86128165e-01 -1.53411595e+00 -1.74860584e-01  3.92523593e-01
  -3.36953113e-01 -8.23193640e-01 -1.56230080e-01 -9.34810794e-01
  -5.18985420e-01 -1.00992567e-01 -4.33523538e-02 -2.93939044e-01]
 [-1.11079497e+00 -4.45065803e-01  1.77059624e-01  6.19007942e-02
   4.18799780e-01 -1.48114884e+00 -1.18764091e+00  3.77336338e-01
  -6.14582324e-01  2.52288849e-01  7.53620514e-01 -1.15486028e+00
   1.10797613e+00 -6.11526002e-01 -8.99517310e-01 -6.31258201e-01
   4.75429079e-02 -9.32517456e-01 -1.11676578e+00  6.52277630e-01]
 [ 4.34349769e-01 -1.79037432e-01  2.01001859e+00  6.45875747e-02
   7.23159159e-01  7.02917670e-01 -7.59535615e-02 -8.37272432e-01
   9.41352454e-01  7.63357123e-01 -3.78978414e-01  4.02320677e-02
   9.54284007e-01 -4.51794426e-01 -4.02806751e-01 -6.39063114e-01
   3.62008699e-01 -7.03508245e-01  3.18271984e-01 -6.02049068e-01]
 [ 7.49652764e-01 -4.09806981e-01  8.13812845e-01  3.18948571e-01
  -6.09654941e-01 -3.49120143e-01  4.45256821e-01  1.00324674e+00
  -7.05327225e-01  7.24821220e-01 -4.63883249e-01 -4.70867404e-01
  -1.30678954e+00  4.84278066e-01  2.60025857e-01  4.44527373e-01
   7.83170062e-02 -7.32086877e-01 -5.01962315e-02 -2.64892848e-01]
 [ 6.02549967e-01  6.12069846e-02  1.03766666e+00 -9.87530668e-02
  -7.85082034e-01 -1.05023879e+00 -3.84862546e-01  3.91054339e-01
  -1.17336635e+00 -1.02629270e+00  1.62680732e-01  1.09275156e+00
  -1.74951541e-01  4.73603261e-02  3.65083474e-01  6.45854722e-01
  -7.47209732e-02  4.93857333e-01  1.02689452e-01 -7.76640179e-01]
 [-4.25454517e-01 -2.43483084e-01  1.34953770e+00  1.02480640e+00
   4.58446604e-01 -9.00827694e-01 -5.64950413e-01 -5.66815421e-01
  -2.22934663e-01 -9.06002769e-01  1.12682525e-01 -1.58931309e-01
  -4.74650711e-02 -3.49357235e-01  1.06437176e+00 -6.79791075e-01
  -5.07956871e-02  4.04627471e-01  4.55230581e-01 -1.07685811e+00]
 [ 3.77578146e-01  1.81567030e-01  7.02273024e-01 -2.42739880e-02
  -1.09488721e+00 -4.84228381e-01  5.95759308e-01  4.47275993e-02
  -9.89003156e-01 -1.24632407e+00 -1.00913365e+00 -4.76907020e-02
   3.10064248e-01 -2.46580600e-01 -1.50070397e+00 -2.15009731e-02
  -1.41833926e-01  3.55109871e-01  1.34550003e-01 -6.54426370e-01]
 [-7.83153426e-01 -3.22999487e-01  3.11200985e-01  4.94925738e-01
   7.15110857e-02 -3.33997125e-01 -4.33234393e-01 -7.14950350e-01
  -1.06826565e+00 -5.50389030e-01 -6.42826286e-01 -5.49698589e-01
  -1.34694850e-01 -2.84902790e-01  1.74827423e-01  5.82021141e-01
   2.76143114e-01  1.10689568e+00 -1.24986119e+00  2.04929826e-01]
 [ 2.31794373e-01  1.61155736e-01 -3.70879237e-01 -2.03200357e-01
  -7.57353346e-01  3.95232418e-01  2.41462396e-01 -9.83119575e-01
   1.11667429e+00 -1.57609918e+00 -3.67405265e-01  1.66385069e-01
  -3.69725429e-01  4.94618261e-02 -7.95638604e-01 -7.64977416e-02
  -7.72595757e-01 -2.72118614e-01  5.42158730e-01 -6.32200185e-01]
 [ 2.41842432e-01 -5.37906291e-01  8.44584427e-01 -7.13466756e-02
  -4.27785605e-01 -6.00985452e-01 -6.40699398e-01  8.42716633e-01
  -7.38409942e-01  1.14940311e+00  4.72119034e-01 -5.87229985e-01
  -9.17672707e-01 -1.37183886e-01  7.87482497e-01  9.44362030e-01
   3.14556481e-01  1.25990978e+00 -1.63026988e-01  1.50664951e-01]
 [-2.62998825e-01 -5.28794306e-02  1.33787128e+00  4.87685173e-01
  -1.45845822e+00 -2.22100932e-01 -1.16854768e+00 -8.54867311e-01
   3.80952313e-01  8.60699177e-01 -4.31571768e-01  9.97129317e-01
   1.27187638e+00 -1.02380522e-01  1.25904901e+00  8.60103928e-01
  -1.14850465e+00  9.00926854e-01 -6.08699626e-01 -1.16398306e+00]
 [ 6.17509752e-01  4.62595569e-01 -7.50440522e-01  2.13013953e-01
  -3.85379315e-01 -4.71458108e-01 -7.91013397e-01  4.10279680e-01
  -3.35806354e-01 -4.64318574e-01 -7.81611745e-01 -9.00733580e-01
   5.50954895e-01 -7.26779257e-01 -1.58233029e-01 -1.42792896e-01
  -5.89595329e-01 -3.89983691e-01 -1.23211223e+00 -3.86330491e-01]
 [ 8.99544872e-01 -6.76384896e-01  1.09868282e-01  1.27605847e+00
  -1.03299770e+00 -9.22656572e-01  1.38196191e-01  6.55285494e-01
   7.95126630e-01  7.93234418e-01 -5.68060147e-01 -1.45329618e+00
   6.24855669e-01  1.12290301e+00 -1.18719914e-01 -8.91399711e-01
  -5.67421368e-01  1.10529359e+00  8.09192237e-01  1.03818515e+00]
 [ 1.45953803e+00 -1.25646265e+00  2.25594554e-01  6.18548415e-01
   1.42051332e-01  2.73351459e-01 -4.88845723e-01  1.12649848e-01
  -1.32356295e+00 -3.75661981e-01 -4.85371896e-01 -5.80148603e-01
  -8.82148837e-01  6.30845371e-01 -5.15596985e-01 -5.56197264e-01
  -6.17577864e-02 -7.26055092e-01 -1.66717685e+00  5.86119143e-02]
 [ 8.21171697e-02  1.49252982e+00  4.59394234e-01 -4.42554808e-02
  -9.98941413e-01  8.40390293e-01  9.37105943e-01  7.94316427e-01
   9.88680141e-01  5.51486383e-01  2.26347933e-01 -5.92861061e-01
  -4.02052834e-01  6.53595705e-01 -6.24842677e-01 -3.30392770e-01
  -8.77023873e-01 -1.56968755e-03  4.10949737e-01  2.56285199e-01]
 [ 1.21389956e+00 -1.18502639e+00 -1.49227953e+00 -1.12618548e+00
  -5.82457534e-01 -1.53805409e-01  8.61203129e-01  7.94294318e-01
   9.65805357e-01  1.12675300e+00 -2.31378262e-01  9.52797272e-01
  -6.92734295e-01 -1.17096802e+00 -1.45733712e-01 -1.92183222e-01
  -5.49777630e-01  2.16004200e-01  5.88620119e-01  9.47286236e-01]
 [ 1.21417119e+00  7.10348434e-01  3.53724473e-01 -7.61088084e-01
  -1.14693657e+00  9.52660966e-01  1.33048506e-01 -4.70652325e-01
   1.07663733e+00  1.00905311e+00 -2.76647118e-02  2.52536754e-01
   8.90995225e-01 -8.34521348e-03 -9.88580313e-02  1.31817756e+00
   1.11476408e-01  1.46608635e+00 -2.53948718e-01 -1.32165562e-01]],[[-3.42517226e-01 -5.49114136e-01  2.44067691e-01 -6.81526927e-01
  -4.94345079e-01 -4.00311920e-01  1.06039659e-01  2.12300103e-02
   1.47326145e+00 -1.04946161e+00  1.34172233e+00 -4.22470195e-01
   1.46104707e+00  9.43465360e-01  2.65581672e-02  3.70386432e-01]
 [ 9.88286903e-01 -9.93548572e-01  1.09382397e+00 -2.36338048e-01
   2.34277119e-01  3.72691480e-01  3.25584843e-01  4.80031001e-01
  -1.78035278e-01  3.58305860e-01  7.28622327e-01  6.20727104e-01
  -1.84195905e-01  6.71511550e-01 -6.45307617e-01 -1.04061197e+00]
 [ 1.17360613e-03 -7.21795107e-01 -5.13341811e-01 -1.65272220e+00
  -2.72198934e-01 -1.86768665e-01  5.74468494e-02 -3.09754707e-01
  -8.08062257e-01 -5.05097295e-01  6.09504418e-02 -1.41306939e+00
   7.36321380e-01  1.62685738e+00  4.61876014e-02  8.77588270e-01]
 [ 8.80843012e-01  1.28487897e+00  9.04620134e-01  5.30765161e-01
  -1.90695113e+00 -1.12364284e+00  1.47649377e-01  2.45021236e-01
   5.10962542e-02 -2.32606949e+00 -5.92443027e-01 -3.24812927e-01
   8.89708948e-01 -4.63704279e-01  1.72690332e+00 -1.39942551e-01]
 [-7.11205998e-01  6.10920139e-01 -1.84383760e-01 -3.57956577e-01
  -8.55923175e-01  9.11757211e-01 -8.63196116e-01  2.31688853e-01
   6.85402190e-01 -2.11554525e-01  1.81432040e-01  1.22986785e-01
  -4.36625236e-01  1.96068914e+00 -1.65005960e+00 -5.60427610e-01]
 [ 7.66543702e-01  7.80409939e-01  8.58087438e-01  1.10263082e-01
   2.27521532e+00  2.30112173e-01 -1.43859609e+00 -1.37478271e-01
   5.80115346e-01  1.27556001e+00  1.18866933e+00  3.77257952e-01
  -2.62144608e-01  1.44387759e-01  1.03160793e-02 -4.48201262e-01]
 [ 4.84979689e-01 -6.07517168e-01  2.46750273e-01  8.80245970e-01
   6.23086686e-01 -2.00952875e-01 -1.03693622e-01 -1.08929452e-02
   1.05624696e+00  4.51448873e-01 -2.00704923e-02 -6.79945223e-02
   6.02870803e-01 -3.64539872e-01 -4.23318206e-01 -2.23364063e-01]
 [-1.23872272e+00 -1.65622332e+00  1.25274552e+00 -1.28136561e+00
  -7.26885413e-01 -4.81155233e-01 -1.18432794e+00 -2.81133531e-01
  -8.75880878e-01  2.04448591e-01  3.06436832e-01  4.29362736e-01
  -2.01858136e-02  2.83967170e-01  4.58568922e-01  6.65662669e-01]
 [ 2.58620562e-01  9.73859854e-01  2.61593164e-01 -3.13276710e-01
   1.18160966e+00 -2.91668010e-01 -4.45510921e-01  2.28548610e-02
  -6.49478242e-01 -2.22193153e-01 -2.16708748e-01 -2.89944492e-01
   5.55055118e-01 -3.88686318e-01 -1.42027450e-02  1.70668068e+00]
 [ 9.31338576e-02  4.99979503e-02  1.21014222e+00 -9.36820165e-03
   8.41308518e-01 -5.98471169e-01 -7.12209322e-03  7.65578262e-01
  -4.98223244e-01 -8.68426498e-01  1.23376470e-01 -1.36798011e-01
  -6.39758623e-02  3.02580269e-02  2.32735301e-01 -9.00752854e-01]
 [-2.46412683e-01  1.20818216e+00  1.83059609e-01  7.46530227e-01
   2.66034225e-01 -4.72364404e-01  1.23388409e+00  5.24386835e-01
  -4.20841930e-01 -1.63022986e+00  3.32398894e-01  1.27765792e+00
  -3.74570962e-01  5.66284988e-01 -5.58315668e-01  5.08119929e-02]
 [-1.16427589e+00  4.75756055e-01  2.85740794e-01  1.62537973e-02
  -1.92842956e+00 -1.23192953e+00 -1.96885517e-01 -8.78619929e-02
   8.72405422e-01  3.39995148e-01  1.00251197e-01  4.83021122e-01
  -2.19618433e-01 -7.75000327e-01  6.42243543e-01 -1.57616892e+00]
 [ 1.07104286e-01 -1.11312783e+00 -5.37474570e-01  1.45522034e+00
   8.19240286e-01 -1.64063461e-01 -9.88919206e-03 -1.12360959e+00
   2.91856438e-01  8.84297520e-01 -4.93341731e-01 -5.54648507e-03
  -5.48763747e-01  8.99722462e-01 -1.84222968e-01 -8.66812544e-01]
 [-7.83669897e-01  6.28494539e-01 -8.14473471e-01 -4.26966545e-01
  -7.50228507e-01  3.29591710e-01  1.39866453e-01  4.69782276e-01
  -5.05611552e-01 -1.37071132e+00  4.91832396e-01  5.51820442e-01
  -7.03853785e-01 -1.01799925e-01  7.66879900e-01 -1.48798657e+00]
 [ 6.41304997e-01 -1.41283825e+00 -4.94436057e-01 -1.36390357e+00
  -1.78448685e-01 -7.32626475e-02 -5.33388246e-01 -6.78467116e-01
  -1.70691376e+00  3.61554809e-01  1.79591627e+00 -1.73913674e+00
  -1.90261298e+00  4.22989189e-01 -3.96533395e-01  2.10169458e+00]
 [-1.95076838e-01 -7.43537491e-01 -4.48089108e-01  7.32498952e-01
  -1.31957227e+00 -4.75410252e-01 -6.43300225e-01  9.04260275e-01
   7.82003227e-01  3.00628738e-01  3.98307148e-01  1.98910860e-01
  -1.54979439e-02  7.51130037e-01  1.85571791e-01  1.15419678e+00]
 [-1.19290551e+00  9.64846388e-02  1.05390735e+00 -1.93953686e-01
  -4.33826033e-01  6.61353546e-01  8.23519107e-01  1.85915627e-01
   8.74520233e-01 -6.70791452e-01 -1.75153208e-01  3.76240687e-01
   2.14719997e+00 -8.00430285e-01  6.39542233e-01  1.20078474e+00]
 [ 2.31336138e-01 -6.54991735e-01 -5.70404251e-01  6.48600521e-01
  -6.99222805e-01  2.71955738e-01 -3.00541118e-01 -5.73597828e-01
  -1.90654044e-01  1.78488060e+00 -3.41840008e-01  3.06751841e-01
   1.93238785e-01 -1.09837370e-02 -4.37684318e-01  4.13888393e-01]
 [-1.77654017e+00 -7.67248072e-01 -1.22426499e-01 -1.19339766e+00
   1.08359655e-01 -1.19682014e+00  5.47414004e-01  1.35472770e+00
   3.03249024e-01  5.58605102e-01  2.44249202e-01  1.61197365e+00
  -5.31179497e-01 -1.21890992e+00 -4.88964128e-01 -1.13966129e+00]
 [ 2.10355651e-01  7.26513692e-01  4.67241503e-02 -2.10783050e-01
  -2.04870148e-01 -4.62016172e-01 -3.64341508e-02 -1.22540305e+00
  -4.77697016e-01 -8.79044885e-01 -4.96826319e-01 -6.41616236e-01
  -7.11700437e-01  3.29773765e-01  3.60889353e-01  1.37194128e+00]]