[[-4.17056548e-01 -8.74657459e-01  3.37074607e-01  1.31938430e+00
  -9.59476251e-01 -1.42259092e+00 -1.86705362e-01  8.71632849e-01
   5.89754664e-02 -2.61009607e-01 -9.39541697e-01 -5.33053409e-01
   1.08038042e+00 -6.22786407e-01 -4.23668307e-01 -1.03802092e+00
   9.70003612e-01 -6.11406922e-01  5.51542343e-01  3.73205575e-01]
 [-9.18799216e-02  4.32090734e-01  7.48076642e-01  1.25024398e+00
   1.82808173e-01 -5.56467871e-02 -2.10790243e+00 -2.01133302e-01
   4.53454285e-01 -8.85711229e-01  1.41296600e+00  4.03907902e-01
   1.06967123e-01 -1.02179562e+00 -3.39270025e-01  1.04017203e+00
  -1.28811708e+00 -2.17509270e-01 -5.13764524e-01 -6.14665200e-01]
 [-3.73662539e-01 -2.75815768e-02  6.12483790e-01 -7.22638192e-01
  -3.07799975e-01 -5.67471063e-01 -1.38243412e+00 -4.97267642e-01
   1.71100198e+00 -1.42958380e+00 -6.90618481e-01 -1.73689635e-01
  -6.48205599e-01 -4.14406155e-01 -1.33603886e+00  9.34381102e-01
  -2.46268847e-01 -5.63262387e-01  7.28648801e-01 -4.33022631e-01]
 [ 4.75192448e-01  2.78460210e-01 -7.68497826e-01 -8.24292034e-01
  -1.63740306e+00  4.10838272e-01  2.90635601e-01  8.70462823e-01
   2.02639461e-02  9.64455343e-01  2.05574527e+00  6.11626952e-01
   2.92097530e-01  1.12567171e+00  1.05105509e+00 -4.69020753e-01
  -2.21929840e-01  7.08321832e-01  7.31349840e-01 -7.07868419e-01]
 [-1.38148960e+00  4.55365100e-01  1.30854314e-01  4.29086739e-01
  -2.26203223e-01  1.14287477e-01 -3.90131398e-01  2.93560041e-01
   1.59413504e+00 -7.27937941e-01 -2.20486168e-01  1.10360295e+00
  -5.73323609e-01 -6.07175909e-01  6.48086016e-01 -2.27152853e-01
  -3.00618888e-01 -7.66157710e-01 -1.61281570e-01 -1.03596478e+00]
 [-7.48581667e-01 -9.47138324e-01  4.44779376e-01 -8.22092610e-01
   9.31370210e-01  1.84020580e-02  3.11631898e-01 -3.97968005e-01
   9.58450741e-01  9.19111117e-01 -3.03392217e-01  5.77598124e-01
   9.75959569e-01 -1.65171747e+00 -1.10827986e+00 -8.88155318e-01
   9.28947741e-01  3.28502213e-01 -1.09098484e+00  6.71168450e-01]
 [-9.19394755e-01 -1.24719368e-01 -7.52612520e-01 -3.77599264e-01
   8.88687021e-01  4.51362235e-01 -4.73143788e-01  7.47527016e-01
  -1.62287572e+00 -7.94270290e-01 -4.37013010e-01  1.32826905e+00
  -8.80041400e-02  4.08722840e-01  2.98183355e-01 -6.97925567e-02
  -2.25280172e-01 -9.36235217e-02 -7.97649539e-01  4.75984158e-01]
 [-1.69085282e-01 -3.36670499e-01  3.15738695e-01  1.33473604e+00
   3.74393482e-01 -8.50480732e-02  5.53939380e-01  2.22580503e-01
  -1.92692166e-01 -5.12583452e-01 -5.67897589e-01 -6.28409916e-02
   7.92440046e-01 -1.08563167e+00 -8.69726824e-01  8.34381153e-02
  -1.05275018e-01 -9.05048166e-01  8.57523018e-01 -1.72417687e-01]
 [ 3.11409311e-01  2.41057329e-01  7.56141673e-01  6.51112171e-01
   5.35160159e-01 -9.66178264e-01 -7.07655959e-01  1.30756191e-02
  -9.34244997e-02  4.94651232e-01 -4.06942387e-01 -2.50240511e-01
   6.18765531e-01 -3.35685303e-01 -8.13952218e-01  6.19743126e-01
   2.85062234e-01  7.91008267e-01  8.47531583e-01 -4.10086334e-01]
 [-1.00248634e+00 -1.17970083e+00 -1.53323321e-01  1.19648513e-01
   1.48021779e-01  5.75439006e-01  3.98947064e-01 -5.68953959e-01
   7.17266747e-01  8.86718609e-01 -7.30803120e-02  4.50254569e-01
   1.43350900e+00 -3.52558726e-01  6.60905688e-01 -4.85302273e-01
   7.76565198e-01 -2.65123645e-01  3.89654113e-01  6.25888724e-01]
 [-3.51254854e-01 -1.08562452e+00  1.67877357e+00 -3.27458812e-02
  -7.74866446e-01 -1.94365037e+00 -1.12222762e+00  8.38588787e-01
   6.25912801e-01 -3.45644880e-01  1.82304391e+00  9.07738416e-01
   2.76259650e-01 -8.32898462e-01 -1.02773681e-03 -1.27943997e-01
   2.62211572e-01  4.39942074e-01  1.06638111e+00  1.15016912e+00]
 [ 2.51077112e-01 -1.50420445e+00  3.09099552e-01 -9.83462236e-01
   1.84732357e-01 -9.59485216e-01  1.08088929e-01 -5.76122243e-01
   1.22317738e-01  5.77650981e-01 -3.26308610e-02 -2.87335633e-01
   5.39532527e-02 -4.25680615e-01 -1.33879214e+00  2.11617216e-01
  -8.47829334e-01  1.85499652e+00 -9.70919899e-01  9.91496251e-01]
 [ 8.96856072e-01 -1.62067304e+00  9.41282053e-02 -7.73856607e-01
   3.99070697e-01 -5.48420226e-01 -7.99511597e-02 -1.03532760e+00
   1.50635574e+00 -1.21080563e+00  7.62382462e-02 -1.45787609e+00
   5.63589972e-01 -4.37948815e-01 -3.89928395e-01  7.35597177e-02
   4.86453088e-01  8.59219487e-01  1.64282287e+00 -6.32370891e-02]
 [-1.06857080e+00  6.66539528e-01 -7.79368031e-01 -4.77687120e-01
   6.79810525e-01 -3.81449927e-01 -4.18657216e-01  6.68714617e-02
   1.08582578e-01 -6.40207225e-01 -3.85695607e-02 -1.72981859e-01
   1.05365168e+00  8.22197063e-01  8.55954722e-01  1.32229479e+00
  -1.32530067e+00 -9.68453826e-01 -2.51661502e-01 -5.78415264e-01]
 [ 2.09430563e-01  1.12903088e+00  1.61948594e-01  3.12205372e-01
   4.86387743e-02 -1.19055189e+00  2.48906743e-01  2.17050504e-01
   4.60680625e-01 -7.33855998e-01 -3.23783321e-01 -3.66867594e-01
   6.79566547e-01 -7.06790376e-02  3.23753870e-01 -1.23441802e-01
   2.72066335e-01 -1.66930400e-01 -1.54798609e+00 -2.55085748e-01]
 [ 3.97752093e-01 -1.11629863e+00  6.05154005e-01 -2.76314423e-01
   1.98027638e-01 -4.69748611e-01  1.58884335e+00  6.43148685e-01
   5.80114591e-01  1.29966996e+00 -3.30571539e-01  1.71104573e-01
   6.67047832e-01  1.51454096e-01 -2.27387337e-01 -1.81543446e+00
  -1.10630049e+00  1.01231133e+00  2.40525751e-01 -5.10295377e-01]
 [ 1.31539909e-01 -7.15276604e-03  5.64372800e-01 -3.52479173e-01
   9.89173358e-01 -8.80555306e-01  1.46513738e+00  2.85272200e-01
  -2.06604715e-01  8.77653923e-01 -5.14860142e-01  3.35010310e-01
  -5.59719712e-01 -8.02060010e-02 -6.55925433e-01  1.06923530e+00
  -3.66721764e-02 -6.73972195e-01 -1.99921332e-02  1.98949057e-01]
 [-6.22879183e-01  6.00011619e-01 -1.22930163e+00 -9.61888267e-02
  -1.09668816e+00 -1.40652300e+00 -7.99246533e-01 -1.14078963e-01
   2.94433163e-02  1.93713589e-01 -6.96220954e-01  2.83187549e-01
   9.95817449e-01 -3.53248796e-01 -7.71662406e-02 -1.47196485e+00
  -1.39137453e-01  3.94046779e-01  8.22066101e-01  1.01494037e+00]
 [-7.56645714e-01 -9.25657019e-01 -3.34525757e-01  6.20429994e-01
   6.15738226e-01  7.81199426e-01  2.15720226e-01  3.98622854e-01
  -6.58274772e-01 -1.43496744e+00  1.75507979e-01 -8.28513366e-01
   4.49281617e-01  6.44976638e-02 -7.33658476e-01 -4.15159493e-01
  -4.47015438e-01 -5.75435864e-02  7.04588021e-01  5.13932891e-01]
 [ 7.63415028e-01  3.97366690e-01 -7.77207696e-01  1.66679168e-01
  -5.13699006e-02 -6.47298538e-01 -3.66821510e-01 -2.98108052e-01
  -8.26236997e-01 -9.96189883e-01 -1.92468012e-01  7.38749141e-01
  -1.16551665e+00 -1.37694946e+00 -7.03800937e-02 -1.26706951e+00
  -5.63740779e-01 -5.98502384e-01 -7.38098168e-01  3.94754975e-02]
 [-7.95802770e-01 -2.95819594e-01 -1.90164665e-01 -6.86717851e-01
   3.77861268e-01 -8.49742954e-01 -1.10173963e+00  1.58024165e-01
   9.57607405e-03  5.56013605e-01  3.63759063e-01 -3.50723762e-01
   9.79177872e-01 -5.50022601e-01 -7.53072301e-01  2.07321391e-01
   7.15991839e-02 -9.66780536e-01 -1.22921721e+00  1.37017526e+00]
 [ 4.19459046e-01 -3.25490317e-01  1.14656743e+00  2.78511983e-01
   1.02493557e+00  1.01008308e+00 -1.55045939e-01 -1.12840322e+00
   1.41816369e+00  3.86987294e-01 -4.57589354e-01  8.83509094e-02
   8.73515495e-01 -1.43869537e+00 -4.92661611e-01 -2.46814604e-01
  -2.29393694e-01  1.27311186e-01  3.18271984e-01 -1.02171512e-01]
 [ 7.49652764e-01 -7.26441284e-01  3.69571204e-01  6.97292755e-01
  -2.84260818e-01 -4.38021406e-01  4.01773044e-01  1.21010459e+00
   1.70249967e-01  1.00424367e+00  4.03346448e-02  2.74648775e-01
  -8.37899965e-01  3.82129193e-01  2.60025857e-01  4.75594235e-01
   2.25543378e-01 -8.86032685e-01 -5.24770583e-01  6.20891200e-01]
 [ 4.84627066e-01  9.04332710e-02  8.88115994e-01 -3.48831891e-01
  -1.29450441e+00 -1.23144178e+00 -8.91432075e-01  1.04235944e+00
  -8.66593012e-01 -1.01275348e+00 -1.89660500e-02  1.50859785e+00
   3.04608320e-01 -3.22715003e-01  2.89966137e-01  9.72075219e-01
   3.58312609e-01 -1.34102605e-01  1.70326114e-01 -4.80419345e-01]
 [-4.25454517e-01 -1.11410870e+00  1.15920911e+00  1.15935956e+00
  -1.19676050e+00 -1.80202687e+00 -7.74233220e-01 -5.42732868e-01
  -5.93834288e-01 -6.00098393e-01 -2.52711453e-01 -2.82458054e-01
  -5.35361264e-02  8.67129040e-02  7.35479579e-01  2.89888756e-01
   7.38874938e-02  6.47880809e-01  1.57525350e-01 -9.19794609e-01]
 [-2.00785651e-01 -2.89995816e-01  6.41715377e-02 -2.08939672e-01
  -1.04773370e+00 -2.09370440e-01  3.79405019e-01  7.19278299e-01
  -1.11329126e+00 -4.00559079e-01 -1.00913365e+00 -6.37967043e-01
  -1.56968559e-01 -7.52780550e-01 -1.15776521e+00  4.02000808e-02
  -2.22428954e-01 -5.70066764e-01  2.87624206e-01 -6.54426370e-01]
 [-1.03141030e-01 -3.43909668e-01  1.05993374e+00  7.89609079e-01
   1.37754838e-01 -2.20394832e-01 -3.98067859e-01 -5.58853998e-01
  -7.12376444e-01 -1.02082777e+00  3.19635005e-01  3.42595382e-01
   6.32634300e-02 -4.29023687e-01  2.98993641e-01  1.21068062e+00
  -2.76784442e-01  7.88749719e-01 -7.97076562e-01  4.53305968e-01]
 [ 1.88509587e-02  1.02038560e-01 -6.08287554e-01 -5.43313640e-01
  -6.77302777e-01 -8.33000498e-02  3.55095604e-01 -6.77722389e-01
   5.97457137e-01 -1.25347503e+00 -7.72619345e-01 -4.73111781e-01
  -1.03484987e-01  2.32243814e-01 -4.68716556e-01 -2.60230431e-01
  -1.47506308e+00  1.32468536e-01  6.58278573e-01  1.75476699e-01]
 [ 1.06827167e+00  4.28639657e-01  5.83426910e-01 -2.81986066e-01
  -4.94934686e-01 -8.72681214e-01 -1.41178732e+00  8.63159837e-01
  -2.77670136e-01  1.14489524e+00  3.86072620e-01 -7.50791042e-01
   2.51411474e-01 -3.45891249e-01  8.02843455e-01  4.25088229e-01
   1.07426802e-01  1.06373877e+00 -2.54284860e-01  1.35546467e-01]
 [ 5.85544449e-01  3.74175401e-01  1.18231740e+00  7.53534409e-01
  -1.13525854e+00 -8.35119688e-01 -8.07822040e-01 -8.43057855e-01
   2.89969276e-01  2.80933595e-01 -6.32116627e-01  1.33118992e+00
   8.23027073e-01 -1.49530191e-01 -3.54082126e-01  7.37792579e-01
  -5.09722613e-01  1.16335725e+00 -4.73947540e-01 -1.39280282e+00]
 [ 2.21492014e-01  3.31617159e-01  5.61533845e-01  8.27223082e-02
  -3.09972051e-02 -3.44602753e-01 -5.59152874e-01  3.66406836e-02
  -1.81901005e-01 -9.09178331e-01 -1.44449305e-01 -8.17059949e-01
   4.65330569e-01 -1.66998735e+00 -4.33409234e-01  2.63838822e-01
   6.37574786e-01 -3.16244374e-01 -1.02599911e+00 -4.46665549e-01]
 [ 8.99544872e-01 -8.49963912e-01 -6.78128081e-01  4.45770641e-01
  -2.35655797e-01 -1.30494250e+00  1.81764581e-01 -4.33880142e-01
   1.23085207e+00  7.93234418e-01 -1.24954783e+00 -1.28329881e+00
   1.10886065e+00  4.94908334e-01  2.47100729e-01 -4.25345386e-01
   2.89876679e-01  1.45082983e+00  6.97832947e-01  1.23561831e+00]
 [ 1.22582963e+00 -1.42944704e+00 -5.17294560e-01  2.04952841e+00
   5.10045270e-01 -2.81338977e-01 -6.16695765e-01 -1.83652278e-02
  -1.65960542e-01 -8.69042530e-01 -2.89019202e-01 -1.48441760e+00
  -6.49223422e-01  7.49077080e-01 -1.57148465e-02 -5.50079857e-01
   2.28461051e-01 -7.26055092e-01 -9.20481906e-01  3.65382336e-01]
 [ 1.41554304e-01  9.49210546e-01  9.40412350e-01 -6.86959755e-01
  -8.96562472e-01  1.10098315e+00 -6.72932100e-02  3.91837408e-01
   8.41578282e-01  4.86489211e-02  1.36352630e-02 -8.27019182e-01
   3.85857700e-01 -3.00615798e-02 -6.20072693e-01  7.23516117e-02
  -6.71691950e-01 -1.04111709e-01  1.02646634e+00  7.19804268e-01]
 [ 9.38121549e-01 -8.55923192e-01 -1.24118966e+00 -9.39701349e-01
  -4.66939440e-01  6.36859080e-01  4.74926106e-01  9.25910954e-01
   1.22380548e+00  8.97571059e-02 -2.34711395e-01  8.48803827e-01
  -2.23452078e-01 -3.57683168e-01 -6.13345850e-01  1.57139579e-01
  -5.49777630e-01  2.16004200e-01  4.26805368e-01  1.27400885e+00]
 [ 9.88203645e-01  4.31156131e-01  4.56096833e-01 -1.13146115e+00
  -1.14693657e+00  9.11709996e-01 -1.21970209e-01  1.05890680e-01
   8.78689773e-01  1.00905311e+00 -2.02892173e-02  7.48649837e-01
   1.45598630e+00  1.29800969e-01  4.54915565e-01  1.10456417e+00
  -1.03357364e+00  7.01308818e-01 -3.59532446e-02 -4.26707109e-01]],[[-1.19041910e+00  9.25952231e-01 -4.45186464e-01 -3.87370041e-01
  -5.61866644e-01  2.22828605e-01  1.36410219e-01 -3.80559437e-01
   1.16780362e+00 -1.42532385e+00  1.15855391e+00  2.23906096e-01
   5.80297611e-01  7.32811444e-01  4.78233532e-01  8.37122570e-01]
 [ 2.03445276e+00 -4.36444217e-01  7.32080901e-01 -8.90062441e-02
  -6.27749674e-01  2.43270210e-01  3.81195536e-01  3.25264279e-01
   3.62570352e-01  3.37141026e-01  8.72515411e-01  1.43631263e+00
  -7.61020283e-02  3.12651159e-01 -1.25786219e+00 -1.64505449e+00]
 [-1.45731185e-01 -1.45829446e+00 -1.46864177e+00 -1.11606895e+00
  -4.50011545e-01  2.57611512e-01  1.05584020e+00 -1.26052104e+00
  -2.00632245e-01 -1.36375242e+00 -2.30396296e-01  1.53601401e-03
   1.71755513e+00  1.29259323e+00  4.18502462e-01  1.42147499e-01]
 [-4.58612226e-01  2.14242621e-01  1.00499750e+00  3.60772829e-01
  -1.18252031e+00 -8.32818892e-01 -6.57532851e-02 -1.45420922e-01
   4.56873918e-01 -1.87427577e+00 -6.84245469e-01 -5.72450704e-01
  -2.65583761e-01 -1.15031735e+00  9.77951084e-01  3.19443237e-01]
 [-1.44522165e+00  1.92371738e-01  5.87216677e-01 -1.80879282e+00
  -1.87776279e-01  3.19468550e-01 -9.90544752e-01  1.16046103e+00
  -3.85060348e-01  5.34976410e-01 -6.10921279e-01 -4.44257722e-01
  -2.20999797e-01  8.87487755e-01 -2.30649742e+00 -8.61637217e-02]
 [ 1.01691380e+00  3.20125475e-01  1.39341853e+00  1.33300065e-01
   1.26962697e+00  2.29563518e-01 -5.29974733e-01 -5.46175613e-01
   9.17544383e-01  1.41156960e+00 -3.96716387e-01 -1.07720234e+00
  -7.88069702e-01 -5.51417999e-01 -5.58337125e-01 -3.36291229e-01]
 [ 8.66507563e-01 -1.48868842e+00  1.63187439e-01  1.25261849e+00
   1.37049924e+00  5.50514434e-01  1.07671360e+00  1.06986813e+00
   1.88718453e+00 -1.94376733e-01  3.51543325e-02 -4.86669062e-01
   1.58770623e+00 -9.94098722e-01 -2.20426633e-01 -8.17521788e-01]
 [-1.81047574e+00 -1.63986571e+00  2.29785727e-01 -9.98054280e-01
  -3.79868960e-01 -2.08655583e-01  1.57832881e-01 -3.58194307e-01
  -2.10451782e+00  2.04448591e-01  3.76334967e-01  3.96934920e-01
   8.35172948e-01  1.58817264e+00  1.70934148e+00 -9.91773494e-01]
 [ 1.46694193e-01  7.12574464e-01  3.86867906e-01  2.09201555e-02
   1.63234881e+00  1.39886078e+00 -5.03952287e-01 -2.15518372e-01
  -1.09062499e+00  8.31020103e-01 -1.43554191e-02 -9.00347921e-01
   1.77405203e-01 -5.28409955e-01 -5.36169630e-01  8.30993412e-01]
 [ 9.43092082e-01  1.14147943e+00  6.71100952e-02  6.51677488e-02
  -7.05288395e-01 -3.03145965e-01  1.10763568e-01  7.29300501e-01
  -8.68573882e-01 -1.52543828e+00  5.07320337e-01 -7.17000474e-01
   3.05463552e-01  6.26256230e-01  1.12039820e+00 -8.79836745e-01]
 [ 1.11048932e+00  1.35365740e+00  6.95113352e-01  1.75322613e-01
  -1.58863130e+00  1.05368185e-01  1.34898361e+00 -6.22656865e-01
   1.42585677e-01 -3.91944836e-01  1.30833787e+00  1.18969497e+00
  -1.08985894e+00  3.38822667e-02 -2.19326089e-01 -5.86116567e-01]
 [-8.18642477e-01  1.88271425e-01 -3.90419648e-02 -2.54451968e-01
  -9.04295194e-01 -7.32131749e-01 -2.77373649e-01  2.73461466e-01
  -1.10327252e+00  9.37857167e-01 -1.63823740e-01  1.07783413e+00
  -7.28733646e-03 -8.50936702e-01  1.69468612e-01 -9.72730786e-01]
 [ 8.08352822e-01 -1.63142462e+00 -1.18963902e+00  1.01105162e+00
   1.98156498e+00 -5.59333120e-01 -4.21128779e-01 -8.60691573e-01
  -4.36248322e-01  5.80201985e-01 -1.36209430e+00  2.39391817e-01
  -9.19118407e-01  4.57955988e-01  6.67028166e-01 -7.87698454e-01]
 [ 1.55604163e+00  4.40305882e-01 -1.92072779e-01 -9.84991564e-01
  -7.72637052e-01  8.21504556e-01  1.44373723e+00  4.63009505e-01
  -2.90095314e-01 -6.09441051e-02  7.82208616e-01  5.56574272e-01
  -1.26386865e+00 -8.85113131e-01  7.54713541e-01 -1.12268790e+00]
 [ 8.92434055e-01 -6.76465147e-01 -1.83071459e-01 -1.87358773e+00
  -4.37090590e-01 -7.02068105e-01 -1.04565655e+00 -1.01037453e+00
  -1.36086227e+00  2.08810537e-02  1.26515000e+00 -1.27695675e+00
  -1.51642560e+00 -3.36484256e-01 -4.54568761e-01  2.27453029e+00]
 [-1.85070609e-01 -6.45409694e-02 -2.56712893e-01  4.25156045e-01
  -5.71929265e-01 -1.26968057e-01 -7.82257618e-01  1.00365836e+00
  -3.76030746e-01  4.35373854e-01  5.36996968e-01  1.01226655e+00
  -2.40714935e-01  1.35236713e+00  9.95932899e-02  1.08261320e+00]
 [-2.85680995e-01  1.35060614e-01  1.73875604e+00  2.26242128e-01
  -5.80310660e-02  7.65278415e-01  9.11309505e-01 -4.11961963e-01
   3.36754606e-01 -1.56389349e+00  9.05449697e-01 -2.69680616e-01
   6.45979611e-01  2.21931770e-01  1.75525583e-01  1.46825966e+00]
 [-3.79945553e-01 -1.98687500e+00  5.90923850e-01  1.19013933e-01
   2.83907510e-01 -2.12450976e-01 -1.34146701e-01 -7.24751223e-02
  -7.54315564e-01  9.05775276e-01  1.09768734e-01  7.28035996e-01
  -3.46033272e-01  1.48874738e+00 -3.51594521e-01  1.11785449e+00]
 [-1.34847036e+00 -4.69630146e-01  3.19763420e-02 -1.90041519e+00
   9.83090337e-01  1.82067771e-01  3.31053313e-01  1.12948774e-01
   1.18288032e+00  3.47680307e-01  2.84378817e-01  4.72387482e-01
  -9.68322413e-01 -7.09497896e-01 -1.58450299e-01 -6.76741468e-01]
 [ 1.09985573e-01  1.24822090e+00 -1.38054748e-01 -3.40919709e-01
   3.60287258e-02  4.17110620e-01  4.98499642e-02 -1.93370518e-01
  -4.85965228e-01 -1.02531558e+00 -6.88557778e-01 -2.55749774e-01
  -1.13343590e+00 -6.29712984e-01  6.98975106e-01 -8.13254894e-01]]