[[ 5.84779153e-02 -5.12150307e-01  6.61944154e-02  1.31938430e+00
  -8.87509362e-01 -1.42259092e+00 -1.86705362e-01  8.71632849e-01
   5.89754664e-02 -1.30037324e-01 -9.39541697e-01 -5.33053409e-01
   1.46086652e+00 -6.22786407e-01 -4.23668307e-01 -1.31490738e+00
   9.31077878e-01 -8.78668592e-01  2.02194131e-01  1.52965535e-01]
 [ 9.00586076e-02  4.81166477e-01  7.48076642e-01  7.93597400e-01
   2.77107017e-01 -5.56467871e-02 -1.80995542e+00  2.58239318e-01
   4.53454285e-01 -8.85711229e-01  1.07094645e+00  4.03907902e-01
   1.06967123e-01 -5.00970335e-01  1.03672009e-01  1.21064382e+00
  -8.24621307e-01 -2.17509270e-01  2.35404605e-01 -5.33524781e-01]
 [-2.12127442e-01 -2.97768056e-01  7.30946589e-01 -6.44237176e-01
   1.99905383e-03 -2.57137347e-01 -1.38243412e+00  3.12502865e-01
   1.44945245e+00 -1.42958380e+00 -6.90618481e-01 -3.44678548e-01
  -8.70446882e-01 -4.14406155e-01 -1.33603886e+00  1.21769168e+00
  -5.88675452e-01 -4.65502171e-01  7.28648801e-01 -4.33022631e-01]
 [ 1.54551363e-01  4.54538985e-01 -1.17994522e+00 -6.51940624e-01
  -1.63740306e+00  4.10838272e-01  4.31926101e-01  8.70462823e-01
  -3.16140175e-01  7.49131489e-01  1.98132106e+00  6.11626952e-01
   5.12135717e-01  1.12567171e+00  1.38618005e+00 -4.69020753e-01
  -4.04263193e-01  1.02948970e+00  7.31349840e-01 -1.33640288e-01]
 [-1.47339913e+00  5.37095213e-01  1.30854314e-01  3.38585712e-01
  -2.26203223e-01 -3.08066108e-01 -3.90131398e-01  4.20161260e-01
   1.59413504e+00 -7.27937941e-01 -5.54012815e-01  1.10360295e+00
  -5.73323609e-01 -1.49605362e+00  4.82081820e-01 -2.69409201e-01
  -3.00618888e-01 -7.66157710e-01 -1.61281570e-01 -1.03596478e+00]
 [-6.06133419e-01 -9.47138324e-01  5.63619660e-01 -8.22092610e-01
   5.42122978e-01  1.84020580e-02  3.11631898e-01  4.19884979e-02
   8.42164465e-01  9.19111117e-01 -3.03392217e-01  6.33158061e-01
   1.47251417e+00 -1.65171747e+00 -1.10827986e+00 -1.06428951e+00
   9.28947741e-01  3.28502213e-01 -1.09098484e+00  7.80493410e-01]
 [-9.19394755e-01 -2.26025214e-01 -1.68190036e-01 -3.77599264e-01
   1.10445325e-01  2.10026800e-01 -4.73143788e-01  7.47527016e-01
  -1.83349738e+00 -7.94270290e-01 -9.89589866e-02  1.05969219e+00
  -8.80041400e-02  4.08722840e-01  2.98183355e-01 -6.97925567e-02
  -2.25280172e-01 -9.36235217e-02 -7.84375178e-01  4.75984158e-01]
 [-1.69085282e-01 -2.97847901e-01 -7.63460465e-02  1.33473604e+00
   3.74393482e-01 -1.27901582e-01  5.53939380e-01  2.40118393e-01
  -1.92692166e-01 -3.09450252e-01 -5.67897589e-01 -6.28409916e-02
   7.92440046e-01 -1.08563167e+00 -9.95423841e-01 -5.23604984e-01
  -5.47526136e-01 -6.82474290e-01  1.14868471e+00 -1.72417687e-01]
 [-7.96593573e-01  2.41057329e-01  7.56141673e-01  1.07313776e+00
   5.93306828e-01 -9.66178264e-01 -7.07655959e-01  1.30756191e-02
  -9.34244997e-02  4.94651232e-01 -6.77558017e-01 -2.50240511e-01
   1.05365870e+00 -3.35685303e-01 -9.76483067e-01  2.50807883e-01
   2.85062234e-01  9.52353079e-01  8.65795509e-01 -4.10086334e-01]
 [-5.49991923e-01 -9.58176957e-01  4.47959854e-03  1.19648513e-01
  -1.52616832e-01  9.69671167e-01  8.42622994e-01 -5.68953959e-01
   7.17266747e-01  8.86718609e-01 -7.30803120e-02  1.30063458e-01
   1.17991236e+00 -3.52558726e-01  1.07460490e+00 -8.63784439e-02
   4.37589279e-01 -2.65123645e-01  2.80298686e-01  6.25888724e-01]
 [-3.51254854e-01 -8.33636979e-01  2.15031887e+00 -3.27458812e-02
  -7.74866446e-01 -2.39768173e+00 -7.16026813e-01  1.29904838e+00
   3.10944195e-01 -3.45644880e-01  1.32448533e+00  9.07738416e-01
   3.51677584e-01 -8.55028156e-01 -1.02773681e-03 -1.85339043e-01
   2.62211572e-01  4.56351354e-01  1.06638111e+00  1.15016912e+00]
 [ 2.51077112e-01 -1.50420445e+00 -5.61853046e-01 -1.11450501e+00
   1.84732357e-01 -1.18868170e+00 -3.60740155e-01 -2.77674146e-01
   1.22317738e-01  8.11633432e-01  4.37592282e-01 -2.87335633e-01
   5.39532527e-02 -4.78940089e-01 -1.05459458e+00  2.11617216e-01
  -1.07884551e+00  1.90413132e+00 -9.70919899e-01  9.91496251e-01]
 [ 1.18144331e+00 -1.39908385e+00  7.76218643e-02 -7.73856607e-01
   3.99070697e-01 -1.62524502e+00 -7.99511597e-02 -1.27617325e+00
   1.51811036e+00 -8.14381484e-01  7.62382462e-02 -1.45787609e+00
   9.08944853e-01 -7.57944154e-02 -1.85359805e-01  3.29772563e-01
   1.19493050e-01  7.95603995e-01  1.64282287e+00 -5.81081562e-01]
 [-6.87597765e-01  5.11640946e-01 -8.38145657e-01 -8.61705082e-01
   8.09787819e-01 -3.81449927e-01 -6.46338091e-01  6.68714617e-02
   5.59238802e-01 -7.83598534e-01 -2.58587523e-01 -1.48292620e-01
   9.38220499e-01  8.22197063e-01  8.55954722e-01  1.06311294e+00
  -6.21004588e-01 -5.67473953e-01 -4.29223060e-01 -5.78415264e-01]
 [ 2.09430563e-01  1.07817141e+00 -2.72766722e-01  3.12205372e-01
   4.86387743e-02 -1.19055189e+00  2.48906743e-01  2.17050504e-01
   4.60680625e-01 -7.25424802e-01 -3.75566465e-01 -3.36736072e-02
   7.59555288e-01 -7.06790376e-02  3.23753870e-01 -3.68089631e-01
   2.72066335e-01 -1.66930400e-01 -1.54798609e+00 -2.55085748e-01]
 [ 1.14038999e-01 -8.14834964e-01  6.05154005e-01 -2.76314423e-01
   1.98027638e-01 -5.81454809e-01  1.44892554e+00  6.43148685e-01
   5.80114591e-01  9.38976506e-01 -3.30571539e-01  1.67135701e-01
   8.18963949e-01  1.51454096e-01 -1.33276483e-01 -1.81543446e+00
  -3.94123510e-01  1.01231133e+00  1.95844723e-01 -5.10295377e-01]
 [ 1.31539909e-01  4.66990996e-01  9.78517777e-01 -3.52479173e-01
   1.12456259e+00 -8.80555306e-01  1.31443329e+00  2.85272200e-01
  -2.06604715e-01  8.77653923e-01 -4.54050711e-01  3.35010310e-01
  -5.59719712e-01 -8.02060010e-02 -6.55925433e-01  8.60707386e-01
  -3.66721764e-02 -6.73972195e-01 -1.84164194e-01 -2.57939968e-01]
 [-6.22879183e-01  7.64167146e-01 -8.33305177e-01 -2.47219366e-01
  -1.17716750e+00 -9.42161029e-01  6.87096462e-02 -1.14078963e-01
   2.94433163e-02  3.35755452e-01 -6.96220954e-01  2.83187549e-01
   9.95817449e-01  1.37369359e-02 -1.42760223e-01 -1.47196485e+00
  -2.90962657e-01  8.44157440e-01  8.22066101e-01  1.00627867e+00]
 [-5.70233768e-01 -1.02214790e+00  5.48236867e-03  8.64854719e-01
   6.15738226e-01  7.81199426e-01 -6.02350015e-01  3.98622854e-01
  -6.58274772e-01 -1.04310750e+00  1.75507979e-01 -8.28513366e-01
   6.48176964e-01  5.82080597e-01 -7.33658476e-01 -4.15159493e-01
  -6.53551173e-01  4.11543269e-01  7.04588021e-01  4.23486270e-01]
 [ 8.96529251e-01  3.97366690e-01 -3.45297590e-01  3.18059256e-01
  -5.13699006e-02 -8.18263272e-01 -3.66821510e-01  2.53669953e-01
  -8.26236997e-01 -8.78752977e-01 -4.41597156e-01  7.81416430e-01
  -5.35035445e-01 -1.09930647e+00 -7.41700531e-02 -1.26706951e+00
  -9.18479710e-01 -5.98502384e-01 -9.09735087e-01  1.37866817e-02]
 [-7.95802770e-01  7.86248201e-02 -1.90164665e-01 -4.30691682e-01
   3.77861268e-01 -8.49742954e-01 -4.41718783e-01  2.14103527e-01
  -2.06144559e-01  2.27352327e-01  3.63759063e-01 -3.50723762e-01
   8.24762440e-01 -5.50022601e-01 -7.53072301e-01  2.07321391e-01
  -2.44975558e-01 -5.62880646e-01 -1.34354880e+00  1.37017526e+00]
 [ 1.97183722e-03 -3.25490317e-01  1.24996288e+00  2.78511983e-01
   1.02493557e+00  1.01008308e+00 -1.55045939e-01 -1.12840322e+00
   1.44044552e+00  5.22890621e-02 -8.53254912e-01  8.83509094e-02
   8.73515495e-01 -1.43869537e+00 -9.13210279e-01 -1.62289255e-01
  -2.29393694e-01  1.27311186e-01  5.05749577e-01 -1.02171512e-01]
 [ 7.49652764e-01 -7.26441284e-01  7.65463743e-01  6.97292755e-01
  -2.73749159e-01 -4.38021406e-01  4.01773044e-01  1.19883597e+00
   1.70249967e-01  3.28895408e-01  4.03346448e-02  2.74648775e-01
  -7.08317222e-01 -2.95735127e-02  2.60025857e-01  8.56033185e-01
   4.85007225e-01 -1.07315350e+00 -5.24770583e-01  6.20891200e-01]
 [ 6.02549967e-01  9.04332710e-02  6.90212772e-01 -1.29784811e-01
  -1.29450441e+00 -1.23144178e+00 -7.40761691e-01  9.71094892e-01
  -8.66593012e-01 -1.06767479e+00 -1.89660500e-02  7.92397653e-01
   3.04608320e-01  2.07313127e-02  2.89966137e-01  9.72075219e-01
   7.65743888e-01  2.67603028e-02 -2.81359909e-01 -4.37478370e-01]
 [-4.25454517e-01 -1.11410870e+00  1.41277072e+00  9.07268192e-01
  -1.19676050e+00 -1.80202687e+00 -7.74233220e-01 -3.41532675e-01
  -2.77072943e-01 -6.00098393e-01 -2.52711453e-01 -4.08720179e-01
  -5.35361264e-02 -1.08652666e-02  7.25154413e-01 -5.15931705e-02
   4.76828884e-01  6.47880809e-01 -2.03382890e-01 -1.58855814e+00]
 [-3.96248201e-02 -9.38657001e-02  6.41715377e-02 -1.28198421e-01
  -1.04773370e+00  4.26764258e-02  6.13950857e-01 -2.01129101e-01
  -1.44145107e+00 -4.00559079e-01 -5.30478119e-01 -6.37967043e-01
  -3.39139958e-02 -1.01298826e+00 -1.15776521e+00 -2.15009731e-02
  -1.41833926e-01 -5.70066764e-01  2.87624206e-01 -6.54426370e-01]
 [-5.77885116e-01 -3.43909668e-01  1.05993374e+00  1.26742487e+00
   1.63389752e-01 -2.84403129e-01 -8.86564395e-01 -5.58853998e-01
  -7.12376444e-01 -1.02082777e+00  2.75767708e-01  7.97489745e-01
   6.32634300e-02 -2.46453509e-01  2.98993641e-01  1.21068062e+00
  -2.66926824e-01  7.88749719e-01 -7.97076562e-01  2.43335043e-01]
 [ 1.88509587e-02  1.02038560e-01 -6.08287554e-01 -5.43313640e-01
  -1.12725479e+00  1.55979282e-01  3.55095604e-01 -6.77722389e-01
   5.97457137e-01 -1.25347503e+00 -7.51062937e-01 -1.60985112e-01
  -1.03484987e-01  5.72094252e-01 -9.47509045e-01 -2.60230431e-01
  -8.61712714e-01 -1.01357965e-01  6.58278573e-01  1.75476699e-01]
 [ 1.06827167e+00 -5.22630465e-02  4.17804866e-01 -7.13466756e-02
  -7.82501517e-01 -8.72681214e-01 -1.41178732e+00  7.02206616e-01
  -2.77670136e-01  1.14489524e+00  8.11506015e-01 -1.02679093e+00
   4.11341230e-01 -5.63628693e-01  4.52703204e-01  4.25088229e-01
   1.07426802e-01  1.06373877e+00 -2.54284860e-01 -1.74717880e-01]
 [ 7.32128269e-01  4.38066799e-01  1.18231740e+00  7.53534409e-01
  -1.50802987e+00 -1.02674677e+00 -8.07822040e-01 -1.30031155e+00
   3.58726813e-01  7.54400522e-01 -3.42764011e-01  1.00024741e+00
   9.75802857e-01 -5.43281640e-01  1.06256868e-02  1.13686794e+00
  -3.41177014e-01  1.16335725e+00 -4.73947540e-01 -1.39280282e+00]
 [-7.97068263e-02  8.92274526e-01  5.61533845e-01  8.27223082e-02
  -5.02938302e-01  8.79891654e-03 -4.80660078e-01  4.77832192e-01
  -5.64846688e-02 -1.12538585e+00  2.72447706e-01 -8.17059949e-01
   9.23863638e-01 -1.26817768e+00 -4.33409234e-01  2.63838822e-01
   9.42012615e-01 -3.16244374e-01 -1.35076377e+00 -7.19715373e-01]
 [ 8.99544872e-01 -1.27437185e+00 -6.78128081e-01  4.45770641e-01
  -6.70437258e-01 -1.26230562e+00 -2.58909256e-01  2.02944516e-02
   8.99454485e-01  7.93234418e-01 -1.24954783e+00 -1.28329881e+00
   1.31323354e+00  7.38337977e-01 -2.34422293e-01 -6.32305239e-02
   2.89876679e-01  1.45082983e+00  6.97832947e-01  1.03818515e+00]
 [ 1.07359180e+00 -7.95982128e-01 -6.40931393e-01  1.58106484e+00
   1.42051332e-01 -2.81338977e-01 -1.35759268e-01 -3.26573373e-02
  -3.58068492e-01 -1.30020432e+00 -2.89019202e-01 -1.17859671e+00
  -3.24103343e-01  4.17406833e-01 -1.57148465e-02 -5.56197264e-01
   2.28461051e-01 -1.13600444e+00 -9.20481906e-01  3.65382336e-01]
 [ 1.38980524e-01  1.07060739e+00  5.06685277e-01 -9.46368538e-01
  -1.48247720e+00  1.10098315e+00  2.63317044e-01  7.48937692e-01
   1.09391226e+00  1.00191512e-01  1.36352630e-02 -8.27019182e-01
  -5.40143679e-02  5.73657847e-01 -6.20072693e-01  1.19659543e-01
  -6.71691950e-01 -1.04111709e-01  8.49335922e-01  4.72687911e-01]
 [ 1.32978484e-01 -8.55923192e-01 -1.31990291e+00 -9.39701349e-01
  -4.66939440e-01  6.36859080e-01  1.31234005e+00  6.07060129e-01
   1.22380548e+00 -1.22988033e-01 -2.34711395e-01  1.00254506e+00
  -6.09399487e-01 -3.57683168e-01 -3.75737063e-01  2.31416150e-01
  -5.49777630e-01  2.16004200e-01  7.85781793e-01  1.50437010e+00]
 [ 9.14960765e-01  4.31156131e-01  6.55985716e-01 -8.34885827e-01
  -1.14693657e+00  9.11709996e-01 -1.21970209e-01 -3.05448562e-01
   8.78689773e-01  1.00905311e+00 -2.02892173e-02  7.48649837e-01
   1.76579537e+00  1.29800969e-01  4.54915565e-01  1.45187885e+00
  -1.68828288e+00  6.01654901e-01 -1.37509869e-01 -9.60425139e-01]],[[-1.41121086e+00  6.05872014e-01 -9.46907460e-02  9.35300814e-02
  -1.25521824e-01  4.43556396e-01 -5.68110551e-01 -2.66702568e-01
   1.01660504e+00 -1.01418781e+00  1.15855391e+00 -2.18808728e-01
   3.53357705e-01  7.72942680e-01  3.45429535e-01  6.08772448e-01]
 [ 1.56340505e+00 -7.02874905e-01  1.43406821e+00 -8.90062441e-02
  -6.68389536e-01  2.77336488e-01 -1.47111321e-01 -1.14536229e-01
  -9.84343279e-02  9.36738550e-01  9.71043506e-01  1.39906926e+00
   3.20800112e-01  2.18294812e-02 -1.32945469e+00 -1.94354093e+00]
 [ 1.94289929e-01 -1.37015014e+00 -1.87293482e+00 -6.42413915e-01
  -1.30324237e+00  1.02715943e-01  1.00847271e+00 -9.43100257e-01
  -5.83333085e-01 -1.02714793e+00 -4.34808625e-01 -2.98454942e-01
   1.33706260e+00  1.29259323e+00  1.19133968e+00 -3.61798280e-01]
 [-4.16148944e-01  5.98373574e-01  7.47442869e-01  8.50039194e-01
  -3.01613418e-01 -5.57373803e-01  1.66703135e-01  2.63012418e-01
   2.18032752e-02 -2.19107235e+00 -4.81415997e-01 -6.94642537e-01
   2.00931059e-01 -1.15031735e+00  9.77951084e-01  5.05586334e-02]
 [-9.77068894e-01  5.01349459e-01  5.87216677e-01 -1.19400982e+00
   3.15141107e-02  1.71005052e-01 -9.90544752e-01  1.16046103e+00
   3.12595676e-01  5.34976410e-01 -6.10921279e-01 -3.93781177e-01
  -2.52599415e-01  5.65870468e-01 -2.66020579e+00  2.72591791e-02]
 [ 1.18411946e+00  3.13146704e-01  1.01631276e+00 -2.87178740e-01
   1.26962697e+00 -1.17950697e-01 -8.34635431e-01 -2.87408447e-01
   4.49749931e-01  1.41156960e+00  6.38498490e-02 -6.67437292e-01
  -7.88069702e-01 -5.51417999e-01 -4.00366448e-01 -3.57225639e-01]
 [ 8.20371219e-01 -1.15015946e+00  1.00782500e+00  1.00931169e+00
   1.00109081e+00 -1.04136477e-01  8.32073354e-01  6.63472194e-01
   1.73276067e+00  2.59128207e-01  2.45288575e-01 -9.85362698e-01
   1.27444932e+00 -1.89984312e-01 -2.27712675e-01 -8.17521788e-01]
 [-1.70772378e+00 -1.47494930e+00  2.11605681e-01 -4.08052451e-01
  -3.99974198e-01 -8.83496526e-01 -1.60440493e-01 -3.58194307e-01
  -1.91495883e+00  5.66703358e-03 -7.37093875e-02  3.96934920e-01
   3.07343097e-01  1.25159020e+00  1.44713753e+00 -9.80050207e-01]
 [-2.01519537e-01  7.12574464e-01  3.86867906e-01 -1.96828872e-01
   1.63234881e+00  1.36866491e+00  5.99899927e-01 -2.15518372e-01
  -8.69563416e-01  4.22973828e-01  2.15148991e-01 -5.68449530e-01
   4.10470994e-01 -5.14804478e-01 -5.36169630e-01  1.00515934e+00]
 [ 5.05794310e-01  7.13749981e-01 -2.37108376e-01 -2.82784266e-01
  -8.13619342e-01 -3.12732535e-01 -1.56022054e-01  3.62733102e-01
  -5.95833508e-01 -1.17670505e+00  4.43365505e-01 -5.96284799e-01
   3.05463552e-01  5.05401927e-03  1.68633761e+00 -8.79836745e-01]
 [ 1.54838644e+00  1.28156591e+00  8.62325946e-01 -7.65086276e-01
  -1.96917363e+00 -3.04852698e-01  1.34898361e+00 -3.07300947e-01
  -2.08421849e-01 -1.07714354e+00  1.28915041e+00  9.38719241e-01
  -1.12592242e+00 -1.85571744e-01 -2.19326089e-01 -1.02404018e-01]
 [-5.27232503e-01  1.88271425e-01 -1.60903072e-01  1.82459879e-01
  -4.22520621e-01 -1.54375437e+00 -3.30549132e-01  5.06506343e-01
  -1.03037021e+00  3.82643816e-01  7.54276375e-04  9.12179573e-01
   5.78967610e-01 -8.23403695e-01  4.31613263e-02 -1.15261897e+00]
 [ 1.20347077e+00 -1.31526792e+00 -1.18963902e+00  9.80217825e-01
   1.42519244e+00 -9.32735112e-01 -7.40804253e-01 -6.66715975e-01
  -1.38969984e-01  5.80201985e-01 -1.36335950e+00  4.37990337e-01
  -9.19118407e-01  4.42798017e-01  9.00314943e-01 -8.48939943e-01]
 [ 1.10719312e+00  4.40305882e-01  7.18283458e-02 -6.08755155e-01
  -7.72637052e-01  5.78549639e-01  1.93769632e+00  3.07321984e-02
  -7.87127206e-02 -8.36578315e-02  3.56377602e-01  7.48222132e-01
  -1.26386865e+00  5.00695163e-02  3.73407656e-01 -1.07680914e+00]
 [ 1.00372521e+00 -4.88252702e-01 -2.69503100e-01 -1.29211456e+00
  -6.20219726e-01 -7.02068105e-01 -4.90627910e-01 -1.01388053e+00
  -6.31126728e-01 -2.15599253e-01  1.26515000e+00 -8.18371939e-01
  -1.24372650e+00 -3.36484256e-01 -4.54568761e-01  2.05830021e+00]
 [-1.85070609e-01 -2.06480914e-01  1.77148635e-01  1.27792872e-01
  -6.63578552e-01 -5.91551079e-01 -7.82257618e-01  6.73691876e-01
   2.16984482e-01  2.33588071e-01  9.14359658e-01  3.07677794e-01
  -2.05579799e-01  1.35236713e+00  9.95932899e-02  1.08261320e+00]
 [-2.97564917e-01  4.56206791e-01  1.57951043e+00  9.15179727e-02
  -5.80310660e-02  1.05125330e+00  1.39160399e+00 -2.66170869e-01
  -4.60652145e-03 -1.03761078e+00  5.24962165e-01 -2.50496373e-01
   3.59488161e-01  3.67504691e-01  3.18167153e-01  9.72000284e-01]
 [-7.81426766e-01 -1.98687500e+00  5.93094832e-01  1.06878401e+00
  -1.89416553e-01 -3.16980672e-01 -1.34146701e-01 -3.29679252e-01
  -9.43813587e-01  8.89234486e-01  1.78180426e-01  5.72743775e-01
  -1.54595485e-01  1.44990368e+00 -6.25117190e-01  8.90981825e-01]
 [-1.81975374e+00 -3.39277363e-01 -1.16204682e-01 -1.29077790e+00
   5.35856583e-01 -2.28773342e-01  6.24597259e-01  4.36053719e-01
   1.36429847e+00  4.95910316e-01  4.24820369e-01  5.42647523e-01
  -8.10135127e-01 -1.03097009e+00 -9.46547229e-01 -4.44590465e-01]
 [-6.63724841e-01  5.62532327e-01  2.69673370e-01 -3.40919709e-01
   5.68499384e-02 -1.39089955e-01 -3.88109924e-01 -6.37641716e-01
  -1.28426488e+00 -1.37308720e+00 -1.19635095e+00 -4.42402228e-01
  -9.68123426e-01 -4.34347492e-01  7.20850324e-01 -8.13254894e-01]]