[[-1.4471218  -0.59478121 -0.2460996   1.07466961 -0.10318058 -0.22411958
  -0.76235558  0.64879834 -1.19607075 -0.07163374  0.02958567 -0.31215416]
 [-0.32679151  0.08907083  0.5925472   0.65874152 -0.15161646 -0.81077498
   0.58528364  0.50632025  0.27589813 -0.70896859 -0.33870965  0.87041843]
 [ 0.51839523  0.86223017 -1.4274494   0.40853057  0.5168993   0.74461209
   0.15173382  0.96257831 -0.55188814 -0.75353244  0.36668158 -1.17634242]
 [-0.0133817  -0.06415266  1.52426437  1.43424206 -0.7389134   0.35100709
   1.22771195  0.46606494  0.14121386  0.56589412 -0.03895362 -0.45704491]
 [ 0.02764648 -0.40803353  0.05788201 -0.75431328 -0.10495859  0.07766281
   0.73521774 -1.09042593  0.63398253  1.0508405   0.87537784  0.76812844]
 [ 0.48265459 -0.38720799 -1.2702879  -0.61003418 -0.20727229 -0.09483654
  -0.02746166  0.32159057 -0.83634642  0.68988679 -0.11166939 -0.19605324]
 [-0.23152897 -0.40582241  0.10339483  0.65126629  1.09874941 -0.04888098
   0.11305983 -0.38248592 -1.15015768 -0.23597241 -0.9620831  -0.68013669]
 [ 0.81894881 -0.87248688 -0.63637397  0.73210839  0.29724515 -0.10237454
  -0.07135783  0.60468911 -1.29884489  0.99417638  0.35702738  1.11145236]
 [ 0.44806477  0.70645347 -1.1254434   0.28332969 -0.32858798 -0.85951583
   1.80255475  0.50496154 -1.4069003   0.05692998 -0.52137443  0.04859434]
 [ 0.31224085  0.36580348  0.21243615  0.28975909 -0.79521811  0.30826195
  -0.56263838 -0.79780382  1.30104808  0.38694456 -0.10512977 -0.13250028]
 [-1.27252219  0.42031195  0.20057562 -0.70528613 -0.60437675  0.81799821
   1.05276236 -0.97974769 -0.89255716  1.14411729  0.76885648  0.03422382]
 [ 0.30582447 -0.90597989 -0.33873343  0.56156098 -0.81555393 -1.66279277
   0.5548981  -0.24448813  0.26653307  0.26265702  0.27143305 -0.93327076]
 [ 0.45871819 -0.29987058  0.83343093 -0.66045882 -0.30402776 -0.48573425
   0.00668148 -0.54443666  1.3571451   0.60124064 -0.54590719  0.62047708]
 [ 0.85470657  0.82464893  0.42122701 -0.78536349 -0.4909718   1.66547449
   0.61028876  0.61869041  0.43599167  1.18700831  1.01375378 -0.0199958 ]
 [-0.9543943  -0.07789551 -0.12161037 -0.07670536 -0.49807464  0.72363289
   0.37401797  0.4533146  -0.874275   -0.57219051  0.14437145  0.33612201]
 [-0.74575949  0.04711783 -0.62248532  1.05932512  0.76052042  0.39363201
   0.05005091  0.61291848  1.04638348  0.13589827  0.21328427 -0.2090129 ]
 [-0.14264411  0.33918755  0.80202228  0.05101405 -1.45147718 -1.21727799
   0.70337842  0.33267691  0.92137318 -0.91485945 -1.30442361 -1.05459454]
 [ 0.03561823 -0.48249085  1.16821382 -0.83073144 -1.03091797 -1.03205072
   0.43441225  0.22225506  0.53287517 -0.21984784 -0.07409612  0.94133425]
 [ 0.02973562 -0.57947201 -1.25281712  0.53275955 -0.18849145 -0.09886175
  -0.6018629   1.0099281  -0.78066981  0.30336465  0.28821776 -0.4807361 ]],[[-0.85212182 -1.53148559  0.71654441 -1.11528408  0.04232651  0.23878501
   0.42676983]
 [ 0.53986908  1.86194348 -1.21066092  0.54300934  0.0758048   0.30821828
   0.07956125]
 [-0.30565353 -0.3425596   0.61100306  0.75950488  0.04377121  0.74589202
   2.06823158]
 [-1.24407433  0.6185554  -1.86359161 -0.50030759 -0.90213701  2.49193457
  -0.4475222 ]
 [-0.91574951 -0.22174619  0.18317918 -1.2380038  -0.29914463  1.46407084
   0.1586004 ]
 [-1.40676214 -0.29233236 -0.90972223 -0.54842717 -0.50463518 -0.30320631
   0.27875299]
 [ 0.98582966  0.41717516  0.16179869  0.66338295  0.64956417  0.89911298
   0.3733941 ]
 [ 1.36063146  1.13835655 -1.2540549  -0.94510737  0.22136842  0.25144874
  -0.15302522]
 [ 0.40180375  0.08874569  0.20381848 -1.94385659 -1.34385609  0.46317372
   0.21098904]
 [ 0.69985537  0.84320337  0.16129593  0.10136566 -0.31014003  0.50951801
   1.02117463]
 [-1.39168972 -1.58912778 -0.55064965 -0.36089261  0.84247958 -1.18065763
  -0.07433061]
 [-0.2399486  -0.86101418  0.95745521  0.63156012 -0.28293428 -1.3909066
   1.47795884]]