[[-1.4471218  -0.59478121 -0.71934747  1.07466961 -0.10318058  0.51825399
  -1.36809974  0.64879834 -1.19607075  0.4405414  -0.07655732 -0.45014617]
 [-0.82471044 -0.21290767  0.25939765  0.95243303 -0.15161646 -0.81077498
   0.3295231   0.50632025  0.27589813 -1.19713915 -0.54859287  0.63370714]
 [ 0.26352263  1.00485783 -1.4274494   0.40853057  0.89718755  0.74461209
   0.20687708  0.96257831 -0.55188814 -0.23272894 -0.18764108 -1.17634242]
 [-0.0133817  -0.63074115  1.30516583  0.95567113 -0.7389134   0.18505992
   1.69146698  0.46606494  0.23933692  0.40561092  0.37578723 -0.08871765]
 [-0.28211195 -0.10390488  0.05788201 -0.68069324 -0.10495859  0.07766281
   0.58829992 -0.81548806  0.63398253  0.854672    0.87537784  0.76812844]
 [ 0.48265459 -0.54949199 -2.15077074 -0.37347099 -0.59452034 -0.09483654
  -0.81738518 -0.06372753 -0.83634642  0.28821772  0.31108538 -0.12088748]
 [ 0.86726503 -0.4186276   0.10339483  0.5837238   0.38724818 -0.02995197
   0.01744789  0.12869675 -1.63383084 -0.23597241 -0.49279745 -0.68013669]
 [ 0.68509368 -1.09698329 -0.63637397  0.69488665  0.70205195 -0.10237454
  -0.17665814  0.60468911 -1.21685308  0.73062436  0.2578733   1.11145236]
 [ 0.07682121  0.51775507 -1.1254434   0.171505    0.0715482  -0.85951583
   1.92184126  0.50496154 -1.4069003  -0.3947654  -0.52137443  0.04859434]
 [ 0.45851091 -0.04932407  0.21243615  0.4557057  -0.79635566  0.32158058
  -0.56263838 -0.79780382  1.30104808  0.51405523  0.22401087 -0.13250028]
 [-0.65571495  0.42031195  0.55319185 -0.70528613 -0.60437675  0.86139165
   1.06832444 -0.97974769 -1.17122883  1.10041087  0.80361315  0.03422382]
 [ 0.87561793 -0.51288142 -0.49531376  1.06007994 -0.81555393 -1.60090854
   0.5548981  -0.20703485  0.26653307  0.26265702 -0.07326726 -1.16709926]
 [ 0.45871819 -0.49780452  0.73043367 -0.66045882 -0.72139748 -0.48573425
  -0.43422612 -0.54443666  1.33779865  0.77040184 -0.32929581  0.58538102]
 [ 0.78408086  0.82975295  1.29330883 -1.00646673 -0.5065773   0.95572969
   0.88690929  0.36201585  0.61993342  0.69004641  1.23512919 -0.24800872]
 [-0.39533126 -0.07789551 -0.12161037 -0.05250508 -0.49807464  1.38001623
   0.37401797 -0.05826113 -0.874275   -0.42840274  0.14437145 -0.01531071]
 [-0.80188208  0.04711783 -0.3737718   1.0941807   0.76052042  0.41388935
   0.05005091  0.61291848  1.04638348  0.16343288  0.3304357   0.37415381]
 [-0.14264411  0.33918755  0.80202228  0.05101405 -1.16575931 -1.21727799
   0.70337842  0.77645293  0.92137318 -0.91485945 -0.91080874 -0.52832492]
 [ 0.03561823 -0.04284917  0.71702896 -1.31661736 -1.03091797 -0.72733391
   0.52783858  0.22225506  0.94441401 -0.21984784 -0.07409612  0.18184329]
 [ 0.0918027  -0.40206734 -1.25281712  0.32298296 -0.18849145 -0.09886175
  -0.6018629   0.9382663  -0.70385404  0.42301729  0.28821776 -0.89399835]],[[-0.81572638 -1.61456567  0.87565885 -1.8181634  -0.14222754 -0.11304032
   1.27735804]
 [ 0.81300153  1.86194348 -1.40698477  0.51061259 -0.16006362 -0.51698947
  -0.17488552]
 [-0.09161473 -0.13048863  0.32522385  0.73065878  0.06464165  0.68895967
   1.72721862]
 [-0.51509211 -0.24806072 -1.27951979 -0.52560715 -0.65091505  1.7742884
   0.08286201]
 [-0.62224724  0.06880879  0.44827569 -1.66853553  0.3546802   0.96340374
  -0.37094029]
 [-1.98336271 -0.29233236 -0.53426731  0.10587988 -0.99162386 -0.84502276
   0.01037221]
 [ 0.86148818  0.24476468  0.57526509  0.75699449  1.12772643  0.82404342
   0.78781284]
 [ 0.87326581  1.67928929 -1.67894454 -0.39952893  0.13473097  1.53467938
  -1.11436599]
 [ 0.9593182  -0.19364425  0.50858925 -2.18972898 -1.00923779  0.73283619
  -0.18981282]
 [ 0.23630943  1.44901721  0.77224783 -0.60341232  0.82304142 -0.19102297
   0.8326145 ]
 [-1.24901539 -1.10026033 -0.45736376 -0.18229136  0.43364684 -0.79695863
  -0.17546875]
 [-0.38434659 -0.58281411  0.29083095 -0.65738012 -1.03419537 -1.23888176
   1.25973177]]