[[-1.69604887 -0.59478121 -0.34871143  1.07466961  0.33226284  0.51825399
  -0.92822545  0.64879834 -0.94831671  0.10696048 -0.46492321  0.21888731]
 [-0.38709067  0.08907083 -0.07972021  1.11754211 -0.15161646 -0.81077498
  -0.00685033  0.50632025  0.51599462 -1.19713915 -0.33870965  1.24526836]
 [-0.02940088  0.86223017 -1.37760204  0.59826108  0.68789323  0.74461209
   0.43999733  0.96257831 -0.61488328  0.01996637  0.29058889 -1.17634242]
 [-0.1312317  -0.39362358  1.30516583  1.15989981 -0.56548798  0.35100709
   1.22771195  0.13028144  0.54567239  0.7862782  -0.03895362 -0.21252994]
 [-0.28211195 -0.10390488  0.5168093  -0.75431328 -0.10495859  0.07766281
   0.84026245 -0.93308492  1.00851016  0.854672    0.87537784  0.05413036]
 [ 0.16857624 -0.80070304 -0.92318826 -0.301255   -0.61988922  0.0398062
  -0.02746166  0.34071283 -1.13397347  0.28821772  0.26320586 -0.21006918]
 [ 0.53795626 -0.40582241  0.38002512  0.3840714   0.31117346 -0.08820738
  -0.039987   -0.06233215 -1.15015768 -0.23597241 -0.9620831  -0.68013669]
 [ 0.79674278 -0.72748745 -0.73193311  0.49753494  0.1688769  -0.10237454
   0.11842821  0.30716395 -1.21685308  0.97232024  0.2578733   1.11145236]
 [ 0.44806477  0.18624063 -1.49110282  0.171505   -0.32858798 -0.98591952
   1.59112624  0.50496154 -1.24073134 -0.17034979 -0.52137443  0.04859434]
 [-0.08651961  0.81593428 -0.20518334  0.28975909 -0.62266238  0.5582208
  -0.66923653 -0.79780382  1.30104808  0.51405523  0.10589703  0.07850238]
 [-0.9826428  -0.06729477  0.70298187 -0.70528613 -0.60437675  0.87818495
   1.78753424 -0.75199876 -0.89255716  1.07963677  1.123301   -0.41403662]
 [ 0.40985684  0.11092161 -0.34240337  0.56156098 -0.81555393 -1.66279277
   0.5548981  -1.00170675  0.26653307  0.26265702 -0.2719282  -0.93327076]
 [ 0.40426444 -0.62991356  0.75413884 -0.66045882 -0.30402776 -0.48573425
  -0.43422612 -0.4818702   0.73647508  0.77040184 -0.32929581  0.96553358]
 [ 0.86711181  0.82975295  0.86133782 -0.93894015 -0.5065773   0.95572969
   0.20027444  0.34843469  0.8827294   1.16985713  0.74122823 -0.24800872]
 [-0.77569382 -0.07789551 -0.12161037 -0.37209314 -0.70861154  1.00655512
   0.08205569 -0.59638903 -0.72774757 -0.88517603  0.37239271  0.0625508 ]
 [-0.71147965 -0.33994906 -0.93239998  1.01227231  0.54030634  0.41388935
  -0.40464958  1.35859738  0.56530681  0.16343288  0.75902012  1.01631883]
 [ 0.78406199  0.33918755  0.80202228  0.05101405 -1.08015622 -1.24452166
   0.40662187 -0.10513451  1.23670616 -0.91485945 -0.326907   -0.18379086]
 [ 0.03561823 -0.04284917  0.87518068 -0.83073144 -0.65860246 -0.63713208
   0.43441225  0.22225506  0.63153355  0.12668501  0.42267349 -0.29263996]
 [ 0.30409591 -0.57947201 -1.25281712  1.0242858   0.24897326 -0.09886175
  -1.03165771  1.0099281  -0.51052096  0.30336465  0.28821776 -0.65712831]],[[-1.27962886 -1.03734738  1.17754827 -1.29213129 -0.02305339  0.2823628
   1.56146875]
 [ 1.30589411  2.2271433  -1.44702102  0.06002963  0.58901281 -0.13890871
  -0.07424861]
 [-0.20450257 -1.51761488 -0.0900558   0.98949188  1.75390314  0.40178618
   1.82621197]
 [-0.74949797  0.27170391 -1.27609237 -1.24041754 -0.43628216  1.74946892
  -0.34213616]
 [-1.41330419 -0.2264881   0.15865773 -1.64079378 -0.07665822  0.78794436
   0.43163165]
 [-1.394448    0.02511673 -0.49987265 -0.52056475 -1.37991746 -1.07012451
  -0.20265031]
 [ 0.86075786 -0.74222606 -0.51532913  0.46353679 -0.30209395  0.2911394
   0.31112924]
 [ 2.03197206  0.80455869 -0.7530066  -0.86065383  0.67257853  0.78881436
  -0.15476725]
 [-0.00901122  0.65317925  0.42367555 -1.45002761 -1.66876025  1.13974626
  -0.05777723]
 [ 0.56881342  0.94312591  0.75589599  0.37928316 -0.40619591  0.69063781
   1.52849659]
 [-0.89773388 -1.78230417 -0.35461464 -0.16056074  0.5445877  -0.9354548
  -0.11623605]
 [-0.03660078 -0.72547833  0.20482932 -0.65738012 -0.44820626 -0.53231874
   0.51688768]]