[[-1.5985403  -0.59478121 -0.2460996   1.07466961  0.33226284  0.51825399
  -1.1375259   0.64879834 -0.94831671  0.10696048 -0.4301925   0.20916335]
 [-0.82471044  0.08907083  0.62531649  0.75084767 -0.15161646 -0.51939663
   0.3295231   0.50632025  0.97980167 -1.19713915 -0.33870965  0.63370714]
 [ 0.30843569  0.86223017 -1.69593328  0.59826108  0.68789323  0.51531942
   0.48176955  1.10236587 -0.56654793  0.01996637  0.29058889 -1.58817267]
 [-0.0133817  -0.39362358  1.33320172  0.66985109 -0.57704034  0.35100709
   0.81408355  0.27708513  0.85411728  0.56589412 -0.03060666 -0.21252994]
 [-0.28211195 -0.10390488  0.18397291 -0.75431328  0.35966954 -0.24673429
   0.70115673 -0.79932177  0.63398253  0.854672    0.87537784  0.78230678]
 [ 0.40333544 -0.38720799 -1.26597825 -0.52278202 -0.61988922  0.1320289
  -0.02746166 -0.14032697 -0.83634642  0.05585555 -0.04047813 -0.47894485]
 [ 0.48094576 -0.40582241  0.4588269   0.5837238   0.31117346 -0.08820738
   0.00500923 -0.2869221  -1.15015768 -0.3220538  -0.9620831  -0.78193972]
 [ 0.2961225  -0.72748745 -0.55313091  0.85120121  0.24997721 -0.10237454
  -0.04115338  0.60468911 -1.21685308  1.2223918   0.2578733   0.92189564]
 [ 0.44806477  0.54248039 -1.49110282  0.31511834 -0.32858798 -0.79920984
   1.59112624  0.50496154 -1.7281625  -0.17034979 -0.65306644  0.04859434]
 [-0.08651961  0.57970165  0.21243615 -0.10220705 -1.19005042  0.035578
  -0.77209624 -0.37840304  1.30104808  0.51405523  0.22401087  0.07850238]
 [-0.65571495  0.42031195  0.70298187 -0.15613999 -0.91720597  0.81799821
   1.06832444 -1.16321739 -0.79079845  1.07963677  0.58925702 -0.41403662]
 [ 0.40985684 -0.20081301 -0.34240337  1.13835282 -0.56959423 -1.66279277
   0.5548981  -1.00170675  0.07058669 -0.02134285 -0.27684836 -0.93327076]
 [ 0.45871819 -0.11502435  0.75413884 -0.66045882 -0.18386058 -0.48573425
  -0.17918767 -0.86495755  0.73647508  0.77040184 -0.32929581  0.48348474]
 [ 0.78408086  0.82975295  0.64806314 -0.77747327 -0.5065773   0.95572969
   0.63296409  0.36201585  0.8827294   0.69004641  0.74122823 -0.24800872]
 [-0.77569382 -0.07789551 -0.3989508   0.35003358 -0.32360571  0.72363289
   0.10051353 -0.17274773 -1.24517739 -0.86065502  0.37239271  0.0625508 ]
 [-0.80188208  0.04711783 -0.93239998  1.0941807   0.76052042  0.41388935
   0.05005091  0.36839717  1.47200568 -0.26163899  0.3304357   0.53136059]
 [ 0.28553989  0.33918755  0.80202228  0.05101405 -1.09014875 -1.61627082
   0.70337842 -0.22663043  1.50882687 -1.16734579 -0.91080874 -0.74329695]
 [-0.42933649 -0.04284917  0.69143667 -0.83073144 -1.18383935 -0.49972877
   0.43441225  0.22225506  0.93572626  0.23051284 -0.07409612 -0.36182802]
 [ 0.41286258 -0.57947201 -1.25281712  0.15097302  0.24897326  0.18938121
  -0.6018629   1.08378546 -0.51052096  0.2712958   0.28821776 -0.65712831]],[[-0.77268129 -1.19337778  0.67983916 -1.18303874 -0.34049106 -0.02491335
   1.71076961]
 [ 1.70224732  1.86194348 -1.62882662  0.35449507  1.74964276 -0.07608709
  -0.25070858]
 [-0.5922295  -1.20991298  0.32522385  0.65015437  0.3224616   0.26879915
   1.36220019]
 [-0.97154157  0.75493907 -1.09789285 -1.52827132 -0.39776318  1.49694613
  -0.23701969]
 [-1.29257147 -0.09267212  0.30949554 -1.19926045  0.25297487  0.84938458
  -0.31466879]
 [-0.49965809  0.41286357 -0.44323753 -0.92027325 -1.18287737 -0.26754428
   0.14739053]
 [ 0.36799972  0.05735249 -0.61770147  0.67146031 -0.71331714  0.48571225
   0.31112924]
 [ 0.99551063  0.70544246 -0.99952782 -0.22801417  0.07719426  0.29211183
  -0.47674391]
 [ 0.52946976  0.46586832  0.21837606 -1.10810439 -1.66876025  0.29263702
  -0.11594675]
 [ 0.37882159  1.33899902  0.81436007  0.06524181 -1.00494572  0.08165943
   0.88098569]
 [-0.60018857 -1.41923115 -0.11779001 -0.03165583  0.10698027 -0.81803963
  -0.11196489]
 [-0.50027315 -0.54384834  0.49482785 -0.65738012 -0.28293428 -1.12902566
   1.09373414]]