[[-1.44712180e+00 -5.94781206e-01 -2.46099600e-01  1.07466961e+00
  -1.03180577e-01  5.18253994e-01 -1.17695340e+00  6.48798339e-01
  -8.80025577e-01  1.06960475e-01 -6.28089512e-01 -2.31501546e-01]
 [-8.24710437e-01  8.90708273e-02  2.59397648e-01  9.52433031e-01
  -1.51616464e-01 -7.22719957e-01  3.29523100e-01  5.06320254e-01
   2.75898134e-01 -1.19713915e+00 -3.38709652e-01  9.88637850e-01]
 [ 2.63522634e-01  8.62230174e-01 -1.42744940e+00  4.08530573e-01
   6.87893229e-01  7.44612085e-01  5.98335563e-01  9.62578309e-01
  -5.51888145e-01 -4.49954519e-01 -1.87641084e-01 -8.88484019e-01]
 [-1.33817021e-02 -6.30741152e-01  1.30516583e+00  8.00353526e-01
  -7.38913403e-01  3.51007087e-01  1.69146698e+00  4.66064943e-01
   2.39336924e-01  5.65894121e-01  3.75787229e-01  2.38248971e-01]
 [-2.82111950e-01 -1.03904877e-01  5.78820112e-02 -2.08735986e-01
  -1.04958587e-01  7.76628112e-02  5.88299920e-01 -1.09042593e+00
   6.33982531e-01  8.54672001e-01  8.75377841e-01  7.68128436e-01]
 [ 6.38797486e-01 -3.87207988e-01 -2.15077074e+00 -3.73470985e-01
  -5.94520344e-01 -9.48365436e-02 -3.73607165e-01 -6.37275336e-02
  -6.86640287e-01  2.88217721e-01 -1.64564993e-04 -1.93071233e-01]
 [ 3.98618700e-01 -4.05822411e-01  1.03394829e-01  4.02502729e-01
   8.25919776e-01 -2.99519736e-02  1.74478922e-02 -3.82485921e-01
  -1.79086170e+00 -2.35972414e-01 -4.92797453e-01 -6.80136695e-01]
 [ 9.56889151e-01 -7.27487447e-01 -6.36373971e-01  6.94886646e-01
   7.02051952e-01 -1.02374539e-01 -4.36898244e-01  5.70592491e-01
  -1.21685308e+00  7.30624358e-01  2.57873305e-01  1.56731423e+00]
 [ 4.48064771e-01  5.17755070e-01 -1.12544340e+00  1.71504998e-01
   7.15482048e-02 -8.59515834e-01  1.92184126e+00  5.04961536e-01
  -1.40690030e+00 -3.94765401e-01 -5.21374432e-01 -2.66417367e-01]
 [ 1.41606986e-01  3.10013359e-01  2.12436155e-01  4.55705702e-01
  -7.96355658e-01  3.21580584e-01 -5.67902363e-01 -1.13170951e+00
   1.30104808e+00  5.14055225e-01  5.92842138e-01 -1.32500277e-01]
 [-6.55714952e-01  4.20311954e-01  5.53191852e-01 -7.05286127e-01
  -6.04376748e-01  1.53177317e-01  1.06832444e+00 -9.79747689e-01
  -1.17122883e+00  1.49551883e+00  6.37985199e-01 -2.15297291e-01]
 [ 4.09856837e-01 -6.05266480e-01 -4.88208487e-01  1.06007994e+00
  -8.15553933e-01 -1.66279277e+00  8.85509978e-01 -2.07034849e-01
   2.66533072e-01  2.62657020e-01 -7.32672564e-02 -9.33270761e-01]
 [ 4.58718186e-01 -4.97804516e-01  7.30433673e-01 -6.60458823e-01
  -4.78591780e-01 -4.85734250e-01 -4.34226123e-01 -5.44436658e-01
   1.13338186e+00  7.70401837e-01 -3.29295811e-01  5.85381020e-01]
 [ 7.84080862e-01  8.29752950e-01  1.29330883e+00 -9.76035455e-01
  -5.06577304e-01  9.55729686e-01  3.57534896e-01  3.62015851e-01
   6.19933425e-01  9.44652855e-01  1.18662199e+00 -2.48008716e-01]
 [-7.75693821e-01 -7.78955106e-02 -1.21610372e-01 -5.25050794e-02
  -4.98074638e-01  1.67572007e+00  3.74017971e-01 -1.72747729e-01
  -8.74275001e-01 -8.60655020e-01  1.44371446e-01 -1.53107081e-02]
 [-1.15747621e+00  4.71178258e-02 -2.88056000e-01  1.36809421e+00
   7.60520419e-01  2.28206361e-01  5.00509140e-02  6.12918482e-01
   1.04638348e+00  7.75008319e-02 -1.84445040e-02  1.54331451e-01]
 [-1.42644106e-01  3.39187549e-01  8.02022277e-01 -9.75928009e-02
  -1.09014875e+00 -1.21727799e+00  7.03378423e-01  3.32676909e-01
   9.21373176e-01 -9.14859445e-01 -9.10808741e-01 -5.50663517e-01]
 [ 3.56182299e-02 -4.28491734e-02  7.17028960e-01 -8.30731437e-01
  -1.03091797e+00 -6.41252665e-01  5.96920872e-01  4.34067309e-01
   9.44414014e-01 -2.19847844e-01 -4.88870788e-01  1.81843291e-01]
 [ 4.12862577e-01 -5.79472012e-01 -1.25281712e+00  3.22982961e-01
  -1.88491452e-01 -9.88617511e-02 -6.01862896e-01  1.10054485e+00
  -7.03854045e-01  3.03364652e-01  2.88217760e-01 -8.93998355e-01]],[[-8.15726383e-01 -1.11419168e+00  8.75658847e-01 -1.55109105e+00
  -4.17078243e-01  1.51120455e-01  1.42053888e+00]
 [ 8.13001526e-01  1.86194348e+00 -1.40698477e+00  5.10612586e-01
  -1.60063617e-01 -2.72150104e-01 -2.79319037e-01]
 [-5.92229497e-01 -2.38566461e-02  3.25223852e-01  9.90344815e-01
   4.94894385e-01  1.15535811e-01  1.72721862e+00]
 [-3.40243602e-01  4.91596524e-01 -1.27951979e+00 -1.00521167e+00
  -9.31710342e-01  1.45635462e+00  8.28620091e-02]
 [-1.11892019e+00 -7.81393970e-01  6.04137439e-01 -1.32418287e+00
   7.10298115e-02  7.87944364e-01 -4.51905063e-02]
 [-1.08767453e+00 -6.55559997e-01 -8.95138879e-01 -5.99684378e-04
  -9.97743807e-01 -7.44748110e-01 -1.10021210e-01]
 [ 1.35439311e+00  4.17175159e-01  2.11537215e-01  9.81382769e-01
   2.10839640e-01  9.53770359e-01  8.26471364e-01]
 [ 8.73265812e-01  1.18902975e+00 -1.24783726e+00 -8.06988273e-01
   1.55252110e-02  9.03121121e-01 -9.79144454e-01]
 [ 6.55777775e-01  1.57003001e-01  3.37854057e-01 -2.18972898e+00
  -1.00923779e+00  7.32836185e-01 -1.89812818e-01]
 [ 4.84937649e-01  1.09059505e+00  7.72247833e-01 -1.88196904e-01
   9.85442323e-02 -6.71200360e-01  1.45919480e+00]
 [-8.38912145e-01 -1.10026033e+00 -1.17790009e-01 -1.82291363e-01
   2.98029089e-01 -7.96958632e-01 -1.75468754e-01]
 [-3.84346594e-01 -4.40775153e-01  7.29572194e-01 -6.57380118e-01
  -6.10629934e-01 -8.61327278e-01  6.29658993e-01]]