[[-1.44712180e+00 -5.94781206e-01 -7.27194677e-01  1.07466961e+00
  -1.03180577e-01  3.99861664e-02 -1.17695340e+00  6.48798339e-01
  -1.19607075e+00  1.06960475e-01 -2.59327667e-01 -2.36847804e-01]
 [-8.24710437e-01  8.90708273e-02  2.59397648e-01  1.24863139e+00
  -1.51616464e-01 -7.22719957e-01  3.29523100e-01  5.06320254e-01
   2.75898134e-01 -1.19713915e+00 -1.60424750e-01  9.88637850e-01]
 [ 2.63522634e-01  8.62230174e-01 -1.42744940e+00  4.08530573e-01
   6.87893229e-01  7.44612085e-01  2.06877082e-01  9.62578309e-01
  -5.51888145e-01 -4.49954519e-01 -1.87641084e-01 -1.17634242e+00]
 [-1.33817021e-02 -6.30741152e-01  1.30516583e+00  9.55671132e-01
  -7.38913403e-01  3.51007087e-01  1.56481273e+00  4.66064943e-01
   2.39336924e-01  5.65894121e-01  3.75787229e-01 -8.87176507e-02]
 [-2.82111950e-01 -1.03904877e-01  5.78820112e-02 -6.80693239e-01
  -1.04958587e-01 -6.63138090e-02  5.88299920e-01 -1.12268471e+00
   6.33982531e-01  4.12116887e-01  8.75377841e-01  7.08844471e-01]
 [ 3.13082565e-01 -3.87207988e-01 -2.21586949e+00 -3.73470985e-01
  -5.94520344e-01 -9.48365436e-02 -3.73607165e-01 -6.37275336e-02
  -8.36346416e-01  2.88217721e-01 -1.64564993e-04 -1.93071233e-01]
 [ 3.98618700e-01 -4.05822411e-01  1.03394829e-01  4.02502729e-01
   8.04189955e-01 -2.99519736e-02  1.74478922e-02 -3.82485921e-01
  -1.79086170e+00 -2.35972414e-01 -4.92797453e-01 -6.80136695e-01]
 [ 6.85093679e-01 -7.27487447e-01 -6.36373971e-01  6.94886646e-01
   7.02051952e-01 -1.02374539e-01 -1.76658138e-01  2.61510354e-01
  -1.21685308e+00  7.30624358e-01  2.57873305e-01  1.11145236e+00]
 [ 4.48064771e-01  5.17755070e-01 -1.12544340e+00  1.71504998e-01
   7.15482048e-02 -8.59515834e-01  1.92184126e+00  5.04961536e-01
  -1.40690030e+00 -3.94765401e-01 -5.21374432e-01 -2.66417367e-01]
 [ 1.41606986e-01  3.10013359e-01  2.12436155e-01  4.55705702e-01
  -7.96355658e-01  3.21580584e-01 -5.67902363e-01 -7.97803821e-01
   1.30104808e+00  5.14055225e-01  2.24010872e-01 -1.32500277e-01]
 [-6.55714952e-01  4.20311954e-01  5.53191852e-01 -7.05286127e-01
  -6.04376748e-01  6.27846645e-01  1.06832444e+00 -9.79747689e-01
  -1.17122883e+00  1.49551883e+00  6.37985199e-01  3.42238179e-02]
 [ 4.09856837e-01 -5.12881419e-01 -4.95313758e-01  1.06007994e+00
  -8.15553933e-01 -1.66279277e+00  5.54898104e-01 -2.07034849e-01
  -5.89492332e-04  2.62657020e-01 -7.32672564e-02 -9.33270761e-01]
 [ 4.58718186e-01 -4.97804516e-01  7.30433673e-01 -6.60458823e-01
  -4.78591780e-01 -5.07862555e-01 -4.34226123e-01 -8.26207816e-01
   1.13338186e+00  7.70401837e-01 -3.29295811e-01  5.85381020e-01]
 [ 7.84080862e-01  6.33892948e-01  1.29330883e+00 -9.76035455e-01
  -9.17104671e-01  9.55729686e-01  3.57534896e-01  4.36734805e-01
   6.19933425e-01  6.90046406e-01  1.23512919e+00 -2.48008716e-01]
 [-7.75693821e-01 -7.78955106e-02 -1.21610372e-01 -5.25050794e-02
  -4.98074638e-01  1.95317039e+00  3.74017971e-01  2.27969716e-01
  -8.74275001e-01 -8.60655020e-01  1.44371446e-01 -1.53107081e-02]
 [-8.01882085e-01  4.71178258e-02 -4.42955883e-01  1.36809421e+00
   1.19880339e+00  2.28206361e-01  5.00509140e-02  1.06547438e+00
   1.04638348e+00 -7.99995215e-02  3.30435700e-01  1.54331451e-01]
 [-1.42644106e-01  3.39187549e-01  8.02022277e-01  2.90783840e-01
  -1.09014875e+00 -1.21727799e+00  6.61961967e-01  3.32676909e-01
   9.21373176e-01 -9.14859445e-01 -1.28965972e+00 -6.79743216e-01]
 [ 3.56182299e-02 -3.93441832e-01  2.42993135e-01 -8.30731437e-01
  -1.03091797e+00 -6.41252665e-01  3.44769334e-01  4.34067309e-01
   9.44414014e-01 -2.19847844e-01 -7.40961229e-02  1.81843291e-01]
 [ 4.12862577e-01 -5.79472012e-01 -1.25281712e+00  3.22982961e-01
  -1.88491452e-01 -9.88617511e-02 -6.01862896e-01  9.38266303e-01
  -7.03854045e-01  3.03364652e-01  2.88217760e-01 -8.93998355e-01]],[[-0.81572638 -1.23350933  0.52435473 -1.55109105 -0.14222754 -0.40859909
   1.42053888]
 [ 0.81300153  1.88540095 -1.40698477  0.43039197 -0.34433946 -0.2721501
  -0.17488552]
 [-0.5922295  -0.10705019  0.80439072  0.99034481  0.49489439  0.41163606
   1.72721862]
 [-0.3402436   0.49159652 -1.27951979 -0.52560715 -0.65091505  1.45635462
   0.08286201]
 [-0.23939601 -0.78139397  0.60413744 -1.63951111  0.07102981  0.78794436
  -0.04519051]
 [-1.08767453 -0.29233236 -0.89513888  0.49270851 -0.99774381 -0.65502032
   0.01037221]
 [ 1.35439311  0.48951343  0.21153721  0.35369186  0.68026761  1.04906149
   0.82266446]
 [ 0.87326581  1.18902975 -1.24783726 -0.85349017 -0.21208572  1.83292172
  -0.90005875]
 [ 0.9593182  -0.19364425  0.61237459 -1.92638688 -1.00923779  0.88512013
  -0.18981282]
 [ 0.23630943  1.09059505  0.36232306  0.06524181  0.09854423 -0.19102297
   1.12112798]
 [-1.56616876 -1.10026033  0.38007242 -0.18229136  0.43364684 -0.79695863
  -0.17546875]
 [-0.38434659 -0.69843106  0.47501122 -0.65738012 -0.77934677 -0.77209721
   0.25215675]]