[[-1.44712180e+00 -5.94781206e-01 -2.46099600e-01  1.07466961e+00
  -1.03180577e-01  5.18253994e-01 -1.17695340e+00  6.48798339e-01
  -1.19607075e+00  1.06960475e-01 -2.59327667e-01 -3.16921567e-02]
 [-8.24710437e-01  8.90708273e-02  2.59397648e-01  9.52433031e-01
  -1.51616464e-01 -1.08176785e+00  3.29523100e-01  5.06320254e-01
   2.75898134e-01 -1.19713915e+00 -3.38709652e-01  9.88637850e-01]
 [ 2.63522634e-01  8.62230174e-01 -1.83046133e+00  4.08530573e-01
   1.13156352e+00  7.44612085e-01  2.06877082e-01  9.62578309e-01
  -8.91469392e-01 -4.49954519e-01 -3.00659095e-01 -1.17634242e+00]
 [-1.33817021e-02 -6.30741152e-01  1.30516583e+00  9.55671132e-01
  -7.38913403e-01  3.51007087e-01  1.69146698e+00  4.66064943e-01
  -2.34242121e-01  5.65894121e-01  3.75787229e-01 -8.87176507e-02]
 [-2.82111950e-01 -1.03904877e-01  4.30589140e-02 -8.80067142e-01
  -1.04958587e-01  7.76628112e-02  2.39353132e-01 -1.09042593e+00
   6.33982531e-01  8.54672001e-01  8.75377841e-01  7.68128436e-01]
 [ 4.82654586e-01 -2.00168716e-01 -1.63665075e+00 -3.73470985e-01
  -4.60482602e-01 -9.48365436e-02 -3.73607165e-01 -6.37275336e-02
  -8.36346416e-01  2.88217721e-01 -1.64564993e-04  2.61124472e-01]
 [ 3.98618700e-01 -4.05822411e-01  1.03394829e-01  5.83723800e-01
   8.04189955e-01 -2.99519736e-02  1.74478922e-02 -6.05912587e-01
  -1.35572453e+00 -2.35972414e-01 -1.29244517e-01 -3.32492822e-01]
 [ 6.85093679e-01 -7.27487447e-01 -6.36373971e-01  6.94886646e-01
   7.02051952e-01 -1.02374539e-01 -1.76658138e-01  5.34931040e-01
  -1.21685308e+00  7.30624358e-01  2.57873305e-01  1.11145236e+00]
 [ 4.48064771e-01  5.17755070e-01 -1.12544340e+00 -1.03213922e-01
   7.15482048e-02 -8.59515834e-01  1.92184126e+00  5.04961536e-01
  -1.40690030e+00 -3.94765401e-01 -5.21374432e-01  1.35511772e-01]
 [ 1.41606986e-01  3.10013359e-01  2.12436155e-01  4.55705702e-01
  -7.96355658e-01  3.21580584e-01 -5.67902363e-01 -5.41583209e-01
   1.30104808e+00  7.21598368e-01 -1.20990211e-01 -1.32500277e-01]
 [-6.55714952e-01  4.20311954e-01  1.12909703e-01 -7.05286127e-01
  -6.04376748e-01  8.17998206e-01  1.06832444e+00 -9.79747689e-01
  -1.17122883e+00  1.49551883e+00  9.78891175e-01  3.42238179e-02]
 [ 4.09856837e-01 -5.12881419e-01 -4.95313758e-01  7.40884088e-01
  -8.15553933e-01 -1.66279277e+00  5.54898104e-01 -6.90794638e-01
   2.66533072e-01  2.62657020e-01 -7.32672564e-02 -9.33270761e-01]
 [ 4.58718186e-01 -4.97804516e-01  7.30433673e-01 -6.60458823e-01
  -4.78591780e-01 -4.85734250e-01 -4.34226123e-01 -5.65870239e-01
   1.13338186e+00  7.70401837e-01 -3.29295811e-01  5.85381020e-01]
 [ 7.84080862e-01  8.29752950e-01  1.49559890e+00 -9.76035455e-01
  -9.69191049e-01  9.55729686e-01  6.10288763e-01  3.62015851e-01
   6.19933425e-01  4.20541497e-01  1.45886401e+00 -2.48008716e-01]
 [-7.75693821e-01 -7.78955106e-02 -1.21610372e-01 -2.55054923e-01
  -4.98074638e-01  1.10830368e+00  3.74017971e-01 -1.72747729e-01
  -8.74275001e-01 -8.60655020e-01 -1.22921499e-01 -1.53107081e-02]
 [-8.01882085e-01  4.71178258e-02 -2.88056000e-01  1.09418070e+00
   7.60520419e-01  4.13889347e-01  4.71055255e-01  6.12918482e-01
   1.04638348e+00  7.75008319e-02  3.30435700e-01  1.56151699e-01]
 [-1.42644106e-01  3.39187549e-01  8.02022277e-01 -3.48351275e-02
  -1.19490930e+00 -1.21727799e+00  7.03378423e-01  3.32676909e-01
   9.21373176e-01 -5.83238446e-01 -9.10808741e-01 -9.52414072e-01]
 [ 3.56182299e-02 -4.28491734e-02  7.17028960e-01 -8.30731437e-01
  -7.15294361e-01 -7.14201092e-01  6.08416239e-01  3.17134673e-01
   9.70402608e-01 -2.19847844e-01 -7.40961229e-02  1.81843291e-01]
 [ 4.12862577e-01 -5.79472012e-01 -1.25281712e+00  4.64995684e-01
  -1.88491452e-01 -9.88617511e-02 -6.01862896e-01  9.38266303e-01
  -7.03854045e-01  3.03364652e-01  2.88217760e-01 -8.93998355e-01]],[[-0.81572638 -1.23350933  1.03348981 -1.55109105 -0.19295501  0.13362923
   1.01704773]
 [ 1.2734449   1.58054538 -1.40698477  0.51061259  0.30765415  0.16306049
  -0.02064073]
 [-0.5922295  -0.13048863  0.57542447  1.26400917  0.49489439  0.37586893
   2.20397791]
 [-1.22800801  0.49159652 -0.91546532 -0.56187446 -0.98577001  1.45635462
  -0.19715255]
 [-0.396483   -0.62132767  0.15367105 -1.40695664  0.29824676  0.78794436
  -0.04519051]
 [-1.58634363 -0.29233236 -0.99834605 -0.29871987 -0.99774381 -0.65502032
   0.01037221]
 [ 1.35439311  0.41717516 -0.57272232  0.76831163  0.68026761  1.18812212
   0.82266446]
 [ 0.87326581  1.18902975 -1.24783726 -0.39952893 -0.21208572  0.90312112
  -0.97914445]
 [ 0.9593182  -0.19364425  0.30553959 -2.18972898 -1.00923779  0.73283619
  -0.14691776]
 [ 0.23630943  1.09059505  0.17595041  0.06524181  0.59786109 -0.19102297
   0.58101232]
 [-0.99855893 -1.10026033  0.3516219  -0.18229136  0.43364684 -0.90790788
  -0.17546875]
 [-0.54507166 -0.44077515  0.77244901 -0.72425767 -0.41500252 -0.86132728
   0.93762034]]