[[-1.44712180e+00 -5.94781206e-01 -2.46099600e-01  1.07466961e+00
  -1.03180577e-01  5.18253994e-01 -1.17695340e+00  6.48798339e-01
  -1.19607075e+00  1.06960475e-01  2.40365225e-02 -2.31501546e-01]
 [-8.24710437e-01  8.90708273e-02  5.46648940e-01  9.52433031e-01
  -1.51616464e-01 -7.22719957e-01  3.29523100e-01  7.62207300e-01
   2.75898134e-01 -7.16007044e-01 -3.38709652e-01  9.88637850e-01]
 [ 2.63522634e-01  8.62230174e-01 -1.42744940e+00  4.08530573e-01
   6.14492062e-01  7.44612085e-01  2.06877082e-01  9.62578309e-01
  -5.51888145e-01 -4.49954519e-01 -1.87641084e-01 -1.17634242e+00]
 [-1.33817021e-02 -6.30741152e-01  1.30516583e+00  9.55671132e-01
  -7.38913403e-01  3.51007087e-01  1.69146698e+00  4.66064943e-01
   2.39336924e-01  5.65894121e-01  3.75787229e-01  1.17958201e-01]
 [-2.82111950e-01 -1.03904877e-01  5.78820112e-02 -2.08735986e-01
  -1.04958587e-01  7.76628112e-02  5.88299920e-01 -1.09042593e+00
   6.33982531e-01  5.87887564e-01  6.33736596e-01  7.68128436e-01]
 [ 1.83712456e-01 -3.87207988e-01 -2.15077074e+00 -3.73470985e-01
  -5.94520344e-01 -9.48365436e-02 -3.73607165e-01 -6.37275336e-02
  -9.79078655e-01  2.88217721e-01 -1.64564993e-04 -1.93071233e-01]
 [ 4.02806786e-01 -1.25637922e-01  1.03394829e-01  4.02502729e-01
   8.04189955e-01 -2.99519736e-02  1.74478922e-02 -3.82485921e-01
  -1.79086170e+00 -2.35972414e-01 -4.92797453e-01 -6.80136695e-01]
 [ 1.06901685e+00 -8.42165288e-01 -6.36373971e-01  6.94886646e-01
   7.44916819e-01 -1.02374539e-01 -5.56606303e-02  5.34931040e-01
  -1.21685308e+00  7.30624358e-01  3.15944451e-01  1.11145236e+00]
 [ 4.48064771e-01  7.04840544e-01 -1.12544340e+00  1.71504998e-01
   7.15482048e-02 -8.59515834e-01  1.92184126e+00  5.04961536e-01
  -1.40690030e+00 -3.94765401e-01 -5.21374432e-01 -2.66417367e-01]
 [ 1.41606986e-01  3.10013359e-01  2.12436155e-01  4.55705702e-01
  -7.96355658e-01  3.21580584e-01 -5.67902363e-01 -1.17332010e+00
   1.30104808e+00  5.14055225e-01  2.24010872e-01 -1.32500277e-01]
 [-6.55714952e-01  4.20311954e-01  5.53191852e-01 -9.61817188e-01
  -6.04376748e-01  1.53177317e-01  1.06832444e+00 -9.79747689e-01
  -1.46325133e+00  1.49551883e+00  6.37985199e-01 -2.68499718e-02]
 [ 5.29138602e-01 -5.12881419e-01 -4.88208487e-01  1.06007994e+00
  -8.15553933e-01 -1.66279277e+00  5.54898104e-01 -2.07034849e-01
   2.66533072e-01  2.62657020e-01 -7.32672564e-02 -9.33270761e-01]
 [ 4.58718186e-01 -4.97804516e-01  7.30433673e-01 -6.60458823e-01
  -4.78591780e-01 -7.09692359e-02 -4.34226123e-01 -5.44436658e-01
   1.13338186e+00  8.44666255e-01 -3.29295811e-01  5.85381020e-01]
 [ 7.10206373e-01  8.29752950e-01  9.95588191e-01 -9.76035455e-01
  -5.06577304e-01  9.55729686e-01  3.57534896e-01  3.62015851e-01
   6.90728124e-01  6.90046406e-01  1.18662199e+00 -2.48008716e-01]
 [-7.75693821e-01 -7.78955106e-02 -1.79001658e-01 -5.25050794e-02
  -4.98074638e-01  1.67572007e+00  3.74017971e-01 -3.33598277e-01
  -9.93442701e-01 -8.60655020e-01  1.44371446e-01 -9.71813772e-02]
 [-1.15747621e+00  3.56231822e-01 -2.88056000e-01  1.36809421e+00
   8.67142990e-01  2.28206361e-01  5.00509140e-02  6.12918482e-01
   1.01548696e+00  7.75008319e-02  2.97253353e-01  1.54331451e-01]
 [-1.42644106e-01  3.39187549e-01  8.02022277e-01  2.90783840e-01
  -1.09014875e+00 -1.21727799e+00  7.03378423e-01  3.32676909e-01
   1.00528132e+00 -9.14859445e-01 -9.10808741e-01 -6.79743216e-01]
 [ 3.56182299e-02 -4.28491734e-02  7.17028960e-01 -8.30731437e-01
  -1.03091797e+00 -6.41252665e-01  3.44769334e-01  4.34067309e-01
   9.44414014e-01 -2.19847844e-01 -7.40961229e-02  6.09454050e-01]
 [ 6.72073739e-01 -5.79472012e-01 -1.25281712e+00  3.22982961e-01
  -5.29338873e-01 -9.88617511e-02 -6.01862896e-01  7.96286861e-01
  -7.03854045e-01  6.50586077e-01  2.88217760e-01 -8.93998355e-01]],[[-0.81572638 -1.57739607  0.87565885 -1.14816347 -0.269791   -0.11304032
   1.42053888]
 [ 0.81300153  1.56721127 -1.40698477  0.51061259 -0.16006362 -0.2721501
  -0.60000395]
 [-0.95983166 -0.02385665  0.3294091   0.99034481  0.91305929  0.11553581
   1.64482304]
 [-0.3402436   0.49159652 -1.01099127 -0.52560715 -0.65091505  1.45635462
   0.52602522]
 [-0.92601364 -0.36422903  0.60413744 -1.63951111  0.07102981  0.78794436
   0.74494129]
 [-1.08767453 -0.65556    -0.89513888 -0.06578228 -1.08807855 -0.65502032
   0.074594  ]
 [ 1.18886601  0.41717516  0.36850504  0.38153323  0.68026761  1.04906149
   0.82647136]
 [ 0.87326581  1.18902975 -1.24783726 -0.74704259 -0.21208572  0.79364491
  -1.429744  ]
 [ 0.38994401 -0.19364425  0.16906341 -2.18972898 -1.00923779  1.21203215
   0.08598086]
 [ 0.23630943  0.60432455  0.63599268 -0.2829964   0.09854423 -0.19102297
   1.14336477]
 [-0.83891214 -1.29511563 -0.11779001 -0.32132674  0.3099385  -0.79695863
  -0.16273206]
 [-0.50488614 -0.44077515  0.47501122 -0.73689828 -0.61062993 -0.86132728
   0.62965899]]