[[-1.4471218  -0.59478121 -0.2460996   1.07466961 -0.10318058  0.51825399
  -1.1769534   0.64879834 -1.19607075  0.10696048 -0.25932767 -0.27607469]
 [-0.82471044  0.08907083  0.25939765  0.95243303 -0.15161646 -0.72271996
   0.3295231   0.50632025  0.27589813 -1.19713915 -0.33870965  0.98863785]
 [ 0.26352263  0.86223017 -1.4274494   0.40853057  0.68789323  0.74461209
   0.20687708  0.96257831 -0.55188814 -0.44995452 -0.18764108 -1.17634242]
 [-0.0321897  -0.63074115  1.30516583  0.95567113 -0.7389134   0.35100709
   1.69146698  0.46606494  0.23933692  0.56589412  0.37578723 -0.08871765]
 [-0.51842532 -0.10390488  0.05788201 -0.34358565 -0.10495859 -0.06631381
   0.58829992 -1.09042593  0.36286518  0.854672    0.87537784  0.76812844]
 [ 0.48265459 -0.38720799 -2.15077074 -0.37347099 -0.59452034 -0.09483654
  -0.37360716 -0.06372753 -0.83634642  0.28821772  0.3205858  -0.19307123]
 [ 0.3986187  -0.40582241  0.02108881  0.40250273  0.80418995 -0.02995197
   0.30961743 -0.38248592 -1.7908617  -0.23597241 -0.49279745 -0.68013669]
 [ 0.68509368 -0.72748745 -0.63637397  0.69488665  0.70205195 -0.10237454
  -0.17665814  0.53493104 -1.21685308  0.73062436  0.2578733   1.11145236]
 [ 0.44806477  0.51775507 -1.1254434   0.171505    0.0715482  -0.85951583
   2.04863921  0.50496154 -1.4069003  -0.52100748 -0.52137443 -0.26641737]
 [ 0.14160699  0.31001336  0.21243615  0.4557057  -0.79635566  0.32158058
  -0.56790236 -0.79780382  1.30104808  0.51405523  0.22401087 -0.13250028]
 [-0.65571495  0.42031195  0.55319185 -0.70528613 -0.60437675  0.15317732
   1.06832444 -0.97974769 -1.17122883  1.36665749  0.6379852   0.03422382]
 [ 0.66521411 -0.51288142 -0.49531376  1.06007994 -0.81555393 -1.66279277
   0.5548981  -0.20703485  0.26653307  0.26265702 -0.07326726 -0.93327076]
 [ 0.45871819 -0.49780452  0.73043367 -0.66045882 -0.38875936 -0.48573425
  -0.43422612 -0.54443666  1.13338186  0.77040184 -0.73034055  0.58538102]
 [ 0.78408086  0.87181427  1.29330883 -0.97603546 -0.91710467  0.95572969
   0.3575349   0.4471508   0.61993342  0.69004641  1.23512919 -0.24800872]
 [-0.77569382 -0.07789551 -0.12161037 -0.42093419 -0.49807464  1.67572007
   0.37401797 -0.35333909 -0.874275   -0.86065502  0.14437145 -0.01531071]
 [-0.80188208  0.04711783 -0.288056    1.36809421  0.76052042  0.22820636
   0.05005091  0.12175881  1.04638348  0.07750083  0.3304357   0.15433145]
 [-0.14264411  0.33918755  0.80202228  0.29078384 -1.09014875 -1.21727799
   0.70337842  0.33267691  0.92137318 -0.91485945 -0.91080874 -0.67974322]
 [ 0.03561823 -0.04284917  0.71702896 -0.83073144 -1.03091797 -0.64125267
   0.34476933  0.43406731  0.94441401 -0.21984784 -0.0754036   0.18184329]
 [ 0.41286258 -0.57947201 -1.25281712  0.32298296 -0.18849145 -0.09886175
  -0.6018629   0.9382663  -0.70385404  0.30336465  0.28821776 -0.89399835]],[[-0.81572638 -1.23350933  0.87565885 -1.55109105 -0.14222754 -0.11304032
   1.42053888]
 [ 0.81300153  1.73943038 -1.40698477  0.51061259 -0.34433946 -0.2721501
  -0.17488552]
 [-0.5922295  -0.10705019  0.32522385  0.99034481  0.49489439  0.41163606
   1.72721862]
 [-0.3402436   0.49159652 -1.27951979 -0.52560715 -0.65091505  1.45635462
   0.08286201]
 [-0.61308802 -0.78139397  0.60413744 -1.62580707  0.17772694  0.78794436
  -0.04519051]
 [-1.08767453 -0.43670031 -0.45989241 -0.16130672 -0.99774381 -0.65502032
  -0.1316219 ]
 [ 1.35439311  0.41717516  0.21153721  0.8109446   1.15590139  1.04906149
   0.82266446]
 [ 0.57807631  1.18902975 -1.24783726 -0.80698827 -0.21208572  0.63058082
  -0.97914445]
 [ 0.9593182  -0.19364425  0.50858925 -2.18972898 -1.00923779  0.73283619
   0.1468995 ]
 [-0.13191522  1.09059505  0.77224783  0.06524181  0.09854423 -0.19102297
   1.33600862]
 [-1.09373403 -1.01745698 -0.11779001 -0.18229136  0.43364684 -1.04135291
  -0.34608502]
 [-0.38434659 -0.44077515  0.12180199 -0.65738012 -0.61062993 -0.86132728
   0.27396562]]