[[-1.56437371 -0.59478121 -0.2460996   1.04163256 -0.10318058  0.51825399
  -0.8882303   0.57579549 -1.62617438  0.10696048 -0.25932767 -0.09484839]
 [-0.82471044  0.08907083  0.25939765  1.17112285 -0.15161646 -0.77764296
   0.21485031  0.50632025  0.27589813 -1.19713915 -0.33870965  0.63370714]
 [ 0.26352263  0.86223017 -1.4274494   0.40853057  0.68789323  0.74461209
   0.20687708  0.96257831 -0.55188814 -0.79582977 -0.05631963 -1.3072783 ]
 [-0.0133817  -0.47300531  1.30516583  1.28619704 -0.80302281  0.35100709
   1.44142012  0.46606494  0.23933692  0.24890044 -0.03895362 -0.36765049]
 [-0.28211195 -0.20219407  0.05788201 -0.93322587 -0.10495859  0.07766281
   0.58829992 -1.09042593  0.63398253  0.854672    0.87537784  0.87149744]
 [ 0.48265459 -0.42971681 -1.70715567 -0.37347099 -0.59452034  0.09743578
  -0.37360716  0.32159057 -0.83634642  0.28821772 -0.16338489 -0.19307123]
 [ 0.3986187   0.02936692  0.10339483  0.5837238   0.80418995 -0.02995197
  -0.41945744 -0.80427946 -1.63383084 -0.23597241 -0.49279745 -0.78520362]
 [ 0.68509368 -0.72748745 -0.43594433  0.42980054  0.76163015 -0.10237454
  -0.67521241  0.29594899 -1.21685308  0.99417638  0.2578733   1.11145236]
 [ 0.44806477  0.51775507 -1.1254434   0.171505   -0.77270121 -0.85951583
   1.92184126  0.50496154 -1.4069003  -0.3947654  -0.52137443  0.04859434]
 [ 0.14160699  0.31001336  0.39975936  0.28975909 -1.10538313  0.32158058
  -1.00173162 -0.79780382  1.31619067  0.51405523  0.0851681  -0.13250028]
 [-0.65571495  0.66715348  0.55319185 -0.70528613 -0.60437675  0.81799821
   1.06832444 -1.46371713 -1.17122883  1.07963677  0.6379852   0.38411695]
 [ 0.86092696 -0.51288142 -0.34240337  1.41731593 -0.11543261 -1.96484444
   0.19697363 -0.6978171   0.26653307  0.26265702 -0.07326726 -0.93327076]
 [ 0.45871819 -0.49780452  0.75413884 -0.66045882 -0.13688804 -0.73683156
  -0.57148836 -0.54443666  1.13338186  0.63026646 -0.32929581  0.58538102]
 [ 0.78408086  0.92404684  1.29330883 -0.61617854 -0.39514786  0.95572969
   0.61028876  0.36201585  0.8827294   0.25545543  1.82918769 -0.24800872]
 [-0.77569382 -0.21394639 -0.46882364 -0.05250508 -0.49807464  0.72363289
   0.37401797 -0.59976286 -1.33405055 -0.86065502  0.63883223 -0.01531071]
 [-0.4863129   0.04711783 -0.62248532  1.0941807   0.72645732  0.41388935
  -0.44160135  0.61291848  0.95982004  0.10069939  0.3304357   0.15433145]
 [ 0.21353506  0.33918755  0.80202228  0.05101405 -1.09014875 -0.64855831
   0.91093553  0.33267691  1.05461757 -0.91485945 -0.91080874 -0.67974322]
 [ 0.03561823 -0.47590801  0.71702896 -0.83073144 -0.81906257 -0.64125267
   0.34476933  0.3020121   0.18927623 -0.21984784 -0.07409612  0.05077972]
 [ 0.41286258 -0.57947201 -1.25281712  0.68348678 -0.03926941 -0.09886175
  -0.6018629   1.0099281  -0.51052096  0.30336465  0.28821776 -0.89399835]],[[-0.49617834 -1.23350933  0.48285741 -1.55109105 -0.17859592  0.45367731
   1.42053888]
 [ 1.25025401  1.86194348 -1.21683864  0.86365838 -0.46667956  0.0903933
  -0.15030113]
 [-0.79640102  0.18490344  0.36541447  0.10161875  0.25692287  0.22359137
   1.72721862]
 [-0.76067322 -0.25958062 -1.71018344 -0.17100581 -0.65091505  1.98469431
   0.04451018]
 [-0.77326197 -0.41447472  0.16598386 -1.870034    0.09221701  0.23786793
   0.10001725]
 [-1.0140938  -0.29233236 -1.75295562 -0.1871092  -1.1387569  -0.65502032
   0.10571041]
 [ 1.35439311  0.70247571 -0.23187721  0.32956146  0.35578853  0.35673681
   0.64251434]
 [ 0.87326581  1.45974034 -0.79173658 -0.85143806 -0.21208572  0.90312112
  -0.85959965]
 [ 0.52946976  0.08874569  0.96343508 -1.98253005  0.15777353  0.71414945
  -0.18981282]
 [ 0.23630943  1.9210348   1.68666473  0.06524181 -0.46244583 -0.19102297
   1.50074326]
 [-1.39168972 -1.48077435 -0.48613704 -0.2457552   0.12401636 -1.0664913
  -0.32536998]
 [-0.48040782 -0.59401564 -0.06387197 -0.42336053 -0.26054617 -0.86132728
   0.81885643]]