[[-1.4471218  -0.59478121  0.11052206  1.07466961  0.33226284  0.51825399
  -0.81059106  0.64879834 -0.94831671  0.2144502  -0.4301925   0.23987461]
 [-0.82471044  0.08907083  0.25939765  0.75084767 -0.15161646 -0.81077498
   0.3295231   0.50632025  0.51599462 -1.19713915 -0.33870965  0.63370714]
 [ 0.25528631  0.86223017 -1.43403989  0.59826108  0.68789323  0.74461209
   0.48176955  1.08508299 -0.55188814  0.01996637  0.16427069 -1.17634242]
 [-0.0133817  -0.19335874  1.30516583  0.19188878 -0.57704034  0.06104998
   0.81408355 -0.02352397  0.85411728  0.56589412 -0.03060666 -0.21252994]
 [-0.28211195 -0.07780982  0.10640462 -0.75431328  0.11343314  0.07766281
   0.58829992 -0.79932177  0.63398253  1.25513177  0.87537784  0.76812844]
 [ 0.40333544 -0.38720799 -0.92318826 -0.52278202 -0.61988922  0.1320289
  -0.02746166 -0.14032697 -0.83634642  0.05585555 -0.04047813 -0.21006918]
 [ 0.48094576 -0.13779071  0.4588269   0.5837238   0.17545261  0.37374018
   0.00500923 -0.2869221  -1.15015768 -0.23597241 -0.9620831  -0.53022764]
 [ 0.68509368 -0.3001466  -0.63637397  0.49753494  0.24997721 -0.10237454
  -0.04115338  0.60468911 -1.49654982  1.2223918   0.2578733   1.11145236]
 [ 0.44806477  0.62095798 -1.49110282  0.45113162 -0.32858798 -1.29462111
   1.59112624  0.50496154 -1.7281625  -0.58044181 -0.11344898 -0.61211193]
 [-0.08651961  0.57970165 -0.0598974  -0.10220705 -1.19005042  0.38204084
  -0.93146404 -0.37840304  1.30104808  0.90275035 -0.0276481   0.07850238]
 [-0.65571495  0.42031195  0.70298187 -0.15613999 -0.60437675  0.57145039
   1.06832444 -1.01581663 -0.88616864  1.39939925  1.123301   -0.41403662]
 [ 0.40985684 -0.10419211 -0.34240337  1.13835282 -0.81555393 -1.66279277
   0.5548981  -1.00170675  0.07058669  0.26265702 -0.03271579 -0.93327076]
 [ 0.45871819 -0.05179132  0.75413884 -0.66045882 -0.18386058 -0.48573425
  -0.17918767 -0.86495755  0.73647508  0.77040184 -0.32929581  0.48348474]
 [ 0.3374976   0.82975295  0.64806314 -0.77747327 -0.5065773   0.95572969
   0.63296409  0.36201585  0.8827294   0.69004641  0.74122823 -0.24800872]
 [-0.77569382 -0.07789551 -0.3989508  -0.05250508 -0.70861154  0.72363289
   0.11204155 -0.17274773 -1.3399782  -0.86065502  0.37239271  0.27854004]
 [-0.80188208  0.0720552  -1.04787121  1.33636272  0.76052042  0.41388935
   0.05005091  0.73925103  1.04638348 -0.26163899  0.3304357   0.53136059]
 [ 0.28553989  0.33918755  0.80202228  0.05101405 -1.09014875 -1.61627082
   0.70337842 -0.10513451  1.50882687 -0.72346999 -0.91080874 -0.67974322]
 [-0.42933649  0.44377044  0.71702896 -0.83073144 -1.03091797 -0.50404048
   0.43441225 -0.18904159  0.75929996  0.23051284 -0.07409612 -0.29263996]
 [ 0.41286258 -0.57947201 -1.25281712  0.52316458  0.24897326  0.18938121
  -0.6018629   1.0099281  -0.51052096  0.30336465  0.28821776 -0.65712831]],[[-1.14471447 -1.19337778  1.01720013 -1.08095141  0.02682269  0.03744812
   0.74039954]
 [ 1.12128838  1.86194348 -1.73795172  0.33460812  0.66404706  0.30121809
  -0.06986091]
 [-1.06663371 -0.72417819  0.32522385  0.44856073  0.3224616   0.26879915
   1.00861741]
 [-0.69068309  0.27170391 -1.09789285 -1.52827132 -0.39776318  1.36262633
  -0.10399584]
 [-1.083367   -0.15899722  0.30949554 -1.2380038   0.15372476  0.84938458
  -0.31466879]
 [-0.73634437 -0.46795778 -0.72269032 -0.45134906 -1.18287737 -0.19658959
  -0.38866096]
 [ 0.25309107  0.46597649 -0.61770147  1.16315094 -0.19488508  0.29980473
   0.5118526 ]
 [ 1.02068702  0.45632323 -0.99952782 -0.70549957  0.07719426  0.51389289
  -0.47674391]
 [-0.5128231   0.81355766  0.13091134 -1.32871871 -1.66876025 -0.07326093
  -0.11594675]
 [ 0.59583081  1.20958695  0.49348134  0.06524181 -0.60682774  0.08165943
   1.14336477]
 [-0.97526355 -1.57704569 -0.29522179 -0.38464807  0.21205707 -0.81803963
  -0.34489627]
 [-0.50027315 -0.44077515  0.49482785 -0.65738012  0.16135424 -0.81539548
   0.81885643]]