[[-1.69604887 -0.59478121 -0.34871143  1.07466961  0.33226284  0.51825399
  -1.10924722  0.64879834 -0.94831671 -0.18768093 -0.4301925  -0.25743767]
 [-0.38709067  0.08907083  0.02125079  1.11754211 -0.15161646 -0.93849877
   0.40285229  0.50632025  0.53948178 -1.19713915 -0.33870965  0.63370714]
 [ 0.18551089  0.40797095 -1.7728467   1.07385152  1.06879316  0.74461209
   0.43999733  0.96257831 -0.61488328  0.01996637 -0.64716486 -1.17634242]
 [-0.0133817  -0.39362358  1.30516583  1.15989981 -0.48529393  0.35100709
   1.22771195  0.46606494  0.54567239  0.56589412 -0.26329424 -0.21252994]
 [-0.28211195  0.21784686  0.5168093  -0.37830398 -0.10495859  0.07766281
   0.40491033 -0.78342507  1.00851016  0.854672    0.87537784  0.05413036]
 [ 0.16857624 -0.38720799 -0.92318826 -0.301255   -0.61988922 -0.09483654
  -0.02746166  0.34071283 -0.83634642  0.28821772 -0.5204284  -0.67376554]
 [ 0.53795626 -0.40582241  0.86753254  0.3840714   0.31117346 -0.08820738
   0.01744789 -0.06233215 -1.15015768 -0.23597241 -0.9620831  -0.68013669]
 [ 0.68509368 -0.72748745 -0.73193311  0.81990824  0.42504257  0.33985975
  -0.07135783  0.3430281  -1.08456163  0.97232024  0.74350292  1.11145236]
 [ 0.5889991   0.18624063 -1.49110282  0.171505   -0.32858798 -0.98591952
   1.59112624  0.9893269  -1.4069003  -0.17034979 -0.52137443  0.04859434]
 [-0.08651961  0.62310554 -0.55589734  0.28975909 -0.26214739  0.5582208
  -0.77209624 -0.79780382  1.30104808  0.51405523  0.16839887 -0.25768278]
 [-0.65571495  0.42077137  1.11070719 -0.71995703 -0.60437675  0.59980872
   1.56113146 -0.75199876 -0.48204154  1.20745874  1.123301   -0.59006357]
 [ 0.40985684  0.11092161 -0.34240337  0.56156098 -1.22023163 -1.66279277
   0.5548981  -1.00170675  0.26653307  0.31596639 -0.2719282  -0.93327076]
 [ 0.0255636  -0.49780452  0.75413884 -0.66045882 -0.30402776 -0.38706337
  -0.43422612 -0.4818702   0.73647508  1.26597027 -0.32929581  0.96553358]
 [ 0.86711181  1.02456311  0.86133782 -0.93894015 -0.39636785  0.95572969
   0.20027444  0.61457719  0.8827294   0.45708563  0.74122823 -0.24800872]
 [-0.77569382  0.22936342 -0.12161037  0.1260161  -0.70861154  1.00655512
  -0.19434072 -0.87485233 -1.03916944 -0.86065502  0.37239271 -0.0362435 ]
 [-0.71147965  0.52370679 -0.93239998  1.32444839 -0.17062531  0.65029716
  -0.40464958  1.10418394  1.04638348  0.16343288  0.44513805  1.01631883]
 [ 0.78406199  0.33918755  0.80202228  0.2065659  -1.08015622 -1.21727799
   0.70337842  0.33125694  1.23670616 -0.96135147 -1.04511392 -0.18379086]
 [-0.10596244 -0.46048564  0.5102755  -0.83073144 -0.65860246 -0.63713208
   0.71341057  0.22225506  1.01512729  0.12668501  0.42267349 -0.29263996]
 [ 0.6291281  -0.57947201 -1.15139398  0.74469521  0.24897326 -0.36226665
  -1.03165771  1.0099281  -0.61327299  0.30336465  0.28821776 -0.65712831]],[[-1.23206576 -1.61099442  1.17754827 -1.29213129  0.26701789  0.44134336
   1.75001265]
 [ 1.48876718  2.03507855 -1.51645605  0.51061259  0.58628822 -0.13890871
  -0.19516435]
 [-0.73916754 -1.51761488 -0.0900558   0.98949188  0.2623019   0.40178618
   2.27284646]
 [-0.74949797 -0.34552908 -1.27609237 -1.56080077 -1.11010375  1.94207298
  -0.095511  ]
 [-1.41330419 -0.34386438  0.01284152 -0.83114135 -0.103278    0.51472609
   0.10001725]
 [-1.394448   -0.3336813  -0.56385034 -0.57078443 -1.37991746 -1.07012451
   0.09709458]
 [ 0.86075786  0.00711496 -0.51532913  0.45894648 -0.45406796  0.43440725
   0.31112924]
 [ 1.98022831  1.09497756 -0.57296301 -0.86065383  0.24278056  0.44240587
  -0.52045128]
 [-0.44604477  0.94324632  0.42367555 -0.44068005 -2.01602632  1.240953
  -0.05777723]
 [ 0.19350514  0.75317719  0.7163189   0.55353335 -0.40619591  0.26445868
   1.52849659]
 [-1.01558306 -1.78230417 -0.38202832 -0.028541    0.92057509 -0.9354548
  -0.57475346]
 [ 0.8159056  -0.60770265  0.36226996 -0.65738012  0.09296944 -0.73892122
   0.81885643]]