[[-1.5481583  -0.59478121 -0.2460996   1.12302568 -0.10318058  0.51825399
  -1.1769534   0.64879834 -1.19607075  0.10696048 -0.25932767 -0.23150155]
 [-0.82471044  0.08907083  0.11238811  0.95243303  0.28126463 -0.72271996
   0.3295231   0.50632025  0.27589813 -0.70167554 -0.33870965  0.98863785]
 [ 0.26352263  0.86223017 -1.4274494   0.40853057  0.68789323  1.21940925
   0.20687708  0.96257831 -0.55188814 -0.44995452 -0.18764108 -1.17634242]
 [-0.0133817  -0.63074115  1.30516583  0.95567113 -0.7389134   0.35100709
   1.69146698  0.46606494  0.16580133  0.56589412  0.37578723 -0.08871765]
 [-0.28211195 -0.10390488  0.05788201 -0.68069324 -0.44923041 -0.03842892
   0.71192991 -1.50886821  0.1760255   0.854672    0.87537784  0.76812844]
 [ 0.62621783 -0.38720799 -2.15077074 -0.37347099 -0.59452034 -0.09483654
  -0.37360716 -0.06372753 -0.83634642  0.36537722 -0.366803    0.13825525]
 [ 0.3986187  -0.40582241  0.19092458  0.40250273  0.80418995 -0.02995197
   0.01744789 -0.38248592 -1.7908617  -0.23597241 -0.49279745 -0.68013669]
 [ 0.68509368 -0.72748745 -0.63637397  1.09507662  0.70205195 -0.10237454
  -0.17665814  0.53493104 -1.21685308  0.73062436  0.2578733   1.42015498]
 [ 0.44806477  0.51775507 -1.1254434   0.171505    0.0715482  -0.85951583
   1.92184126  0.50496154 -1.4069003  -0.53426481 -0.97667079 -0.26641737]
 [ 0.14160699  0.31001336  0.21243615  0.4557057  -0.79635566  0.32158058
  -0.56790236 -0.79780382  1.30104808  0.51405523  0.22401087 -0.13250028]
 [-0.65571495  0.42031195  0.55319185 -0.70528613 -0.60437675  0.15317732
   1.06832444 -0.97974769 -1.17122883  1.12624034  0.5140669   0.03422382]
 [ 0.40985684 -0.51288142 -0.49531376  1.06007994 -0.81555393 -1.17576006
   0.5548981  -0.20703485  0.26653307  0.26265702 -0.07326726 -0.93327076]
 [ 0.45871819 -0.49780452  0.73043367 -0.66045882 -0.26246936 -0.48573425
  -0.43422612 -0.54443666  1.13338186  0.77040184 -0.32929581  0.58538102]
 [ 0.93126363  0.82975295  1.29330883 -0.97603546 -0.5065773   0.95572969
   0.3575349   0.67570424  0.61993342  0.69004641  1.23512919 -0.24800872]
 [-0.77569382 -0.07789551 -0.12161037 -0.05250508 -0.49807464  1.67572007
   0.37401797 -0.17274773 -0.42959646 -0.86065502  0.14437145 -0.01531071]
 [-0.80188208  0.04711783 -0.288056    1.36809421  0.76052042  0.22820636
   0.05005091  0.61291848  1.04638348  0.07750083  0.3304357  -0.04074492]
 [-0.14264411  0.17368584  0.80202228  0.29078384 -1.09014875 -1.40408911
   0.40254432  0.33267691  0.92137318 -0.91485945 -0.91080874 -0.67974322]
 [ 0.03561823 -0.04284917  0.71702896 -0.83073144 -1.03091797 -0.64125267
   0.34476933  0.43406731  0.94441401 -0.21984784 -0.04941606  0.18184329]
 [ 0.53885065 -0.57947201 -1.25281712  0.32298296 -0.18849145 -0.09886175
  -0.6018629   0.9382663  -1.54323708  0.30336465  0.28821776 -0.89399835]],[[-8.15726383e-01 -1.23350933e+00  8.75658847e-01 -1.73620685e+00
  -1.42227539e-01 -4.79308722e-01  1.42053888e+00]
 [ 8.19295532e-01  2.06131576e+00 -1.36875793e+00  5.10612586e-01
  -1.60063617e-01  4.60852594e-01 -1.74885517e-01]
 [-9.21554559e-01 -1.07050192e-01  3.25223852e-01  1.35333464e+00
   4.94894385e-01  3.44190943e-01  2.02691381e+00]
 [-6.00142812e-02  4.91596524e-01 -1.27951979e+00 -5.25607153e-01
  -8.84256830e-01  1.45635462e+00  8.28620091e-02]
 [-6.85696453e-01 -9.79046155e-01  6.04137439e-01 -1.97997356e+00
   7.10298115e-02  7.56875972e-01 -4.51905063e-02]
 [-1.36860061e+00  2.57980842e-01 -8.95138879e-01 -5.99684378e-04
  -9.97743807e-01 -6.55020321e-01  3.96119069e-01]
 [ 1.35439311e+00  6.33345814e-01  2.11537215e-01  3.66938808e-01
   6.80267606e-01  1.49199527e+00  8.22664459e-01]
 [ 6.69424839e-01  1.18902975e+00 -1.24783726e+00 -7.41401351e-01
  -1.57816893e-01  4.34566484e-01 -9.79144454e-01]
 [ 9.59318197e-01 -1.93644254e-01  9.91841174e-02 -2.18972898e+00
  -1.27001110e+00  7.32836185e-01 -1.89812818e-01]
 [ 1.64870106e-01  1.09059505e+00  7.72247833e-01  6.52418076e-02
   9.85442323e-02 -1.91022965e-01  1.14336477e+00]
 [-1.47164301e+00 -7.22493815e-01 -1.17790009e-01 -1.82291363e-01
   8.58192063e-01 -7.96958632e-01 -1.75468754e-01]
 [-3.84346594e-01 -4.40775153e-01  3.22350098e-01 -6.03833277e-01
  -8.48200256e-01 -5.69041126e-01  6.29658993e-01]]