[[-1.4471218  -0.59478121 -0.2460996   0.78312921 -0.10318058  0.38514101
  -0.76235558  0.64879834 -1.19607075 -0.07163374  0.02958567 -0.23150155]
 [-0.82471044  0.47944285  0.4449046   1.02110351 -0.15161646 -0.81077498
   0.3295231   0.42167952  0.27589813 -1.19713915 -0.33870965  0.87041843]
 [ 0.51839523  0.86223017 -1.4274494   0.40853057  0.68789323  0.74461209
   0.15173382  0.96257831 -0.55188814 -0.44995452  0.36668158 -1.17634242]
 [-0.0133817   0.03781616  1.52426437  0.95567113 -0.7389134   0.35100709
   1.22771195  0.46606494  0.36177559  0.56589412 -0.03895362 -0.45704491]
 [-0.28211195 -0.40803353  0.05788201 -0.75431328 -0.10495859  0.07766281
   0.73521774 -1.09042593  0.63398253  1.30160947  0.87537784  0.76812844]
 [ 0.48265459 -0.38720799 -1.2702879  -0.61003418 -0.20727229 -0.09483654
  -0.02746166  0.32159057 -0.83634642  0.59145718 -1.03778026 -0.19605324]
 [ 0.37445897 -0.40582241  0.10339483  0.65126629  1.09874941  0.15102
  -0.46753367 -0.38248592 -1.15015768 -0.28605981 -0.9620831  -0.52796844]
 [ 1.17534292 -0.91716814 -0.63637397  0.73210839  0.29724515 -0.10237454
  -0.07135783  0.60468911 -1.29884489  0.81294049  0.2578733   1.11145236]
 [ 0.44806477  0.70645347 -1.1254434   0.28332969 -0.32858798 -0.85951583
   1.80255475  0.50496154 -1.4069003  -0.3947654  -0.52137443  0.04859434]
 [ 0.78622487  0.57970165  0.13217322  0.28975909 -0.79521811  0.30826195
  -0.56263838 -0.79780382  1.30104808  0.38694456 -0.56133864 -0.13250028]
 [-0.84528178  0.8561102   0.55319185 -0.70528613 -0.60437675  0.81799821
   0.63662712 -0.63926923 -0.89255716  1.14411729  0.76885648  0.03422382]
 [ 0.40985684 -0.51288142 -0.33873343  0.56156098 -0.81555393 -1.66279277
   0.5548981  -0.24448813  0.26653307  0.26265702 -0.24688677 -0.93327076]
 [ 0.45871819 -0.29987058  0.75413884 -0.66045882 -0.30402776 -0.48573425
  -0.29957944 -0.54443666  1.13338186  0.77040184 -0.32929581  0.62047708]
 [ 0.85470657  0.98116228  0.76006218 -0.78536349 -0.5065773   0.95572969
   0.61028876  0.61869041  0.80431244  1.18700831  1.05700176 -0.0199958 ]
 [-0.9543943  -0.07789551 -0.12161037 -0.05250508 -0.49807464  0.72363289
   0.37401797  0.02321731 -0.874275   -0.57219051  0.14437145  0.46730841]
 [-0.32828058  0.04711783 -0.62248532  1.1680579   0.76052042  0.60520121
   0.05005091  0.61291848  1.04638348  0.13589827  0.3304357   0.15433145]
 [-0.54833152  0.33918755  0.80202228  0.05101405 -1.45147718 -1.21727799
   0.70337842  0.33267691  0.92137318 -0.91485945 -1.30442361 -0.67974322]
 [ 0.03561823 -0.54857791  1.16821382 -0.83073144 -1.03091797 -1.03205072
   0.43441225  0.22225506  0.52568375 -0.21984784 -0.07409612  0.94133425]
 [ 0.41286258 -0.57947201 -1.44336338  0.74469521 -0.18849145 -0.09886175
  -0.6018629   0.52657981 -0.78066981  0.15659272  0.28821776 -0.4807361 ]],[[-0.29883432 -1.36106342  1.10777904 -1.41435678 -0.48864106  0.23878501
   0.42676983]
 [ 0.45012502  1.86194348 -0.66285026  0.51061259 -0.00934916 -0.16427973
  -0.20194903]
 [-0.5922295  -0.3425596  -0.15080477  0.75950488  0.49489439  0.48664285
   1.82621197]
 [-1.3938079   0.6185554  -1.51888991 -0.52560715 -0.43628216  2.16616643
  -0.08143193]
 [-0.91574951 -0.41447472  0.18317918 -1.2380038  -0.69266489  1.25622299
   0.41240837]
 [-1.65500765 -0.48066152 -0.90972223 -0.29871987 -0.0279685   0.11016627
  -0.04455962]
 [ 0.84723511  0.41717516 -0.2447605   0.66338295  0.64956417  0.48353007
   0.80353231]
 [ 0.89026958  1.18902975 -1.24783726 -0.86065383 -0.09061396  0.57393113
  -0.15302522]
 [ 0.40180375 -0.08039731 -0.00985184 -1.11547085 -1.36981526  0.73283619
  -0.38133344]
 [ 0.23630943  1.09059505  0.4190641   0.14037951 -0.5391019   0.35503255
   1.02117463]
 [-1.63319452 -1.58912778 -0.48042792 -0.36089261  0.55419875 -0.9354548
   0.10652724]
 [ 0.03111126 -0.86101418  0.46985059  0.28960309 -0.28293428 -1.3909066
   0.81885643]]