[[-1.44712180e+00 -5.94781206e-01 -2.46099600e-01  1.07466961e+00
  -1.03180577e-01  5.18253994e-01 -1.17695340e+00  6.48798339e-01
  -1.19607075e+00  1.06960475e-01 -2.59327667e-01 -2.31501546e-01]
 [-1.22857291e+00  8.90708273e-02  2.59397648e-01  9.52433031e-01
  -1.51616464e-01 -7.22719957e-01  3.29523100e-01  5.06320254e-01
   2.75898134e-01 -1.19713915e+00 -3.38709652e-01  9.88637850e-01]
 [ 2.63522634e-01  1.29868663e+00 -1.42744940e+00  1.28392083e-01
   6.87893229e-01  2.59564460e-01  2.06877082e-01  9.62578309e-01
  -8.91469392e-01 -4.49954519e-01 -1.87641084e-01 -1.50376275e+00]
 [-1.33817021e-02 -6.30741152e-01  1.30516583e+00  9.55671132e-01
  -1.12864776e+00  3.51007087e-01  1.65800270e+00  4.66064943e-01
   2.39336924e-01  5.65894121e-01  3.75787229e-01 -8.87176507e-02]
 [-2.82111950e-01 -1.03904877e-01  4.30589140e-02 -6.80693239e-01
  -1.04958587e-01  7.76628112e-02  3.78455213e-01 -1.09042593e+00
   6.33982531e-01  8.74803900e-01  8.75377841e-01  7.68128436e-01]
 [ 4.82654586e-01 -3.87207988e-01 -2.15077074e+00 -3.73470985e-01
  -5.94520344e-01 -9.48365436e-02 -3.73607165e-01 -6.37275336e-02
  -8.36346416e-01  2.88217721e-01 -1.64564993e-04 -1.93071233e-01]
 [ 3.98618700e-01 -4.05822411e-01  1.03394829e-01  5.83723800e-01
   1.11268163e+00 -2.99519736e-02  1.74478922e-02 -3.82485921e-01
  -1.63383084e+00 -2.35972414e-01 -4.92797453e-01 -3.32492822e-01]
 [ 6.85093679e-01 -7.27487447e-01 -6.36373971e-01  6.94886646e-01
   7.02051952e-01 -1.02374539e-01 -1.76658138e-01  5.34931040e-01
  -1.21685308e+00  8.11786496e-01  2.57873305e-01  1.11145236e+00]
 [ 4.48064771e-01  5.17755070e-01 -6.71259926e-01  1.71504998e-01
   7.15482048e-02 -8.59515834e-01  1.92184126e+00  5.04961536e-01
  -1.40690030e+00 -3.94765401e-01 -5.21374432e-01  4.85943400e-02]
 [ 1.41606986e-01  3.10013359e-01  2.12436155e-01  4.55705702e-01
  -7.96355658e-01  3.21580584e-01 -5.67902363e-01 -7.97803821e-01
   1.30104808e+00  7.21598368e-01  2.24010872e-01 -1.32500277e-01]
 [-6.55714952e-01  4.20311954e-01  9.33515334e-01 -7.05286127e-01
  -6.04376748e-01  8.17998206e-01  1.56804539e+00 -9.79747689e-01
  -1.17122883e+00  1.49551883e+00  6.37985199e-01  4.37447340e-02]
 [ 6.89779477e-01 -5.12881419e-01 -4.95313758e-01  1.06007994e+00
  -8.15553933e-01 -1.98873538e+00  5.54898104e-01 -5.13557586e-01
  -1.69738373e-01  2.62657020e-01 -7.32672564e-02 -9.33270761e-01]
 [ 4.58718186e-01 -4.97804516e-01  7.30433673e-01 -6.60458823e-01
  -4.78591780e-01 -3.45658148e-01 -4.34226123e-01 -5.44436658e-01
   1.13338186e+00  7.70401837e-01 -3.29295811e-01  5.85381020e-01]
 [ 7.84080862e-01  9.67585846e-01  8.43878014e-01 -9.76035455e-01
  -5.06577304e-01  9.55729686e-01  6.10288763e-01  3.62015851e-01
   6.19933425e-01  4.20541497e-01  1.23512919e+00 -2.48008716e-01]
 [-7.75693821e-01 -7.78955106e-02 -1.21610372e-01 -5.25050794e-02
  -4.98074638e-01  1.10830368e+00  3.74017971e-01 -1.72747729e-01
  -8.74275001e-01 -1.00945320e+00  1.44371446e-01 -1.53107081e-02]
 [-8.01882085e-01 -1.36542658e-01 -2.88056000e-01  1.10735814e+00
   1.04204721e+00  4.13889347e-01  3.63097001e-01  3.26659499e-01
   1.04638348e+00  7.75008319e-02  3.30435700e-01  1.54331451e-01]
 [-1.42644106e-01 -7.51762230e-03  8.02022277e-01  2.90783840e-01
  -1.09014875e+00 -1.21727799e+00  7.03378423e-01  3.32676909e-01
   1.08184113e+00 -9.14859445e-01 -9.10808741e-01 -6.79743216e-01]
 [-1.94643070e-01 -4.28491734e-02  7.17028960e-01 -8.30731437e-01
  -1.03091797e+00 -6.41252665e-01  3.44769334e-01  2.22255056e-01
   4.47329690e-01 -2.19847844e-01 -7.40961229e-02  1.81843291e-01]
 [ 4.92780529e-02 -5.79472012e-01 -1.25281712e+00  3.22982961e-01
  -1.88491452e-01 -9.88617511e-02 -6.01862896e-01  9.38266303e-01
  -7.03854045e-01  3.03364652e-01  2.88217760e-01 -8.93998355e-01]],[[-8.15726383e-01 -1.23350933e+00  1.10840919e+00 -1.97940395e+00
  -2.77651145e-01 -1.13040320e-01  1.21288420e+00]
 [ 5.70029928e-01  1.85577234e+00 -9.12086768e-01  5.10612586e-01
  -1.60063617e-01  1.63060487e-01 -1.93203174e-01]
 [-5.92229497e-01  2.60337713e-01  5.28138731e-01  9.90344815e-01
   6.10124478e-01  4.11636058e-01  1.72721862e+00]
 [-8.21543046e-01  4.91596524e-01 -1.27951979e+00 -5.61874463e-01
  -6.50915049e-01  1.68670890e+00  8.28620091e-02]
 [-3.96483000e-01 -2.83346287e-01  6.04137439e-01 -1.63951111e+00
   7.10298115e-02  7.87944364e-01 -4.51905063e-02]
 [-1.58634363e+00 -2.48055111e-01 -9.98346046e-01 -4.73335190e-01
  -9.97743807e-01 -6.55020321e-01  1.03722150e-02]
 [ 1.29136137e+00  4.17175159e-01  3.38961889e-01  8.58444455e-01
   6.80267606e-01  9.50851492e-01  1.19498976e+00]
 [ 8.73265812e-01  1.18902975e+00 -1.24783726e+00 -3.83915831e-01
  -2.12085724e-01  9.03121121e-01 -9.79144454e-01]
 [ 9.59318197e-01 -1.93644254e-01 -7.24436605e-04 -2.18972898e+00
  -7.80270918e-01  7.32836185e-01 -2.34552546e-01]
 [ 2.36309431e-01  1.09059505e+00  7.72247833e-01  6.52418076e-02
   9.85442323e-02  3.83422966e-03  1.14336477e+00]
 [-1.18363892e+00 -1.10026033e+00 -1.17790009e-01 -1.82291363e-01
   4.33646845e-01 -7.96958632e-01 -1.75468754e-01]
 [ 9.04507629e-03 -4.40775153e-01  7.72449011e-01 -6.57380118e-01
  -6.10629934e-01 -8.61327278e-01  1.73039922e+00]]