[[-1.4471218  -0.59478121 -0.2460996   1.07466961  0.33226284  0.51825399
  -0.81059106  0.64879834 -0.94831671  0.10696048 -0.4301925   0.23987461]
 [-0.82471044  0.08907083  0.25939765  0.75084767 -0.15161646 -0.81077498
   0.3295231   0.50632025  0.51599462 -1.19713915 -0.33870965  0.63370714]
 [ 0.25528631  0.86223017 -1.4274494   0.59826108  0.68789323  0.74461209
   0.48176955  1.10236587 -0.28836999  0.01996637  0.29058889 -1.17634242]
 [-0.0133817  -0.76822987  1.30516583  0.66985109 -0.57704034  0.06104998
   0.81408355 -0.02352397  0.85411728  0.56589412 -0.03060666 -0.21252994]
 [-0.49463665 -0.10390488  0.10640462 -0.75431328  0.11343314  0.07766281
   0.58829992 -0.79932177  0.84343729  0.854672    0.87537784  0.76812844]
 [ 0.40333544 -0.38720799 -1.08305778 -0.52278202 -0.61988922  0.41724726
   0.26140651 -0.14032697 -0.83634642  0.05585555 -0.04047813 -0.32563879]
 [ 0.48094576 -0.8294659   0.4588269   0.88916761  0.31117346  0.07659985
   0.00500923 -0.2869221  -1.15015768 -0.23597241 -1.2343302  -0.78193972]
 [ 0.68509368 -0.3001466  -0.63637397  0.49753494  0.24997721 -0.48304908
  -0.04115338  0.60468911 -1.21685308  1.2223918   0.2578733   1.11145236]
 [ 0.44806477  0.54248039 -1.49110282  0.31511834 -0.32858798 -0.79920984
   1.59112624  0.50496154 -1.7281625  -0.58044181 -0.11344898  0.04859434]
 [-0.08651961  0.57970165  0.3271165  -0.10220705 -1.50968472  0.52225771
  -0.77209624 -0.37840304  1.30104808  0.51405523  0.22401087  0.07850238]
 [-0.65571495  0.42031195  0.70298187 -0.62594619 -0.60437675  0.81799821
   1.06832444 -1.16321739 -0.88616864  1.80859481  1.123301   -0.41403662]
 [ 0.10115259 -0.20081301 -0.34240337  1.16325345 -0.81555393 -1.66279277
   0.5548981  -1.00170675  0.07058669  0.26265702 -0.03271579 -0.93327076]
 [ 0.26048044 -0.05179132  0.75413884 -0.66045882 -0.18386058 -0.48573425
  -0.17311135 -0.86495755  0.73647508  0.77040184 -0.32929581  0.45210299]
 [ 0.78408086  0.82975295  0.64806314 -0.8985043  -0.83952916  0.95572969
   0.63296409  0.36201585  0.8827294   0.69004641  0.67814634 -0.24800872]
 [-0.68424849 -0.07789551 -0.3989508  -0.05250508 -0.70861154  0.72363289
   0.11204155 -0.17274773 -1.04346536 -0.86065502  0.53376747  0.0625508 ]
 [-0.80188208  0.04711783 -0.93239998  1.0941807   0.76052042  0.52816231
   0.05005091  0.73925103  1.04638348 -0.26163899  0.3304357   0.70141206]
 [ 0.28553989  0.33918755  0.80202228  0.05101405 -1.09014875 -1.61627082
   0.70337842  0.36049764  1.72010387 -0.72346999 -0.91080874 -0.67974322]
 [-0.42933649 -0.04284917  0.71702896 -0.83073144 -1.03091797 -0.63713208
   0.43441225 -0.27453435  0.75929996  0.23051284  0.29960806 -0.29263996]
 [ 0.41286258 -0.57947201 -1.25281712  0.52316458  0.24897326  0.18938121
  -0.6018629   1.0099281  -0.51052096  0.30336465  0.28821776 -0.65712831]],[[-0.88386222 -1.19337778  0.67983916 -1.08095141 -0.12772578 -0.26914922
   1.23810595]
 [ 1.27452273  1.86194348 -1.73795172  0.761431    0.59179605  0.30121809
  -0.06986091]
 [-0.5922295  -0.72417819  0.32522385  0.21331454  0.3224616   0.59021035
   1.36220019]
 [-0.69068309  0.4159686  -1.09789285 -1.52827132 -0.39776318  1.49694613
  -0.10399584]
 [-0.64904801 -0.15899722  0.30949554 -1.2380038   0.15372476  0.49821825
  -0.4268382 ]
 [-0.73634437 -0.45490651 -0.44323753 -0.92027325 -1.18287737 -0.26754428
  -0.5007895 ]
 [ 0.01731871  0.00711496 -0.61770147  1.16315094 -0.51047708  0.48571225
   0.12366714]
 [ 1.06487173  0.93478342 -1.29697786 -0.50477625 -0.42499932  0.29211183
  -0.47674391]
 [ 0.74365866  0.81355766  0.13091134 -1.499348   -1.66876025 -0.07326093
  -0.61038144]
 [ 0.61007438  1.20958695  0.43416934  0.37092167 -0.45725368  0.08165943
   1.03438527]
 [-0.95669414 -1.57704569 -0.11779001 -0.49136943  0.12401636 -0.81803963
   0.03708854]
 [-0.23812234 -0.44077515  0.49482785 -0.65738012  0.08567245 -0.47584084
   0.81885643]]