[[-1.44712180e+00 -3.49248393e-01 -9.07492235e-04  1.07466961e+00
  -5.50611923e-01  5.18253994e-01 -1.17695340e+00  6.48798339e-01
  -1.19607075e+00  1.06960475e-01 -2.59327667e-01 -2.31501546e-01]
 [-6.10980050e-01  8.90708273e-02  2.59397648e-01  9.52433031e-01
  -1.51616464e-01 -7.22719957e-01  3.96174049e-01  5.06320254e-01
   2.75898134e-01 -1.19713915e+00 -3.38709652e-01  9.88637850e-01]
 [ 2.63522634e-01  1.29868663e+00 -1.42744940e+00  4.08530573e-01
   6.87893229e-01  7.44612085e-01  2.06877082e-01  9.62578309e-01
  -8.91469392e-01 -4.49954519e-01 -6.63029708e-01 -1.17634242e+00]
 [-1.33817021e-02 -6.30741152e-01  1.30516583e+00  9.55671132e-01
  -7.38913403e-01  3.54351550e-01  1.28345487e+00  4.66064943e-01
   2.39336924e-01  5.65894121e-01  3.75787229e-01 -8.87176507e-02]
 [-2.82111950e-01 -1.03904877e-01  4.30589140e-02 -9.08282587e-01
   3.80211219e-01  7.76628112e-02  3.78455213e-01 -1.09042593e+00
   4.80977236e-01  8.74803900e-01  8.75377841e-01  1.23728853e+00]
 [ 4.82654586e-01 -3.87207988e-01 -2.15077074e+00 -3.73470985e-01
  -5.94520344e-01 -9.48365436e-02 -3.73607165e-01 -6.37275336e-02
  -8.36346416e-01  2.88217721e-01 -1.64564993e-04 -1.93071233e-01]
 [ 3.98618700e-01 -4.05822411e-01  1.03394829e-01  5.83723800e-01
   6.15945613e-01 -2.99519736e-02  1.74478922e-02 -3.82485921e-01
  -1.63383084e+00 -2.35972414e-01 -4.92797453e-01 -3.32492822e-01]
 [ 6.85093679e-01 -7.27487447e-01 -6.36373971e-01  6.94886646e-01
   7.02051952e-01 -1.02374539e-01 -1.76658138e-01  5.34931040e-01
  -1.21685308e+00  7.30624358e-01  2.57873305e-01  1.11145236e+00]
 [ 4.48064771e-01  5.17755070e-01 -7.29020160e-01  1.71504998e-01
   7.15482048e-02 -8.59515834e-01  1.92184126e+00  1.26479676e-01
  -1.40690030e+00 -3.94765401e-01 -5.21374432e-01  4.85943400e-02]
 [-2.95765289e-01  3.10013359e-01  2.12436155e-01  4.55705702e-01
  -7.96355658e-01  3.21580584e-01 -8.82003534e-02 -7.97803821e-01
   1.30104808e+00  7.21598368e-01  2.24010872e-01 -1.32500277e-01]
 [-6.55714952e-01  4.20311954e-01  5.53191852e-01 -7.05286127e-01
  -6.04376748e-01  8.17998206e-01  1.56804539e+00 -9.79747689e-01
  -1.17122883e+00  1.97933052e+00  6.37985199e-01  3.42238179e-02]
 [ 4.09856837e-01 -5.12881419e-01 -4.95313758e-01  1.06007994e+00
  -8.15553933e-01 -2.14617022e+00  5.54898104e-01 -6.90794638e-01
   6.95681141e-01  2.62657020e-01 -7.32672564e-02 -9.33270761e-01]
 [ 4.58718186e-01 -4.97804516e-01  7.30433673e-01 -6.60458823e-01
  -4.78591780e-01 -3.45658148e-01 -4.34226123e-01 -6.46636865e-01
   1.13338186e+00  7.70401837e-01 -3.29295811e-01  5.85381020e-01]
 [ 7.84080862e-01  5.02102676e-01  8.43878014e-01 -1.26455969e+00
  -5.06577304e-01  1.05275695e+00  6.10288763e-01  3.62015851e-01
   3.86961573e-01  4.20541497e-01  1.23512919e+00 -2.48008716e-01]
 [-7.75693821e-01 -7.78955106e-02 -1.21610372e-01 -5.25050794e-02
  -4.98074638e-01  1.10830368e+00  2.59375659e-01 -1.72747729e-01
  -8.74275001e-01 -1.00945320e+00  1.44371446e-01 -1.53107081e-02]
 [-8.01882085e-01 -1.36542658e-01 -2.88056000e-01  1.09418070e+00
   7.60520419e-01  4.13889347e-01  3.63097001e-01  6.12918482e-01
   1.04638348e+00  7.75008319e-02  3.30435700e-01  1.54331451e-01]
 [-1.42644106e-01 -7.51762230e-03  1.07419608e+00  2.90783840e-01
  -1.09014875e+00 -1.21727799e+00  7.03378423e-01  3.32676909e-01
   9.21373176e-01 -9.14859445e-01 -9.10808741e-01 -6.79743216e-01]
 [ 3.56182299e-02 -4.28491734e-02  7.17028960e-01 -1.16587894e+00
  -1.03091797e+00 -6.41252665e-01  3.44769334e-01  2.22255056e-01
   4.47329690e-01 -2.19847844e-01 -7.40961229e-02  1.81843291e-01]
 [ 4.12862577e-01 -5.79472012e-01 -1.25281712e+00  3.22982961e-01
  -1.88491452e-01 -9.88617511e-02 -6.01862896e-01  9.38266303e-01
  -7.03854045e-01 -5.99985453e-02  2.88217760e-01 -8.93998355e-01]],[[-0.49229018 -1.23350933  1.10840919 -1.97940395 -0.28018954 -0.11304032
   1.01704773]
 [ 0.44707933  1.85577234 -1.40698477  0.51061259 -0.16006362  0.16306049
  -0.17488552]
 [-0.5922295  -0.13048863  0.57542447  0.99034481  0.12378985  0.30937371
   1.72721862]
 [-0.82154305  0.49159652 -1.27951979 -0.56187446 -0.23988999  1.45635462
   0.4213939 ]
 [-0.396483   -0.28334629  0.28798376 -1.63951111 -0.16744885  0.78794436
  -0.04519051]
 [-1.58634363 -0.29233236 -0.99834605 -0.29871987 -0.68947894 -0.65502032
  -0.26089767]
 [ 1.68729718  0.41717516  0.21153721  0.85844445  0.68026761  0.81907339
   0.99563635]
 [ 0.87326581  1.10083094 -1.24783726  0.23697826 -0.21208572  0.90312112
  -0.97914445]
 [ 0.7115539  -0.19364425  0.40276453 -2.26999357 -0.78027092  0.73283619
   0.06777649]
 [ 0.72268486  1.09059505  1.14131753  0.06524181  0.09854423 -0.19102297
   0.74836596]
 [-1.30809418 -1.10026033  0.22554428 -0.18229136  0.43364684 -0.68650914
  -0.17546875]
 [ 0.00904508 -0.44077515  0.70352194 -0.43608317 -0.61062993 -0.86132728
   0.61422378]]