[[-1.44712180e+00 -5.94781206e-01 -2.46099600e-01  1.07466961e+00
  -3.48173200e-02  5.18253994e-01 -1.63645845e+00  6.48798339e-01
  -1.19607075e+00  1.06960475e-01  2.40365225e-02 -2.31501546e-01]
 [-1.16032055e+00  8.90708273e-02  2.59397648e-01  9.52433031e-01
  -1.51616464e-01 -7.22719957e-01  3.29523100e-01  5.06320254e-01
   2.75898134e-01 -1.19713915e+00 -3.38709652e-01  9.88637850e-01]
 [ 2.63522634e-01  8.62230174e-01 -1.42744940e+00  4.08530573e-01
   6.14492062e-01  7.44612085e-01  2.06877082e-01  9.62578309e-01
  -5.51888145e-01 -4.49954519e-01 -1.87641084e-01 -1.17634242e+00]
 [-1.33817021e-02 -6.30741152e-01  1.30516583e+00  9.55671132e-01
  -7.38913403e-01  3.51007087e-01  1.69146698e+00  4.66064943e-01
   2.39336924e-01  5.65894121e-01  3.75787229e-01 -8.87176507e-02]
 [-2.82111950e-01 -1.03904877e-01  5.78820112e-02 -2.08735986e-01
  -1.04958587e-01  7.76628112e-02  5.88299920e-01 -1.09042593e+00
   1.05352930e+00  1.03091952e+00  8.75377841e-01  7.68128436e-01]
 [ 1.19421677e-01 -3.87207988e-01 -2.15077074e+00 -3.73470985e-01
  -5.94520344e-01 -9.48365436e-02 -3.73607165e-01 -6.37275336e-02
  -9.79078655e-01  2.88217721e-01 -1.64564993e-04 -1.93071233e-01]
 [ 3.98618700e-01 -2.16670962e-01  1.03394829e-01  4.02502729e-01
   8.04189955e-01 -2.99519736e-02  1.74478922e-02 -3.82485921e-01
  -1.53615983e+00 -2.35972414e-01 -4.92797453e-01 -6.80136695e-01]
 [ 1.06901685e+00 -8.42165288e-01 -6.36373971e-01  6.94886646e-01
   7.02051952e-01 -1.02374539e-01 -5.56606303e-02  5.34931040e-01
  -1.21685308e+00  7.30624358e-01  2.57873305e-01  1.11145236e+00]
 [ 4.48064771e-01  5.17755070e-01 -1.12544340e+00  1.71504998e-01
   7.15482048e-02 -8.59515834e-01  1.92184126e+00  5.04961536e-01
  -1.79309999e+00 -3.94765401e-01 -5.21374432e-01 -2.66417367e-01]
 [ 1.98704476e-01  3.10013359e-01  2.12436155e-01  4.55705702e-01
  -7.96355658e-01  3.21580584e-01 -5.67902363e-01 -1.13170951e+00
   1.30104808e+00  5.14055225e-01  2.24010872e-01 -1.32500277e-01]
 [-6.55714952e-01  4.20311954e-01  5.53191852e-01 -7.05286127e-01
  -6.04376748e-01  1.53177317e-01  1.06832444e+00 -9.79747689e-01
  -1.17122883e+00  1.49551883e+00  6.37985199e-01  3.42238179e-02]
 [ 5.29138602e-01 -5.12881419e-01 -4.88208487e-01  1.06007994e+00
  -8.15553933e-01 -1.66279277e+00  5.54898104e-01 -2.07034849e-01
   2.66533072e-01  2.62657020e-01 -7.32672564e-02 -9.33270761e-01]
 [ 4.58718186e-01 -4.97804516e-01  7.30433673e-01 -6.60458823e-01
  -4.78591780e-01 -4.85734250e-01 -4.34226123e-01 -5.44436658e-01
   1.13338186e+00  7.70401837e-01 -3.29295811e-01  5.85381020e-01]
 [ 6.72427872e-01  8.29752950e-01  1.30641165e+00 -9.76035455e-01
  -5.06577304e-01  9.55729686e-01  3.57534896e-01  3.62015851e-01
   6.19933425e-01  6.90046406e-01  1.18662199e+00 -2.48008716e-01]
 [-7.75693821e-01 -7.78955106e-02 -1.21610372e-01 -5.25050794e-02
  -4.98074638e-01  1.67572007e+00  3.74017971e-01 -1.72747729e-01
  -9.93442701e-01 -8.60655020e-01  1.44371446e-01 -9.71813772e-02]
 [-1.15747621e+00 -3.86542868e-01 -2.88056000e-01  1.36809421e+00
   7.60520419e-01  2.28206361e-01  5.00509140e-02  6.12918482e-01
   1.32670833e+00  7.75008319e-02 -1.84445040e-02  1.54331451e-01]
 [ 2.07172950e-01  3.39187549e-01  8.02022277e-01  2.90783840e-01
  -1.09014875e+00 -1.21727799e+00  7.03378423e-01  3.32676909e-01
   9.21373176e-01 -9.14859445e-01 -9.10808741e-01 -6.79743216e-01]
 [ 3.56182299e-02 -4.28491734e-02  7.17028960e-01 -8.30731437e-01
  -1.03091797e+00 -6.41252665e-01  3.44769334e-01  4.34067309e-01
   9.44414014e-01 -2.19847844e-01 -7.40961229e-02  1.81843291e-01]
 [ 4.12862577e-01 -5.79472012e-01 -1.25281712e+00  3.22982961e-01
  -1.88491452e-01 -9.88617511e-02 -6.01862896e-01  9.38266303e-01
  -7.03854045e-01  3.03364652e-01  2.88217760e-01 -8.93998355e-01]],[[-1.05509911e+00 -1.23350933e+00  8.75658847e-01 -1.14816347e+00
  -4.17078243e-01 -1.13040320e-01  1.42053888e+00]
 [ 8.13001526e-01  1.77307088e+00 -1.40698477e+00  5.10612586e-01
  -1.60063617e-01 -2.72150104e-01 -1.74885517e-01]
 [-5.92229497e-01 -2.38566461e-02  3.36579418e-01  9.90344815e-01
   4.94894385e-01  1.15535811e-01  1.72721862e+00]
 [-3.40243602e-01  4.91596524e-01 -1.27951979e+00 -5.25607153e-01
  -6.50915049e-01  1.85914090e+00 -3.81409300e-01]
 [-6.85696453e-01 -7.81393970e-01  6.04137439e-01 -1.38227456e+00
   7.10298115e-02  7.87944364e-01 -4.51905063e-02]
 [-1.28827621e+00 -6.55559997e-01 -8.95138879e-01 -5.99684378e-04
  -9.97743807e-01 -6.55020321e-01  7.45940027e-02]
 [ 1.35439311e+00  4.17175159e-01 -1.28568740e-01  5.68559417e-01
   6.80267606e-01  1.04906149e+00  8.26471364e-01]
 [ 8.73265812e-01  1.18902975e+00 -1.24783726e+00 -8.06988273e-01
  -2.12085724e-01  9.03121121e-01 -9.79144454e-01]
 [ 3.89944005e-01 -1.93644254e-01  5.08589251e-01 -2.18972898e+00
  -1.30855963e+00  7.32836185e-01 -1.89812818e-01]
 [ 2.36309431e-01  2.84618152e-01  8.36306945e-01 -1.19458159e-01
   9.85442323e-02 -1.91022965e-01  1.37575080e+00]
 [-8.38912145e-01 -1.10026033e+00 -1.17790009e-01 -1.82291363e-01
   4.33646845e-01 -7.96958632e-01 -1.75468754e-01]
 [-7.45740002e-01 -4.40775153e-01  4.75011221e-01 -6.57380118e-01
  -6.10629934e-01 -8.60919847e-01  6.29658993e-01]]