[[-1.4471218  -0.59478121 -0.2460996   1.07466961  0.0210038  -0.01974014
  -0.76235558  0.64879834 -1.19607075 -0.07163374  0.02958567 -0.22886138]
 [-0.82471044  0.47944285  0.4449046   1.02110351 -0.15161646 -0.81077498
   0.3295231   0.50632025  0.27589813 -1.19713915 -0.41988415  0.87041843]
 [ 0.42281165  0.86223017 -1.4274494   0.40853057  0.68789323  0.74461209
   0.37389358  0.96257831 -0.55188814 -0.44995452  0.36668158 -0.72895833]
 [-0.0133817  -0.39362358  1.52426437  0.95567113 -0.7389134   0.35100709
   1.21725415  0.46606494  0.36177559  0.36100841 -0.03895362 -0.45704491]
 [-0.28211195 -0.40803353  0.05788201 -0.75431328  0.3888804   0.07766281
   0.73521774 -1.14383705  0.63398253  0.854672    0.87537784  0.76812844]
 [ 0.48265459 -0.38720799 -1.2702879  -0.61003418 -0.20727229 -0.09483654
  -0.02746166  0.32159057 -0.83634642  0.68988679 -0.55061527 -0.19605324]
 [ 0.10165598 -0.60323312  0.10339483  0.36119422  1.09874941  0.15102
   0.01744789 -0.50425371 -1.15015768 -0.28605981 -0.9620831  -0.52796844]
 [ 1.17534292 -0.72748745 -0.63637397  0.73210839  0.29724515 -0.10237454
  -0.07135783  0.60468911 -1.29884489  0.99417638  0.2578733   1.11145236]
 [ 0.44806477  0.70645347 -1.1254434   0.28332969 -0.32858798 -0.85951583
   1.80255475  0.50496154 -1.4069003  -0.3947654  -0.88561952  0.04859434]
 [ 0.31224085  0.57970165  0.21243615  0.28975909 -0.79521811  0.30826195
  -0.8732009  -0.79780382  1.68941286  0.38694456 -0.10512977 -0.13250028]
 [-0.84528178  0.08849509  0.55319185 -0.70528613 -0.60437675  1.26201912
   1.06832444 -0.97974769 -0.89255716  1.14411729  0.76885648  0.09476808]
 [ 0.40985684 -0.51288142 -0.33873343  0.56156098 -0.81555393 -1.639646
   0.5548981  -0.24448813  0.26653307  0.26265702 -0.08683951 -0.93327076]
 [ 0.45871819 -0.29987058  0.69424393 -0.66045882 -0.30402776 -0.48573425
  -0.29957944 -0.54443666  1.13338186  0.77040184 -0.32929581  0.62047708]
 [ 0.85470657  0.82975295  0.80210533 -0.78536349 -0.5065773   0.95572969
   0.35424317  0.61869041  0.43599167  1.18700831  0.94501777 -0.0199958 ]
 [-0.9543943  -0.07789551 -0.12161037 -0.05250508 -0.49807464  0.72363289
   0.37401797  0.02321731 -0.874275   -0.35816361  0.58117804 -0.01531071]
 [-0.32828058 -0.10476198 -0.62248532  1.31644949  0.76052042  0.60520121
   0.05005091  0.61291848  1.04638348  0.13589827  0.3304357   0.15433145]
 [ 0.03385781  0.74257328  0.80202228  0.05101405 -1.0091687  -1.21727799
   0.70337842  0.33267691  0.92137318 -0.91485945 -1.30442361 -0.67974322]
 [ 0.03561823 -0.44775333  1.0138577  -0.83073144 -1.03091797 -1.03205072
   0.43441225  0.22225506  0.52568375 -0.21984784 -0.07409612  0.94133425]
 [ 0.41286258 -0.57947201 -1.25281712  0.74469521 -0.18849145 -0.09886175
  -0.6018629   1.0099281  -0.78066981  0.30336465  0.28821776 -0.4807361 ]],[[-0.74446156 -1.36106342  0.87565885 -1.11528408  0.04232651 -0.53318735
   0.42676983]
 [ 0.53986908  1.86194348 -1.5653507   0.51061259 -0.11830962 -0.04955943
  -0.32014372]
 [-0.5922295  -0.3425596  -0.15080477  1.11605111  0.49489439  0.48664285
   1.82621197]
 [-1.2011131   0.98413508 -2.21264301 -0.52560715 -0.74836416  2.16616643
  -0.10399584]
 [-0.89119099 -0.41447472  0.40674101 -1.2380038  -0.29914463  1.40594264
   0.10001725]
 [-1.58634363 -0.29233236 -0.90972223 -0.29871987 -0.0279685   0.11016627
  -0.04455962]
 [ 0.98582966  0.68416852  0.37406656  0.66338295  0.64956417  0.48353007
   0.80353231]
 [ 1.09217564  1.18902975 -1.24783726 -0.86065383 -0.51295754  0.57393113
   0.02478896]
 [ 0.56516352  0.22079583 -0.00985184 -1.499348   -1.52148875  0.73283619
  -0.23648962]
 [ 0.13539977  1.09059505  0.4190641   0.14037951 -0.31014003  0.50951801
   1.02117463]
 [-1.39168972 -1.58912778 -0.48042792 -0.36089261  0.55419875 -0.9354548
   0.29386784]
 [-0.2399486  -0.86101418  0.75801753  0.26998079 -0.19736704 -1.39046927
   0.81885643]]