[[-1.44712180e+00 -5.94781206e-01 -2.46099600e-01  1.07466961e+00
  -1.03180577e-01  5.18253994e-01 -1.17695340e+00  6.48798339e-01
  -1.19607075e+00  1.06960475e-01 -2.59327667e-01 -3.16921567e-02]
 [-8.24710437e-01  8.90708273e-02  2.59397648e-01  9.52433031e-01
  -1.51616464e-01 -7.22719957e-01  3.29523100e-01  5.06320254e-01
   2.75898134e-01 -1.19713915e+00 -3.38709652e-01  9.88637850e-01]
 [ 2.63522634e-01  8.62230174e-01 -1.83046133e+00  4.08530573e-01
   6.87893229e-01  7.44612085e-01  2.06877082e-01  9.62578309e-01
  -8.91469392e-01 -7.97567206e-01 -1.87641084e-01 -7.35788088e-01]
 [-1.33817021e-02 -6.30741152e-01  1.31224295e+00  9.55671132e-01
  -7.38913403e-01  3.51007087e-01  1.76948723e+00  4.66064943e-01
   2.39336924e-01  5.65894121e-01  3.75787229e-01 -8.87176507e-02]
 [-1.71871771e-01 -1.03904877e-01  4.30589140e-02 -6.80693239e-01
  -1.04958587e-01  7.76628112e-02  2.39353132e-01 -1.38710614e+00
   6.33982531e-01  8.54672001e-01  1.34806682e+00  7.68128436e-01]
 [ 4.82654586e-01 -1.17842575e-01 -2.07721343e+00 -3.73470985e-01
  -4.60482602e-01 -9.48365436e-02 -5.71596380e-01 -6.37275336e-02
  -8.36346416e-01  2.88217721e-01 -1.64564993e-04  2.61124472e-01]
 [ 3.98618700e-01 -4.05822411e-01  1.03394829e-01  5.83723800e-01
   8.04189955e-01 -2.99519736e-02  1.74478922e-02 -3.82485921e-01
  -1.63383084e+00 -2.35972414e-01 -1.29244517e-01 -3.32492822e-01]
 [ 1.00100745e+00 -7.27487447e-01 -6.36373971e-01  9.89324209e-01
   7.02051952e-01 -1.02374539e-01 -1.76658138e-01  5.34931040e-01
  -1.21685308e+00  7.30624358e-01  2.57873305e-01  1.09044946e+00]
 [ 4.48064771e-01  5.17755070e-01 -1.12544340e+00  1.71504998e-01
   7.15482048e-02 -8.59515834e-01  1.92184126e+00  5.04961536e-01
  -1.40690030e+00  2.62023748e-02 -5.21374432e-01  4.85943400e-02]
 [-2.40147971e-01  3.10013359e-01  2.12436155e-01  4.55705702e-01
  -7.96355658e-01  3.21580584e-01 -5.67902363e-01 -7.97803821e-01
   1.30104808e+00  7.21598368e-01 -1.20990211e-01 -1.32500277e-01]
 [-6.55714952e-01  4.20311954e-01  5.53191852e-01 -7.05286127e-01
  -6.04376748e-01  1.05701702e+00  1.06832444e+00 -9.79747689e-01
  -1.17122883e+00  1.49551883e+00  1.03222179e+00  3.42238179e-02]
 [ 4.09856837e-01 -5.12881419e-01 -4.95313758e-01  7.40884088e-01
  -8.15553933e-01 -1.66279277e+00  5.54898104e-01 -6.90794638e-01
   2.66533072e-01  2.62657020e-01 -7.32672564e-02 -9.33270761e-01]
 [ 4.58718186e-01 -4.97804516e-01  7.30433673e-01 -6.91253051e-01
  -4.78591780e-01 -4.85734250e-01 -4.34226123e-01 -5.65870239e-01
   1.13338186e+00  7.70401837e-01 -3.29295811e-01  5.85381020e-01]
 [ 7.84080862e-01  6.82875726e-01  1.29691492e+00 -1.07071974e+00
  -5.61467227e-01  9.55729686e-01  6.10288763e-01  3.62015851e-01
   6.19933425e-01  4.20541497e-01  1.23512919e+00 -2.48008716e-01]
 [-7.75693821e-01 -7.78955106e-02 -1.21610372e-01  2.26517589e-01
  -4.98074638e-01  1.10830368e+00  3.74017971e-01 -1.72747729e-01
  -8.74275001e-01 -1.10179258e+00  1.44371446e-01 -1.53107081e-02]
 [-8.01882085e-01  4.71178258e-02 -2.88056000e-01  1.09418070e+00
   1.25952527e+00  4.13889347e-01  4.71055255e-01  6.12918482e-01
   1.04638348e+00  7.75008319e-02  3.30435700e-01  1.54331451e-01]
 [-1.42644106e-01  3.39187549e-01  8.02022277e-01  2.90783840e-01
  -1.19490930e+00 -1.21727799e+00  7.03378423e-01  3.32676909e-01
   9.21373176e-01 -9.14859445e-01 -9.10808741e-01 -6.79743216e-01]
 [ 3.68776425e-01 -4.28491734e-02  7.17028960e-01 -8.30731437e-01
  -1.03091797e+00 -6.41252665e-01  3.44769334e-01  3.17134673e-01
   9.70402608e-01 -2.19847844e-01 -7.40961229e-02  1.81843291e-01]
 [ 4.12862577e-01 -6.91510535e-01 -1.25281712e+00  3.22982961e-01
  -1.88491452e-01 -5.06616784e-01 -6.01862896e-01  9.38266303e-01
  -7.03854045e-01  3.03364652e-01  2.88217760e-01 -8.93998355e-01]],[[-1.14948629 -0.87391435  0.28120528 -1.55109105  0.33189062 -0.11304032
   1.01704773]
 [ 0.81300153  1.58054538 -1.40698477  0.51061259 -0.16006362  0.16306049
  -0.17488552]
 [-0.5922295   0.07607156  0.57542447  1.26400917  0.93604752  0.85146604
   2.38004644]
 [-0.82154305  0.49159652 -1.27951979 -0.56187446 -0.65091505  1.45635462
  -0.19715255]
 [-0.396483   -0.62132767  0.18787003 -1.63951111  0.20617325  0.78794436
  -0.1837414 ]
 [-1.58634363 -0.32708309 -0.99834605 -0.29871987 -0.99774381 -0.65502032
   0.32317656]
 [ 1.35439311  0.19881604 -0.20374933  0.76831163  0.68026761  1.18812212
   0.82266446]
 [ 0.87326581  0.95874237 -1.24783726 -0.39952893 -0.30416385  0.90312112
  -0.97914445]
 [ 0.9593182  -0.19364425  0.40276453 -2.18972898 -1.00923779  0.56518676
   0.29619551]
 [ 0.23630943  1.09059505  0.63123335  0.06524181  0.09854423 -0.61308639
   1.14336477]
 [-0.99855893 -1.10026033 -0.06300037 -0.18229136  0.43364684 -1.02376825
  -0.17546875]
 [ 0.39211257 -0.44077515  0.77244901 -0.65738012 -0.41500252 -0.86132728
   0.93762034]]