[[-1.69604887 -1.0579544  -0.34871143  1.07466961  0.33226284  0.51825399
  -1.10924722  0.64879834 -0.94831671  0.10696048 -0.4301925   0.20916335]
 [-0.38709067  0.08907083  0.73801371  1.11754211 -0.04495322 -0.81835681
  -0.00685033  0.09189664  0.51599462 -1.19713915 -0.33870965  0.63370714]
 [ 0.04775319  0.86223017 -1.7728467   0.59826108  0.68789323  0.74461209
   0.43999733  0.96257831 -1.04902126  0.12207307  0.29058889 -1.17634242]
 [-0.0133817  -0.39362358  1.30516583  1.15989981 -0.56548798  0.35100709
   1.22771195  0.46606494  0.54567239  0.56589412  0.22185207 -0.21252994]
 [-0.23118484 -0.10390488  0.5168093  -0.75431328 -0.0644438  -0.08700175
   0.58829992 -1.25397546  1.00851016  0.854672    0.87537784  0.05413036]
 [ 0.16857624 -0.38720799 -0.92318826 -0.301255   -0.61988922 -0.09483654
  -0.02746166  0.34071283 -0.83634642  0.28821772 -0.04047813 -0.21006918]
 [ 0.53795626 -0.40582241  0.38002512  0.07391805  0.41988215  0.40791531
   0.01744789 -0.06233215 -1.15015768 -0.48019027 -0.9620831  -0.68013669]
 [ 0.68509368 -0.72748745 -0.73193311  0.49753494  0.63867964 -0.10237454
  -0.24844469  0.30716395 -1.21685308  0.97232024  0.54670105  0.93670317]
 [ 0.44806477  0.18624063 -1.49110282  0.50058669 -0.32858798 -1.42199735
   1.59112624  0.50496154 -1.4069003  -0.17034979 -0.52137443  0.04859434]
 [-0.08651961  0.81593428 -0.20518334  0.28975909 -0.79521811  0.5582208
  -0.77209624 -0.79780382  1.64005049  0.51405523  0.10589703  0.07850238]
 [-0.65571495  0.42077137  0.70298187 -0.70528613 -0.60437675  0.39643479
   1.56113146 -0.75199876 -0.89255716  1.07963677  0.74663125 -0.41403662]
 [ 0.40985684  0.11092161 -0.29911601  0.56156098 -0.86056635 -1.66279277
   0.5548981  -0.64072345  0.2659374   0.26265702 -0.2719282  -0.93327076]
 [ 0.0255636  -0.49780452  0.75413884 -0.99692336 -0.30402776 -0.48573425
  -0.55276779 -0.4818702   0.73647508  0.77040184 -0.32929581  1.37911572]
 [ 0.86711181  0.82244638  0.86133782 -0.93894015 -0.5065773   0.95572969
   0.20027444  0.61457719  0.8827294   0.41021612  1.07039076 -0.24800872]
 [-0.69042455 -0.07789551 -0.12161037 -0.05250508 -0.56158086  1.11672443
  -0.19434072 -0.81223755 -0.874275   -0.86065502  0.48069396  0.0625508 ]
 [-0.71147965  0.46880495 -0.96545583  1.01227231  0.54030634  0.41388935
  -0.40464958  1.10418394  1.04638348  0.16343288  0.75902012  1.01631883]
 [ 0.78406199  0.33918755  0.80202228 -0.26622278 -1.08015622 -1.21727799
   0.70337842 -0.10513451  0.92137318 -0.91485945 -0.64591623 -0.18379086]
 [ 0.03561823 -0.04284917  0.87518068 -0.83073144 -0.65860246 -0.36335614
   0.43441225  0.22225506  0.52568375  0.12668501  0.0886041  -0.29263996]
 [ 0.30409591 -0.57947201 -1.25281712  0.74469521 -0.10760635 -0.09886175
  -1.03165771  1.42476765 -0.51052096  0.30336465  0.28821776 -0.65712831]],[[-0.46800956 -1.19337778  1.14305919 -1.41268051  0.26701789  0.02770974
   1.23810595]
 [ 0.83311257  2.2271433  -1.49651961  0.51061259  0.21208825 -0.13890871
   0.45865934]
 [-0.5922295  -1.91684057 -0.0900558   0.9971303   0.81304561  0.40178618
   1.82621197]
 [-0.66485642  0.27170391 -1.06906764 -1.22776076 -0.43628216  2.08652613
  -0.095511  ]
 [-1.91154799  0.14631382  0.01284152 -1.2380038  -0.07665822  0.78794436
   0.10001725]
 [-1.80728551  0.02511673 -0.49987265 -0.9133004  -0.97480414 -1.07012451
   0.09193243]
 [ 0.86075786  0.3728034  -0.51532913  0.59086543 -0.80386109  0.31185431
   0.31112924]
 [ 1.65294185  1.32681048 -0.7530066  -0.64266117  0.17961916  0.44240587
  -0.59387767]
 [-0.0705852   1.22549891  0.42367555 -1.45002761 -1.66876025  1.00998929
  -0.05777723]
 [ 0.56881342  0.94312591  1.44378621 -0.11561006 -0.94945863  0.42884721
   1.52849659]
 [-0.95283228 -1.78230417 -0.35461464 -0.25155511  0.92057509 -0.598606
  -0.57475346]
 [-0.45317684 -0.88748285  0.62203495 -0.65738012 -0.24753729 -1.12759656
   0.43753111]]