[[-1.4471218  -0.59478121 -0.36486923  1.43647842  0.33226284  0.51825399
  -0.81059106  0.30553678 -0.94831671  0.10696048 -0.4301925   0.23987461]
 [-1.27353364  0.08907083  0.25939765  0.97022707 -0.15161646 -1.20960631
   0.3295231   0.50632025  0.51599462 -1.19713915 -0.33870965  1.07327687]
 [ 0.48028867  0.86223017 -1.4274494   0.59826108  0.68789323  0.91610959
   0.0290956   1.40903092 -0.55188814  0.01996637  0.29058889 -1.17634242]
 [-0.23057526 -0.39362358  1.30516583  0.66985109 -0.57704034  0.13514475
   0.81408355 -0.02352397  0.85411728  0.56589412  0.04516987 -0.21252994]
 [-0.28211195 -0.10390488  0.10640462 -0.75431328  0.27359741  0.07766281
   0.58829992 -0.79932177  0.63398253  0.87527456  0.87537784  0.6405023 ]
 [ 0.40333544 -0.72607641 -0.92318826 -0.52278202 -0.61988922  0.1320289
  -0.02746166 -0.14032697 -0.83634642  0.05585555 -0.20811844 -0.21006918]
 [ 0.48094576 -0.40582241  0.4588269   0.5837238   0.31117346  0.18572182
   0.00500923 -0.2869221  -1.15015768 -0.23597241 -1.437158   -0.78193972]
 [ 0.68509368 -0.3001466  -0.63637397  0.49753494  0.24997721 -0.10237454
  -0.04115338  0.60468911 -1.21685308  1.2223918   0.2578733   1.11145236]
 [ 0.44806477  0.54248039 -1.49110282  0.31511834 -0.32858798 -0.79920984
   1.59112624  0.50496154 -1.7281625  -0.58044181 -0.11344898 -0.25584829]
 [-0.08651961  0.57970165  0.21243615 -0.10220705 -1.19005042  0.38204084
  -0.77209624 -0.37840304  1.30104808  0.51405523  0.22401087  0.07850238]
 [-0.65571495  0.42031195  0.70298187 -0.15613999 -1.06992221  0.81799821
   1.06832444 -1.16321739 -0.90502151  1.18842705  1.123301   -0.29150672]
 [ 0.40985684 -0.20081301 -0.34240337  1.13835282 -0.81555393 -1.66279277
   0.5548981  -1.00170675  0.07058669  0.26265702 -0.03271579 -0.93327076]
 [ 0.45871819 -0.05179132  0.75413884 -0.4242148  -0.18386058 -0.89828361
  -0.30134777 -0.97404466  0.73647508  0.77040184 -0.32929581  0.48348474]
 [ 0.78408086  0.82975295  0.64806314 -0.36610385 -0.5065773   1.00536734
   0.63296409  0.36201585  0.8827294   0.69004641  1.20856751 -0.24800872]
 [-0.77569382 -0.07789551 -0.3989508  -0.05250508 -0.70861154  0.72363289
   0.11204155 -0.17274773 -1.3399782  -0.86065502  0.37239271  0.0625508 ]
 [-0.80188208  0.04711783 -0.93239998  1.47046691  0.76052042  0.41388935
   0.05005091  0.73925103  1.11914231 -0.26163899  0.3304357   0.53136059]
 [ 0.28553989 -0.23195967  0.80202228  0.05101405 -1.09014875 -1.61627082
   0.97678265 -0.10513451  1.37917187 -0.72346999 -0.91080874 -0.67974322]
 [-0.75433661 -0.04284917  0.71702896 -0.83073144 -1.03091797 -0.63713208
   0.43441225 -0.27453435  0.75929996  0.23051284 -0.06929281 -0.29263996]
 [ 0.41286258 -0.57947201 -1.25281712  0.52316458 -0.1287744   0.18938121
  -0.6018629   1.0099281  -0.51052096  0.30336465  0.28821776 -0.65712831]],[[-1.14471447 -1.6678067   0.67983916 -0.713662   -0.12772578 -0.17732456
   1.23810595]
 [ 1.27452273  1.86194348 -1.73795172  0.35449507  0.98054753  0.30121809
  -0.30771756]
 [-0.361227   -0.72417819  0.32522385  0.27429053  0.4433347   0.26879915
   1.36220019]
 [-0.69068309 -0.36186879 -0.68437474 -1.86996094 -0.4609689   1.49694613
  -0.10399584]
 [-1.083367   -0.15899722  0.30949554 -1.2380038   0.28467785  0.87241271
  -0.49818711]
 [-0.73634437  0.42442085 -0.44323753 -0.53771456 -1.09333369 -0.26754428
   0.01037221]
 [ 0.36799972  0.00711496 -0.61770147  1.50184622 -0.51047708  0.48571225
   0.31112924]
 [ 1.06487173  0.93478342 -0.99952782 -0.70549957 -0.21615242  0.29211183
  -0.47674391]
 [ 0.74365866  0.43852415  0.13091134 -1.499348   -2.7536262  -0.46701643
   0.32558271]
 [ 0.09874138  2.10249921  0.1110698   0.1505393  -0.60682774  0.08165943
   1.14336477]
 [-0.97526355 -1.57704569 -0.11779001 -0.49136943  0.22094809 -0.81803963
   0.03708854]
 [-0.66390566 -0.51939233  0.33095889 -0.65738012 -0.28293428 -1.22614549
   0.93441621]]