[[ 0.84874619  0.16224873  0.32123436 -0.77950873 -0.49586782  0.07525248
   0.73722097 -1.12247997  0.03062447  0.56678597 -1.41960141  0.59158366]
 [ 0.28396644 -0.47595711  1.05006806  0.31774721 -0.27720222  0.41830404
   0.40292165  0.66677887  0.8032825  -1.00629048 -0.81815408  0.53546696]
 [ 0.47464788  1.11240375 -0.19451587 -0.10583901  0.45839628 -0.54819827
  -0.69917215 -0.51590095 -0.03974191 -1.24054913 -1.17344728 -0.88631274]
 [-0.46059087 -0.79829309 -0.02586163 -0.11156289  0.30680087  1.44901363
  -0.13491541  1.10053325  0.83249504  0.17673014  0.59625974 -0.57388243]
 [ 1.03653928 -0.69965525 -0.02381632 -0.70713818  0.13454871 -0.38612735
   0.08114065  0.1420948  -0.27066889 -0.10361177 -0.04208963  0.12842806]
 [ 0.42518678  0.03492548  0.96830911  0.14303313 -0.70301146 -1.03268775
  -0.18490364 -0.84055817  0.55924587  0.91773534 -1.10735287 -0.58611158]
 [ 0.21086388 -0.12037832 -1.44325446  0.10137846  0.94392063 -0.59572773
   1.04265362  0.28474139 -0.89445462 -0.3970762   0.62441827  0.4765149 ]
 [ 0.39461807  0.59400621  0.54341139  1.2247843  -0.35341559  0.7885665
  -0.30338306  0.83241867 -0.40133321  0.18119721  0.59420579  0.04629369]
 [-0.93821271 -0.77784265  0.30257576 -0.92528608 -0.45337231  1.34562293
   0.27068805 -0.41113155  0.40392089 -0.44132409 -0.48769892  1.14160568]
 [-1.15533965  0.6404984  -0.50653665  0.47306749  0.08668329  0.02642829
  -0.66613662  0.43020808 -0.01914269  1.02604956 -0.99691536  0.19654965]
 [-0.04408874  0.812528   -0.0244178   0.83641487  0.67978845 -0.89257471
   0.72245148 -0.11879046  1.56699681  0.10333234  0.8598331   0.25906901]
 [-0.50591009 -0.59076597 -1.63583125  0.0951229  -0.4005922  -0.68829323
  -0.08352792 -0.33554658 -0.02248662 -0.95783798 -0.56635901 -0.71148737]
 [ 0.31014339 -1.36365604  0.24464683  1.03969047  0.35773241 -0.04804492
   0.65149634 -0.82295544 -0.14555431 -0.21852213  1.02558636 -0.28980022]
 [ 0.66725689 -0.25153022 -0.05204857 -1.04461934 -0.48627639 -0.25528898
   1.27356028 -0.07027694  0.16957089  1.13243883  0.13318186  0.37630485]
 [ 1.24215308 -0.32449211 -0.43092862  0.3211045  -0.08183949 -0.13300276
  -0.71548867  0.4484214   0.09936396 -0.60063462  0.21078329 -0.08193634]
 [-0.34824951  0.550476   -0.37556581  1.33056233  0.6126319  -0.55396048
   0.37461104 -0.52370464  0.48729929  0.70862181  0.28276181  0.1972966 ]
 [ 0.86565979  0.69507599 -0.36258851  0.02059182  0.7462266   0.86497987
  -0.19288535  0.11452152 -0.13989911 -0.13010931  0.56185195  0.09414807]
 [ 0.85961164  0.15246076  0.25573681 -0.21974046 -0.49243965  0.06916751
  -0.35299128  0.86566245 -0.67639578 -0.71294373 -0.94651165 -0.35361812]
 [ 0.17407311  0.9421568   1.27768563  0.66654523 -0.08277461  0.00555515
  -0.11805198 -0.82170988 -0.07776166  1.46319235 -0.67744472  0.17532297]],[[-0.73234836 -0.28131235 -0.90537772  1.01342155 -0.23058441  1.29512111
   0.16983005]
 [ 1.00403222 -0.30152214 -0.56471065 -1.81679539  1.0945755   0.44352668
  -0.02104102]
 [-1.48267642  0.40066133  0.95561188  0.42602429  1.11433191  0.34379121
   0.42779627]
 [-0.83465895 -0.92749694 -0.05495952  0.59414089 -0.98250667  0.22343868
   1.02729686]
 [ 0.41771399 -1.06149188  0.43449696  1.19688358  0.32631175  0.812348
  -1.53746086]
 [ 0.1791593   0.10668123 -0.9148443  -0.47593658 -0.98993999 -1.25110148
   0.05053638]
 [ 1.45991133 -1.1841954   1.07077533 -0.55850208 -0.72684883  1.64821957
   0.13684708]
 [ 0.40409743 -0.90165772 -0.07460309  1.13331525 -1.27871663  0.48690354
   0.48067259]
 [-0.41237537 -0.32281301 -0.33214118  1.01660308 -0.89706737 -0.49829072
  -0.2182299 ]
 [-0.56378723 -0.99118873 -0.77182671 -0.31360628 -0.21623221 -1.53879952
   0.06000625]
 [-1.13246053 -0.28572243  0.20208783 -0.68874461 -1.3609705  -1.46354665
   0.79037913]
 [ 0.43894236 -1.61121615 -0.64738785 -0.60057352 -0.05412283  1.50629933
   0.85108561]]