[[ 0.74596265  0.16224873  0.01401392 -0.74322175 -0.47315973  0.07948435
   0.73722097 -0.65478412  0.4017367   0.31728001 -1.58983057  0.14197586]
 [ 0.68921175 -0.47595711  1.18727589  0.03178156 -0.27720222  0.41830404
   0.93543334  0.66677887  0.86317577  0.18197192 -0.61935201  0.53546696]
 [ 0.47464788  0.16126262 -0.19451587 -0.10583901  0.45839628 -0.57048671
  -0.69917215 -0.51590095 -0.03974191 -0.98245679 -0.708695   -0.88631274]
 [-0.32836189 -0.79829309  0.3006141  -0.11156289  0.30680087  0.76412958
  -0.19581752  1.10053325  0.96244101  0.22374075  0.54222948 -0.57388243]
 [ 1.13964159 -0.29590289 -0.02381632 -0.7396366  -0.16998606 -0.11066362
   0.08114065  0.03385739  0.0620743  -0.10361177 -0.04208963  0.12842806]
 [ 0.42518678 -0.2930427   1.33414196 -0.25530261 -0.31557106 -1.03268775
  -0.18490364 -0.94232733 -0.03840904  0.89846794 -0.54157826 -0.40046771]
 [-0.18354011 -0.24801514 -1.44325446  0.10137846  0.94392063 -0.59572773
   0.81166744  0.14114954 -1.08571958 -0.3970762   1.49089497  0.4765149 ]
 [ 0.77879578  0.93028676  0.46040982  1.2247843   0.01107144  0.65001475
  -1.29217931  1.10915745 -0.40133321  0.18119721  1.01263162  0.54503991]
 [-0.93821271 -0.77784265  0.30257576 -1.22554142 -0.35618254  1.2437952
  -0.15931742 -0.2300188   0.40392089 -0.29612026 -0.28368469  0.8847844 ]
 [-1.15533965  0.6404984  -0.50653665  0.47306749  0.08668329  0.48557757
  -1.05275708 -0.02419667 -0.07395148  1.02604956 -0.99691536  0.19654965]
 [-0.29317635  0.66607609 -0.79232823  0.83641487  0.45489969 -0.89257471
   0.72245148 -0.11879046  1.35852394  0.10333234  1.31679931  0.69187738]
 [-0.50591009 -0.44655055 -1.71902735  0.0951229  -0.66153172 -0.52107603
  -0.5221817  -1.23818243 -0.4441716  -0.95783798 -0.56635901 -0.87532164]
 [ 0.45720077 -1.36365604  0.24464683  0.69555191  0.00571642  0.07417734
   0.12985237 -1.110031    0.30169837 -0.33391455  1.02558636  0.01243768]
 [ 0.34387071 -0.25153022 -0.05204857 -1.04461934  0.1098376  -0.25528898
   0.72453232 -0.07027694  0.16957089  1.13243883  0.07634464  0.37630485]
 [ 1.24215308 -0.32449211  0.31566424 -0.53806583 -0.09841639 -0.20311273
  -0.98827229  0.2412009   0.04730931  0.20373948  0.51604422 -0.23245186]
 [-0.34824951  0.82611918  0.04055936  1.33056233  0.66329439 -0.6189105
   0.32720342 -0.57496649  0.21450993  0.70862181  0.28276181  0.1972966 ]
 [ 0.86565979  0.69507599 -0.1851234   0.02059182  1.0966856   0.69713097
  -0.39869877  0.11452152 -0.13989911 -0.13010931  0.56185195 -0.15814989]
 [ 1.02822164  0.12065033  0.25573681 -0.21974046 -0.96327504  0.06916751
  -0.35299128  0.5643393  -0.72449788 -0.52590227 -0.6436233  -0.81382836]
 [ 0.48367989  0.9421568   0.96098932  0.8289276  -0.23471679 -0.1057266
   0.00958623 -0.65095582 -0.42404271  1.09418705 -0.48496914  0.17532297]],[[-1.01481161  0.2116412  -0.68445969  0.88667684  0.35040461  1.54802301
   0.07425024]
 [ 0.76414003 -0.61057683 -0.7302741  -1.44633082  1.32698131  0.90746815
   0.03479875]
 [-1.64920922 -0.2964865   0.47594888 -0.12888703  0.40536475  0.14823135
  -0.00475107]
 [-0.89755768 -0.4882933  -0.17129737  0.59414089 -0.98250667  0.36026497
   0.7618337 ]
 [-0.19049096 -1.06149188  0.59963353  1.23864914  1.33989587 -0.02792131
  -2.01754243]
 [-0.17145949  0.28229137 -1.52432542 -1.12513479 -0.84968136 -1.27232651
   0.05053638]
 [ 1.27914625 -1.30080952  1.07077533 -0.35042785 -0.4968939   1.97171557
   0.34986184]
 [ 0.31241344 -1.00125696 -0.28741481  0.66674428 -1.10756154  0.7514308
   0.91692627]
 [ 0.65432483 -0.14851661  0.42149631  1.35433649 -1.17571893 -1.21153191
  -0.46784315]
 [-0.01226268 -1.1789455  -0.9084576  -0.21673851  0.48709093 -0.94681771
   0.49355123]
 [-1.2585556  -0.35551958  0.45425141 -0.75028998 -0.59692459 -1.94699905
   0.74010116]
 [ 0.8892591  -1.27235624 -0.70836578 -0.80453459 -0.17378122  1.66497371
   1.23686543]]