[[ 9.24257093e-01  1.62248730e-01  3.21234360e-01 -3.84151828e-01
  -4.95867816e-01  7.94843522e-02  7.37220973e-01 -6.54784116e-01
   4.01736697e-01  3.17280008e-01 -1.48630546e+00  1.41975864e-01]
 [ 2.83966443e-01 -6.82653165e-01  1.14938971e+00  3.17815570e-02
  -2.77202219e-01  4.18304041e-01  5.48182753e-01  6.66778870e-01
   4.86876209e-01 -1.99248216e-01 -8.18154084e-01  5.35466960e-01]
 [ 2.11253505e-01  6.53758962e-01 -1.94515867e-01 -1.05839008e-01
   4.58396276e-01 -5.48198269e-01 -6.99172152e-01 -5.15900953e-01
  -3.97419147e-02 -9.69880686e-01 -9.21305257e-01 -4.03159397e-01]
 [-6.02293632e-01 -7.98293088e-01 -4.11098821e-01 -1.22442581e-04
   4.89598488e-01  4.02444800e-01 -1.34915414e-01  1.10053325e+00
   8.84455559e-01  1.65208067e-01  7.92339047e-01 -5.73882430e-01]
 [ 7.11725514e-01 -6.99655251e-01  3.00880788e-01 -8.23637839e-01
  -5.65646021e-02 -1.10663624e-01  8.11406488e-02 -1.76898798e-01
   6.20743023e-02 -4.01560730e-01  6.87392093e-02  1.28428056e-01]
 [ 4.25186783e-01 -2.93042700e-01  7.36305820e-01  1.43033130e-01
   4.74462541e-03 -1.03268775e+00 -1.84903636e-01 -8.00780149e-01
  -3.84090353e-02  6.61595875e-01 -1.83380825e-01 -4.00467709e-01]
 [ 5.31191961e-01 -2.48015141e-01 -1.54478560e+00  1.01378458e-01
   9.43920634e-01 -5.95727728e-01  8.36784485e-01  1.41149540e-01
  -1.08571958e+00 -3.97076200e-01  3.76620112e-01  9.05040607e-01]
 [ 3.94618075e-01  9.30286756e-01  1.37873933e-01  1.22478430e+00
   9.65450648e-01  6.62944256e-01 -9.43906236e-01  8.32418672e-01
  -3.83187027e-01  1.58917916e-01  6.90780133e-01  5.11438746e-02]
 [-9.60803769e-01 -7.77842647e-01  3.02575764e-01 -1.26602030e+00
  -2.37792371e-01  1.65544537e+00  1.09802343e-01 -1.81486072e-02
   4.03920893e-01 -2.55793325e-02 -4.87698918e-01  3.92993131e-01]
 [-9.34169576e-01  6.40498397e-01 -5.06536648e-01  4.73067490e-01
  -2.87288286e-01  2.64282877e-02 -1.36162000e+00  5.76674588e-02
  -7.39514774e-02  1.02604956e+00 -9.96915357e-01  2.84267949e-01]
 [-1.37275141e-01  7.84131249e-01 -7.92328231e-01  8.36414870e-01
   2.48174590e-01 -8.92574714e-01  1.20328816e+00  2.44301339e-02
   1.35852394e+00  1.03332338e-01  1.31679931e+00  5.28973543e-01]
 [-5.05910085e-01 -4.46550548e-01 -1.63583125e+00  9.51228956e-02
  -4.84178471e-01 -5.21076030e-01 -5.22181702e-01 -1.23818243e+00
  -4.99117055e-01 -9.57837977e-01 -8.47378302e-01 -7.11487367e-01]
 [ 3.10143388e-01 -1.36365604e+00  2.44646831e-01  6.95551909e-01
   3.57732407e-01 -1.11519926e-01  6.18316865e-01 -8.22955438e-01
  -1.28719982e-01 -5.35152993e-01  1.21139594e+00  6.23153107e-01]
 [ 3.19114920e-01 -2.51530221e-01 -4.49658535e-01 -1.53231344e+00
   1.09837600e-01 -2.55288977e-01  7.24532319e-01  1.43439514e-02
   1.69570893e-01  1.13243883e+00  1.33181860e-01  3.76304855e-01]
 [ 1.24215308e+00 -3.24492106e-01  3.15664241e-01 -5.38065829e-01
  -9.84163909e-02 -1.96018326e-01 -9.88272291e-01  7.41560264e-01
   9.93639557e-02 -3.35834131e-01  3.77625272e-01 -2.32451858e-01]
 [-5.54070768e-01  7.21319216e-01  4.92162043e-02  1.33056233e+00
   9.03044249e-01 -8.30079797e-01  2.42820593e-01 -1.95315130e-01
   2.14509932e-01  7.08621807e-01  2.26138069e-01  1.97296600e-01]
 [ 8.65659785e-01  6.95075992e-01 -3.62588506e-01 -3.13852547e-01
   5.05551950e-01  8.64979874e-01 -1.92885350e-01  1.14521524e-01
  -1.39899113e-01  1.20058590e-01  1.09999020e+00 -5.53333616e-01]
 [ 9.37939919e-01  1.52460760e-01 -1.89894124e-01 -2.19740465e-01
  -4.92439646e-01  4.57192262e-01 -3.52991282e-01  8.65662451e-01
  -6.76395784e-01 -7.12943733e-01 -8.17263328e-01 -3.14011205e-01]
 [ 1.74073109e-01  7.41815735e-01  9.60989320e-01  8.28927605e-01
  -9.79875053e-02  1.05226203e-01  1.32215199e-01 -6.25866202e-01
  -4.24042710e-01  7.71060747e-01 -4.84969140e-01  7.79716608e-02]],[[-0.27497568 -0.39319954 -0.4779022   0.88667684  0.38184449  1.7272068
   0.12035611]
 [ 0.66257207 -0.01097008 -0.57324471 -1.02661     1.99869016  1.04909675
  -0.90204962]
 [-1.87159598 -0.48841711  0.60813875  0.11840435  1.29141028  0.02841975
   0.49230495]
 [-0.71697564 -0.4882933   0.14080145  0.59414089 -0.81674221  0.51164609
   1.30712706]
 [-0.19049096 -0.63041868  0.58427131  0.87720782  0.32631175  0.46544733
  -1.53746086]
 [ 0.22571897 -0.03464503 -1.19622575 -0.65040993 -1.4499054  -1.27232651
   0.05053638]
 [ 1.27914625 -0.94542492  1.07937024 -0.67701807 -0.74124229  1.64821957
   0.09776906]
 [ 0.12213084 -1.00125696 -0.33120688  0.39548781 -0.60657437  0.29223794
   0.54649418]
 [ 0.34293559 -0.22562077 -0.05763071  0.91284753 -0.77921496 -0.49829072
  -0.09092384]
 [-0.76592671 -1.00474631 -1.22518801  0.56626779  0.66306207 -0.94681771
  -0.09048398]
 [-2.01331515 -0.1174925   0.00471401 -0.68234968 -0.93884035 -1.90434086
   0.55311157]
 [ 0.8892591  -1.2463978  -0.27548614 -0.76336029 -0.34836039  1.50629933
   0.89972343]]