[[ 1.78733775  0.83736484  0.78132198  0.55792892 -0.97298253 -0.18740672
   0.21946405  0.77617078  0.18124823 -0.68556488 -1.24512913  0.58863489]
 [ 0.90312314 -0.91362383  1.83971495 -1.38018394 -0.70744882  0.37121051
   0.73998883  0.38485374  0.21650381 -0.09156119 -0.92869078  0.49930308]
 [-0.10906942  0.81439011 -0.62960045  0.36387323  0.77035257 -0.3412418
  -0.87978956 -0.44701882  0.23344404 -0.52749633 -0.99798518 -0.9839555 ]
 [-0.58686458 -0.78988303  0.08456867 -0.57109612  0.47410537  0.56911631
   0.13972473  1.26693342  0.5198581   0.56096407  1.22463128 -0.76516815]
 [ 0.76329595  0.40854885  0.07344341  0.04405799 -0.18431421 -0.60275396
  -0.06447602 -0.3224035  -0.41642463 -0.69463124 -0.14987856  0.11305709]
 [ 0.46491524 -0.27957664  1.12076844  0.39312463 -0.53409539 -0.41675238
  -0.70592591 -0.87960905 -0.61970834  0.24374982 -0.15382031  0.2204767 ]
 [-0.57472754 -0.14675137 -1.09862184 -0.51793476  1.65414362  0.1286035
   0.42539458 -0.54621801 -1.47783515 -0.03101873  0.56267283 -0.02198648]
 [ 0.64228454  0.47914785  0.13787393  0.79465863  0.86281551  0.62161752
  -0.9132847  -0.20472107 -0.09000356 -0.49910408  0.93862064 -0.20697156]
 [-1.2446138  -0.05679307  0.31989456 -0.94746427 -1.23920152  0.10847908
  -1.30237837  0.49152201 -0.98127845 -0.56711975 -0.33160679  0.8847844 ]
 [-0.43929934  0.76251554  0.00631019  0.62930242 -0.37836925 -0.66204846
  -0.33257137  0.24771246 -0.19893546  1.36085696 -0.98749247  1.05104436]
 [-0.66768526  0.66607609 -1.15637241  0.78750812  0.39330473 -1.59806073
   0.56478779 -0.14218056  1.23689342 -0.63377577  1.18585732  0.31443062]
 [-0.86899121 -0.44655055 -0.9369055   0.15899439 -0.69715321 -0.55521997
   0.17068781 -0.7949166  -0.95074279 -0.68436945 -0.56635901 -0.61061551]
 [ 0.88485301 -1.0101901   0.01060417  0.81978604  1.18602276  0.18427182
   1.11749204 -0.52392675 -1.17074326 -1.08583088  0.91425176  0.17880803]
 [ 0.28107584 -0.58523907  0.80790226 -0.86764627  1.22365216 -0.77186384
   0.11395287 -0.4593632  -0.15728431  0.70194739  0.73269079  0.92456082]
 [ 1.50781786  0.22687137  0.02723385 -0.62486689 -0.01305359 -0.14940854
  -1.1434568   0.20088672  0.09936396 -1.36790387  0.45480166  0.08249258]
 [-0.17936446  0.82492003  0.34686866  1.1312753   0.47310404 -0.69783787
   0.36867127  0.45589086 -0.08659874  0.88452071  0.48580371 -0.00704997]
 [ 0.17911983  0.34415181 -0.35715291 -0.92926205  1.64603191  0.86497987
  -0.18516282  0.39922034  0.2706706   0.41872335  1.40742736 -0.59215735]
 [ 0.72375474  0.08370429  0.00674971 -0.87628927 -0.56964848  0.02625501
  -0.19317621  0.55033988 -0.47790041 -1.69182158 -1.11965037 -0.89286956]
 [-0.31377527  0.9421568   0.96104712  0.27041854  0.06255589 -0.66001999
  -0.36246596 -0.51252819 -0.51416979  0.28876538 -0.56023525 -0.21829863]],[[-0.55823863 -0.72895725  2.03235246 -0.54562165  0.12669615  0.73433832
   0.17852801]
 [ 0.67323223 -0.36565103 -1.48637489 -0.83471208 -0.44553343  0.0841628
  -0.72626077]
 [-0.05866942 -0.06801049  0.47223941 -0.5003092   1.94005102  0.37883227
   0.38613877]
 [-1.22865978 -1.36956951  0.07696828  0.91477883 -0.32958127 -0.63515926
  -0.05024315]
 [-0.23966845 -0.28885152  0.39275493  1.30276809  0.67877833  1.19302203
  -0.32381992]
 [-0.58752457  1.83739772  0.25525847  0.04505669 -0.79870297 -0.65701365
   0.89898926]
 [ 0.39381039 -0.08732905 -0.04961465 -1.26406673  0.91489263  1.32464235
   0.32428992]
 [-0.65742692 -0.05377879 -1.02117914 -0.19810912 -0.37498223  0.15658669
   0.5987229 ]
 [ 0.67835978 -0.20515089  0.85619272 -0.11062873 -0.61591133 -0.03034604
   0.43109618]
 [-1.02021755 -0.41144013 -1.47748076  0.1785028  -0.52538454 -0.73948299
  -1.56716567]
 [-0.49728925  1.24323313  0.01193372 -0.32460907 -0.5860007  -0.81003239
   0.50912122]
 [ 0.09757914 -0.60274478 -0.8256499  -0.61240721 -1.62565432  0.45586444
   0.57842531]]