[[ 0.79456327  0.16224873  0.73878661 -0.38415183 -0.49586782  0.25023644
   0.73722097 -0.65478412  0.78369469  0.59621975 -1.31225184  0.59158366]
 [ 0.28396644 -0.47595711  0.83189822  0.03178156 -0.27720222  0.35546305
   0.54818275  0.66677887  0.59197275 -0.65253202 -0.81815408  0.53546696]
 [ 0.47464788  0.68183372 -0.14475995 -0.13658821  0.61369534 -1.02295518
  -0.69917215 -0.51590095  0.58000681 -0.96988069 -0.63295469 -0.88631274]
 [-0.60229363 -0.79829309  0.23979525 -0.11156289  0.22147553  0.55877664
  -0.13491541  0.82698153  0.3983641   0.17673014  0.79233905 -0.57388243]
 [ 1.03653928 -1.06011741 -0.46936706 -0.41250086  0.3485969  -0.11066362
  -0.37283723  0.1420948   0.46189551 -0.10361177 -0.04208963  0.12842806]
 [ 0.7089593  -0.20457496  0.6822517   0.14303313 -0.31557106 -1.19951988
  -0.18490364 -1.33546863 -0.31007882  0.66159588 -1.44104494 -0.40046771]
 [ 0.23503891 -0.03216273 -1.44325446  0.10137846  0.94392063 -0.59572773
   0.81166744  0.14114954 -1.08571958 -0.27148115  1.02980806  0.4765149 ]
 [ 0.2334666   0.93028676  0.13787393  1.2247843   0.46628198  0.7885665
  -0.68611143  0.83241867 -0.40133321  0.18119721  0.59420579  0.39662   ]
 [-0.60881712 -1.27541826  0.30257576 -1.36421227 -1.09882924  1.2437952
  -0.66517748 -0.01814861  0.40392089 -0.05201361 -0.34459518  0.8847844 ]
 [-1.15533965  0.95734619 -0.57233289  0.80875609  0.08668329  0.02642829
  -0.66613662 -0.01501914 -0.07395148  1.02604956 -0.99691536  0.19654965]
 [-0.29317635  0.66607609 -0.79232823  0.79607481  0.24817459 -0.89257471
   0.72245148 -0.11879046  0.88897324  0.10333234  1.32237476  0.45912704]
 [-0.32439082 -0.44655055 -1.63583125  0.0951229  -0.37150024 -0.52107603
  -0.5221817  -1.45374317 -0.03930351 -0.95783798 -0.54393439 -0.93156614]
 [ 0.60890195 -1.36365604  0.01748143  1.00837217 -0.06897463 -0.11151993
   0.19792864 -0.82295544 -0.69110838 -0.53515299  1.10802743 -0.06739453]
 [ 0.58765847 -0.71837301 -0.05204857 -1.48220279  0.1098376  -0.51593995
   0.57685853 -0.08207741  0.16957089  1.30220279 -0.05994694  0.37630485]
 [ 1.24215308 -0.47692795  0.18099783 -1.35125524 -0.09841639 -0.21568595
  -0.98827229  0.40982006  0.09936396 -0.2388067   0.51604422  0.0929443 ]
 [-0.34824951  0.36198515  0.0492162   1.33056233  0.6126319  -1.02493198
   0.15840403  0.13131667  0.21450993  0.70862181  0.28276181  0.53403672]
 [ 0.86565979  0.34113259 -0.36258851  0.02059182  0.7462266   0.73170703
  -0.19288535  0.11452152 -0.04144337 -0.13010931  0.56185195 -0.4725731 ]
 [ 0.98975253 -0.16990302  0.25573681 -0.21974046 -1.35015945  0.06916751
  -0.59309999  0.56639105 -0.67639578 -0.86344365 -0.9424195  -1.13128021]
 [ 0.17407311  0.9421568   0.96098932  1.24744923 -0.30837539  0.1052262
  -0.41660744 -0.82170988 -0.42404271  1.09418705 -0.48496914  0.17532297]],[[-4.13993877e-01 -2.22022180e-01 -5.26180879e-02  1.01342155e+00
   2.08049159e-01  1.16117207e+00  7.04583793e-01]
 [ 9.54591843e-01  1.96729271e-01 -7.30274099e-01 -1.11628975e+00
   1.57490862e+00  2.61613116e-01 -2.10410207e-02]
 [-1.64920922e+00  4.39070054e-01  8.17728326e-01 -3.57697034e-01
   1.18692533e+00  2.84197491e-02  9.64628244e-01]
 [-1.26719823e+00 -9.16520152e-01  7.52097577e-01  5.94140892e-01
  -1.29881933e+00  8.67806045e-01  9.57896774e-01]
 [-1.20287593e-01 -1.51608149e+00  3.94485820e-01  1.01301356e+00
   1.36007155e-03  3.35718429e-01 -1.53746086e+00]
 [ 1.88800576e-01 -1.67659114e-01 -7.70288116e-01 -9.64406920e-01
  -8.41872935e-01 -1.27232651e+00  2.67168459e-01]
 [ 1.27914625e+00 -1.33216040e+00  1.04796868e+00 -6.77018068e-01
  -7.25719329e-01  1.67942351e+00  1.94712863e-01]
 [ 1.31904087e-02 -1.66883790e+00 -1.47262825e-01  5.64864813e-01
   7.65692694e-02  8.61677377e-01  4.56151307e-01]
 [-1.02179146e-01 -1.99446004e-01 -3.32141182e-01  1.46491079e+00
  -7.10614375e-01  1.25717932e-01 -6.94308320e-01]
 [-8.18770279e-01 -1.46794447e+00 -3.48537492e-01 -3.28499835e-01
   4.57622839e-01 -7.10558678e-01 -1.27557788e-01]
 [-1.13246053e+00 -2.11523534e-01  1.98266881e-01 -2.88283443e-01
  -2.45742673e-01 -1.71740635e+00  1.16903365e+00]
 [ 1.09258148e+00 -1.24639780e+00 -5.73822394e-01 -8.04534585e-01
  -5.58435510e-01  1.62658016e+00  1.48359136e+00]]