[[ 1.31357113  0.16224873  0.32123436 -0.87815285 -0.33408238  0.07525248
   0.73722097 -1.12247997  0.44304124  0.56678597 -1.16403935  0.59158366]
 [ 0.28396644 -0.47595711  1.14938971  0.31774721 -0.27720222  0.41830404
   0.40292165  0.66677887  0.59521139 -1.00629048 -0.76271936  0.53546696]
 [ 0.00691934  0.65375896 -0.19451587 -0.10583901  0.45839628 -0.54649111
  -1.06043617 -0.51590095 -0.03974191 -1.34547342 -1.17344728 -0.88631274]
 [-0.60229363 -0.79829309  0.3006141  -0.11156289  0.30680087  1.18775803
  -0.13491541  1.10053325  0.83249504  0.17673014  0.79233905 -0.57388243]
 [ 1.03653928 -0.69965525 -0.02381632 -0.41250086  0.13454871 -0.11066362
   0.08114065  0.1420948  -0.18947235 -0.10361177 -0.04208963  0.12842806]
 [ 0.30460694 -0.2930427   0.96830911  0.14303313 -0.70301146 -1.03268775
  -0.30192755 -0.84055817  0.27294526  0.85214497 -0.63447602 -0.58611158]
 [ 0.21086388 -0.12037832 -1.44325446  0.10137846  0.94392063 -0.59572773
   0.43504527  0.28474139 -0.95202661 -0.3970762   0.62441827  0.4765149 ]
 [ 0.39461807  0.93028676  0.39054636  1.2247843  -0.35341559  0.7885665
  -0.94390624  0.83241867 -0.40133321  0.18119721  0.59420579  0.04629369]
 [-0.93821271 -0.77784265  0.30257576 -0.92528608 -0.56327518  1.34562293
   0.50334315 -0.41113155  0.40392089 -0.02557933 -0.48769892  0.8847844 ]
 [-1.15533965  0.6404984  -0.50653665  0.47306749  0.08668329  0.02642829
  -0.66613662  0.3085478   0.03705164  1.02604956 -0.99691536  0.19654965]
 [-0.05965073  0.812528   -1.06390801  0.83641487  1.18649092 -0.89257471
   1.04720353 -0.11879046  1.37900792  0.10333234  0.8598331   0.66938232]
 [-0.50591009 -0.44655055 -1.63583125  0.0951229  -0.4005922  -0.12443008
  -0.08352792 -0.63258304 -0.49911705 -0.95783798 -0.56635901 -0.71148737]
 [ 0.31014339 -1.36365604  0.24464683  0.69555191  0.35773241 -0.04804492
   0.16878534 -0.82295544 -0.1366295  -0.21852213  1.02558636  0.13088502]
 [ 0.66725689 -0.25153022 -0.05204857 -1.04461934 -0.0715299  -0.25528898
   1.11967334 -0.07027694  0.16957089  1.13243883  0.13318186  0.37630485]
 [ 1.24215308 -0.32449211 -0.28798963  0.07841839 -0.43720709 -0.13300276
  -0.64268066  0.4484214   0.09936396 -0.60063462  0.51604422 -0.0309074 ]
 [-0.34824951  0.87904769 -0.37556581  1.33056233  0.6126319  -0.6189105
   0.37461104 -0.19531513  0.21450993  0.70862181  0.66083464  0.53302278]
 [ 0.86565979  0.69507599 -0.36258851 -0.21374446  0.72637924  0.86497987
  -0.19288535  0.11452152 -0.13989911 -0.13010931  0.56185195 -0.04685961]
 [ 0.93793992  0.15246076  0.25573681  0.26121477 -0.49243965  0.06916751
  -0.35299128  0.86566245 -0.67639578 -0.71294373 -0.94651165 -0.81382836]
 [ 0.17407311  0.9421568   1.27768563  0.8289276  -0.23471679  0.1052262
   0.00958623 -0.82170988 -0.17738589  1.09418705 -0.67744472  0.17532297]],[[-0.73234836  0.08468782 -0.72105057  1.01342155  0.00720099  1.10722974
   0.29765497]
 [ 0.95104527 -0.30152214 -0.56471065 -1.78700741  1.0945755   0.92490157
  -0.02104102]
 [-2.22158315  0.35565817  0.84586122 -0.21237699  1.09206975  0.02841975
   0.49230495]
 [-0.83465895 -0.97162774  0.44786803  0.59414089 -0.98250667  0.564497
   1.87353703]
 [-0.52154176 -1.2997833   0.43449696  1.19688358  0.264423    1.2595613
  -1.53746086]
 [ 0.37493554  0.418301   -1.18401563 -0.95327486 -1.40038248 -1.23170142
   0.05053638]
 [ 0.79738963 -1.10988308  0.98704266 -0.55850208 -0.56156767  1.64821957
   0.13684708]
 [ 0.40409743 -0.92841721  0.20147606  1.05945536 -1.69300645  0.48690354
   0.50722127]
 [-0.41237537 -0.51993305 -0.33214118  0.88690774 -1.19404919 -0.49829072
  -0.46784315]
 [-0.91006556 -0.99118873 -0.77182671 -0.41876301 -0.092068   -1.53879952
  -0.09048398]
 [-1.13246053 -0.1528209  -0.15159426 -0.28828344 -1.01368419 -1.46354665
   0.46083972]
 [ 0.99290354 -1.06917965 -0.64738785 -0.82212392  0.38094262  1.29089562
   0.79413013]]