[[ 1.31357113  0.16224873  0.32123436 -0.77950873 -0.49586782  0.07525248
   0.73722097 -1.12247997  0.21773702  0.56678597 -1.41960141  0.59158366]
 [ 0.28396644 -0.47595711  0.8321436   0.31774721 -0.27720222  0.41830404
   0.40292165  0.30461847  0.59521139 -0.53198475 -0.81815408  0.52997638]
 [ 0.47464788  0.65375896 -0.19451587 -0.10583901  0.45839628 -0.83545983
  -0.69917215 -0.51590095 -0.4782519  -0.96988069 -1.17344728 -0.88631274]
 [-0.60229363 -0.79829309  0.3006141  -0.11156289  0.30680087  1.18775803
  -0.13491541  1.10053325  0.83249504  0.17673014  0.79233905 -0.57388243]
 [ 1.03653928 -0.69965525 -0.02381632 -0.84414105  0.13454871 -0.11066362
   0.08114065  0.1420948  -0.18947235 -0.10361177 -0.04208963  0.12842806]
 [ 0.42518678 -0.2930427   0.81918785  0.14303313 -0.70301146 -1.03268775
  -0.18490364 -0.84055817  0.27294526  0.91773534 -0.71108506 -0.58611158]
 [ 0.21086388  0.22040361 -1.44325446  0.10137846  0.59158901 -0.59572773
   0.81166744  0.28474139 -1.08571958 -0.3970762   0.62441827  0.4765149 ]
 [ 0.39461807  0.93028676  0.20111317  1.2247843  -0.35341559  0.7885665
  -0.94390624  0.83241867 -0.18992608  0.18119721  0.59420579  0.44101797]
 [-0.93821271 -0.77784265  0.30257576 -0.92528608 -0.45337231  1.28609187
   0.455519   -0.41113155  0.40392089 -0.05726968 -0.58138527  0.8847844 ]
 [-1.15533965  0.6404984  -0.85427013  0.47306749  0.08668329  0.02642829
  -0.66613662  0.60977412 -0.22164795  1.02604956 -1.40648566  0.19654965]
 [-0.05965073  0.812528   -0.63541803  0.83641487  0.72985209 -0.89257471
   0.72245148 -0.11879046  1.28352678  0.10333234  0.53171413  0.25906901]
 [-0.50591009 -0.44655055 -1.63583125  0.0951229  -0.4005922  -0.52107603
   0.41906287 -0.63258304 -0.49911705 -0.54488927 -0.56635901 -0.71148737]
 [ 0.31014339 -1.36365604  0.69652184  0.69555191  0.35773241 -0.04804492
   0.16878534 -0.82295544 -0.4292525  -0.21852213  1.02558636  0.13088502]
 [ 0.66725689 -0.25153022 -0.05204857 -1.04461934 -0.0715299  -0.25528898
   1.11967334 -0.07027694  0.16957089  1.13243883  0.13318186  0.44677623]
 [ 1.24215308 -0.24846524 -0.76563405 -0.23095215 -0.09841639 -0.13300276
  -0.64268066  0.4484214   0.09936396 -0.60063462  0.51604422 -0.0309074 ]
 [-0.34824951  0.87904769 -0.37556581  1.33056233  0.6126319  -0.6189105
   0.37461104 -0.19531513  0.21450993  0.70862181  0.62363829  0.1972966 ]
 [ 1.05571452  0.69507599 -0.36258851  0.02059182  0.7462266   0.94817113
  -0.29387386  0.11452152 -0.13989911 -0.13010931  0.56185195 -0.04685961]
 [ 0.93793992 -0.10481892  0.25573681 -0.21974046 -0.49243965  0.06916751
  -0.14959784  0.86566245 -0.67639578 -0.71294373 -0.94651165 -0.31787491]
 [ 0.12497374  0.9421568   1.27768563  0.87193587 -0.23471679  0.1052262
   0.00958623 -0.82170988 -0.07776166  1.09418705 -0.67744472  0.17532297]],[[-5.08325853e-01  8.46878178e-02 -5.85831781e-01  1.01342155e+00
   7.20098948e-03  1.43112324e+00 -7.42442305e-01]
 [ 1.00117795e+00 -3.01522137e-01 -5.60850063e-01 -1.78700741e+00
   1.09457550e+00  9.24901573e-01 -2.10410207e-02]
 [-2.27992497e+00  7.12253361e-01  5.90335406e-01 -2.12376989e-01
   1.11433191e+00 -4.74094678e-01  3.83161882e-01]
 [-8.14579356e-01 -9.71627736e-01  1.05196902e-01  5.65413650e-01
  -9.82506668e-01  2.23438679e-01  1.30712706e+00]
 [-5.28311065e-01 -1.03969200e+00  4.34496960e-01  1.19688358e+00
   5.68550260e-01  7.52658694e-01 -1.53746086e+00]
 [-2.34355586e-04  4.18301004e-01 -9.14844301e-01 -9.53274855e-01
  -6.88244976e-01 -9.77407240e-01  5.05363845e-02]
 [ 1.27914625e+00 -1.17139309e+00  1.07077533e+00 -5.58502079e-01
   3.81471020e-01  1.60777465e+00  2.02515200e-01]
 [ 4.04097432e-01 -6.48527468e-01 -1.35452569e-01  9.53158695e-01
  -8.06906580e-01  4.86903543e-01  5.07221266e-01]
 [-4.12375373e-01 -5.19933055e-01 -6.16002577e-01  8.86907742e-01
  -1.11117795e+00 -4.98290718e-01 -6.68679217e-01]
 [-5.63787233e-01 -9.91188726e-01 -1.04692836e+00  1.00007162e-01
   1.95943579e-01 -1.53879952e+00 -9.04839815e-02]
 [-1.36514221e+00 -1.29837364e-01 -2.75258078e-01  1.43703405e-01
  -1.26943088e+00 -1.46354665e+00  2.25263551e-01]
 [ 5.70379909e-01 -1.52673417e+00 -9.31770587e-01 -8.68278508e-01
  -5.41228308e-02  1.50629933e+00  7.94130132e-01]]