[[ 1.31357113 -0.15781823  0.32123436 -1.57280952 -0.49586782  0.07525248
   0.73722097 -1.12247997  0.60610678  1.00891812 -1.37671879  0.59158366]
 [ 0.28396644 -0.47595711  1.14938971 -0.03503607 -0.27720222  0.41830404
   0.40292165  0.66677887  0.59521139 -1.00629048 -0.81815408  0.53546696]
 [ 0.00691934  0.65375896 -0.19451587 -0.10583901  0.45839628 -0.54649111
  -0.84693092 -0.26508607 -0.03974191 -0.96988069 -1.17344728 -0.88631274]
 [-0.60229363 -0.79829309  0.3006141  -0.11156289  0.30680087  1.18775803
  -0.13491541  1.10053325  0.83249504  0.17673014  0.79233905 -0.92192036]
 [ 1.03653928 -0.69965525 -0.02381632 -0.41250086  0.13454871 -0.11066362
   0.08114065  0.1420948  -0.18947235 -0.10361177 -0.04208963  0.12842806]
 [ 0.30460694 -0.2930427   0.96830911  0.14303313 -0.70301146 -1.03268775
  -0.30192755 -0.84055817  0.27294526  0.85214497 -1.11152055 -0.58611158]
 [ 0.21086388 -0.04096757 -1.44325446 -0.20408557  0.94392063 -0.59572773
   0.81166744  0.28474139 -1.08571958 -0.3970762   0.67921922  0.4765149 ]
 [ 0.39461807  0.93028676  0.39054636  1.2247843  -0.35341559  0.7885665
  -1.26671788  0.44518083 -0.40133321  0.18119721  0.59420579  0.04629369]
 [-1.03089466 -0.77784265  0.30257576 -0.56141454 -0.45337231  1.34562293
   0.50334315 -0.41113155  0.40392089 -0.02557933 -0.48769892  0.8847844 ]
 [-1.15533965  0.52217824 -0.50653665  0.47306749  0.08668329  0.02642829
  -0.66613662  0.3085478  -0.07395148  1.02604956 -0.99691536  0.19654965]
 [-0.05965073  0.812528   -0.79232823  0.83641487  1.18649092 -0.89257471
   0.72245148 -0.11879046  1.37900792  0.10333234  0.8598331   0.66938232]
 [-0.50591009 -0.79129187 -1.63583125  0.0951229  -0.4005922  -0.52107603
  -0.08352792 -0.63258304 -0.49911705 -0.95783798 -0.56635901 -0.71148737]
 [ 0.31014339 -1.36365604  0.24464683  1.09968596  0.35773241 -0.04804492
   0.16878534 -0.39154289 -0.4292525  -0.21852213  1.02558636  0.13088502]
 [ 1.13837269 -0.25153022 -0.05204857 -1.04461934 -0.0715299  -0.25528898
   1.11967334 -0.07027694  0.16957089  1.13243883  0.40011605  0.14402987]
 [ 1.24215308 -0.32449211 -0.28798963 -0.23095215 -0.09841639 -0.13300276
  -0.64268066  0.4484214   0.09936396 -0.60063462  0.5411383  -0.0309074 ]
 [-0.34824951  0.87904769 -0.37556581  1.33056233  0.6126319  -0.6189105
   0.37461104 -0.19531513  0.21450993  0.70862181  0.66083464  0.30384286]
 [ 0.86565979  0.69507599 -0.36258851 -0.21374446  1.22221292  0.86497987
  -0.19288535  0.11452152 -0.13989911 -0.13010931  0.56185195 -0.04685961]
 [ 1.36726947  0.15246076  0.25573681 -0.21974046 -0.49243965  0.06916751
  -0.35299128  0.86566245 -0.67639578 -0.71294373 -0.94651165 -0.75001013]
 [ 0.17407311  0.9421568   1.27768563  1.0791284  -0.23471679  0.48265465
   0.00958623 -0.82170988 -0.17738589  1.09418705 -0.67744472  0.17532297]],[[-0.70995132  0.08468782 -0.64576239  1.01342155  0.00720099  1.43112324
   0.29765497]
 [ 0.95104527 -0.30152214 -0.56471065 -1.74633225  0.74140088  0.67295558
  -0.02104102]
 [-1.82076144  0.05403172  0.59033541 -0.21237699  1.09206975  0.02841975
   0.49230495]
 [-0.84453102 -0.97162774  0.23265345  0.59414089 -1.22715655  0.564497
   1.87353703]
 [-0.52154176 -1.06149188  0.43449696  1.18723186  0.48690264  0.93267987
  -1.53746086]
 [-0.05845792  0.418301   -1.18401563 -0.95327486 -1.40038248 -1.23170142
   0.05053638]
 [ 1.27914625 -0.96374345  0.55592694 -0.55850208 -0.56156767  1.64821957
   0.13684708]
 [ 0.00703248 -1.11359959 -0.13545257  1.05945536 -1.21534788  0.48690354
   0.06773036]
 [-0.41237537 -0.51993305 -0.33214118  0.88690774 -1.11117795 -0.49829072
  -0.79490883]
 [-0.33307652 -0.99118873 -0.77182671 -0.16728913 -0.092068   -1.53879952
  -0.17041124]
 [-0.85655036 -0.1528209  -0.15159426 -0.51594958 -0.98246266 -1.46354665
   0.46083972]
 [ 0.99290354 -0.59836732 -0.58202062 -0.60057352  0.64328962  1.12562451
   0.79413013]]