[[ 0.79456327  0.16224873  0.73878661 -0.38415183 -0.49586782  0.25023644
   0.95954071 -0.6751115   0.4017367   0.59621975 -1.31225184  0.59158366]
 [ 0.28396644 -0.47595711  0.49904729  0.03178156 -0.27720222  0.35546305
   0.54818275  0.66677887  0.59197275 -0.65253202 -0.81815408  0.53546696]
 [ 0.47464788  0.65375896 -0.14475995 -0.13658821  0.61369534 -0.54819827
  -0.69917215 -0.51590095  0.58000681 -0.96988069 -0.63295469 -0.88631274]
 [-0.19306631 -0.79829309  0.69089642 -0.11156289  0.30680087  0.76412958
  -0.13491541  0.82698153  0.88445556  0.17673014  0.79233905 -0.57388243]
 [ 1.16682282 -1.06011741 -0.02381632 -0.41250086  0.3485969  -0.11066362
  -0.37283723  0.1420948   0.46189551 -0.10361177 -0.04208963  0.12842806]
 [ 0.7089593  -0.20457496  0.6822517   0.14303313 -0.31557106 -1.19951988
  -0.18490364 -1.33546863 -0.03840904  0.66159588 -0.96554449 -0.40046771]
 [ 0.23503891 -0.03216273 -1.44325446  0.10137846  0.94392063 -0.59572773
   0.81166744  0.14114954 -1.08571958 -0.27148115  1.02980806  0.4765149 ]
 [ 0.39461807  0.93028676  0.13787393  0.75957722  0.46628198  0.7885665
  -0.68611143  0.83241867 -0.40133321  0.18119721  0.59420579  0.04629369]
 [-0.60881712 -1.27541826  0.30257576 -1.36421227 -1.09882924  1.14741493
  -0.66517748 -0.01814861  0.40392089 -0.46152618 -0.34459518  0.8847844 ]
 [-1.15533965  0.95734619 -0.50653665  0.80875609  0.08668329  0.02642829
  -0.66613662 -0.01501914 -0.07395148  1.02604956 -0.99691536  0.19654965]
 [-0.29317635  0.66607609 -0.79232823  0.79607481  0.24817459 -0.89257471
   0.72245148 -0.11879046  0.88897324  0.10333234  0.8598331   0.45912704]
 [-0.50591009 -0.44655055 -1.63583125  0.0951229  -0.37150024 -0.52107603
  -0.5221817  -1.45374317 -0.03930351 -0.95783798 -0.54393439 -0.93156614]
 [ 0.60890195 -1.36365604 -0.14972193  1.00837217  0.35773241 -0.11151993
   0.19792864 -0.82295544 -0.69110838 -0.53515299  1.02558636  0.13735389]
 [ 0.43626331 -0.71837301 -0.05204857 -1.04461934  0.1098376  -0.25528898
   0.57685853 -0.08207741  0.16957089  1.30220279 -0.05994694  0.37630485]
 [ 1.24215308 -0.32449211  0.18099783 -1.35125524 -0.09841639 -0.53791007
  -0.98827229  0.40982006  0.09936396 -0.2388067   0.51604422  0.0929443 ]
 [-0.34824951  0.36198515  0.0492162   1.33056233  0.6126319  -0.6189105
   0.15840403  0.13131667  0.21450993  0.70862181 -0.18044018  0.53403672]
 [ 0.86565979  0.86772976 -0.36258851 -0.04849446  0.7462266   0.73170703
  -0.19288535  0.56601637 -0.04144337 -0.01711023  0.56185195 -0.4725731 ]
 [ 0.98975253 -0.16990302  0.25573681 -0.21974046 -1.23155017  0.06916751
  -0.35299128  0.56639105 -0.67639578 -0.86344365 -0.9424195  -1.13128021]
 [ 0.17407311  0.9421568   1.26673417  0.8289276  -0.23471679  0.1052262
  -0.41660744 -0.82170988 -0.42404271  1.40722122 -0.48496914  0.17532297]],[[-0.22179328 -0.09759033 -0.05261809  1.01342155  0.20804916  1.34640643
   0.70458379]
 [ 0.74628647  0.19672927 -0.7302741  -1.11628975  1.57490862  0.26161312
  -0.02104102]
 [-1.64920922  0.43907005  0.93092831  0.05744615  1.18692533  0.02841975
   0.96462824]
 [-0.83465895 -0.91652015  0.53918043  0.59414089 -1.37031108  0.86780605
   1.78720989]
 [ 0.31824618 -1.51608149  0.39448582  1.07076421 -0.11778967  0.46544733
  -1.53746086]
 [ 0.18880058  0.2980633  -0.77028812 -0.65950094 -0.84187293 -1.27232651
   0.04735286]
 [ 1.27914625 -1.3321604   1.07077533 -0.67701807 -0.72571933  1.58924272
   0.09776906]
 [ 0.01319041 -1.73538228 -0.14726283  0.56486481  0.12798665  0.7514308
   0.54608519]
 [-0.10217915 -0.48409552 -0.33214118  0.971198   -0.71061437  0.12571793
  -0.83253492]
 [-0.81877028 -1.46794447 -0.22388907 -0.32849984  0.79206032 -0.71055868
  -0.12755779]
 [-1.13246053  0.20648897  0.00785159 -0.28828344 -0.24574267 -2.17799867
   1.59263697]
 [ 1.09258148 -1.2463978  -0.57382239 -0.87946764 -0.55843551  1.62658016
   1.48359136]]