[[ 1.31357113  0.16224873  0.32123436 -0.77950873 -0.49586782  0.07525248
   0.73722097 -0.67140686  0.4017367   0.56678597 -1.41960141  0.8803398 ]
 [ 0.28396644 -0.47595711  1.14938971  0.31774721 -0.27720222  0.73841971
   0.40292165  0.66677887  1.00328734 -1.00629048 -0.64186873  0.53546696]
 [ 0.47464788  0.65375896 -0.19451587 -0.10583901  0.45839628 -0.54819827
  -0.69917215 -0.51590095 -0.03974191 -1.14989621 -1.17344728 -0.88631274]
 [-0.65254757 -0.79829309  0.05587875 -0.11156289  0.5989515   1.18775803
  -0.13491541  1.10053325  0.83249504  0.17673014  0.79233905 -0.57388243]
 [ 1.03653928 -0.69965525 -0.02381632 -0.41250086  0.13454871 -0.11066362
   0.08114065  0.1420948  -0.18947235 -0.10361177 -0.04208963  0.12842806]
 [ 0.42518678 -0.2930427   0.96830911  0.14303313 -0.70301146 -1.03268775
  -0.18490364 -0.84055817  0.6634961   0.78610673 -0.71108506 -0.58611158]
 [ 0.21086388 -0.12037832 -1.44325446  0.10137846  0.94392063 -0.59572773
   0.81166744  0.61464791 -1.08571958 -0.3970762   1.01498264  0.85626362]
 [ 0.39461807  1.18202462  0.34688411  1.2247843  -0.35341559  0.7885665
  -0.94390624  0.83241867 -0.40133321  0.18119721  0.59420579  0.04629369]
 [-0.93821271 -0.77784265  0.30257576 -0.92528608 -0.73753577  1.34562293
  -0.09117185 -0.41113155  0.40392089 -0.02557933 -0.48769892  0.8847844 ]
 [-1.15533965  0.6404984  -0.50653665  0.47306749  0.08668329  0.36628875
  -0.66613662  0.91625213 -0.07395148  1.02604956 -0.99691536  0.44360313]
 [-0.05965073  0.812528   -0.56225429  0.59552135  0.72985209 -0.89257471
   0.72245148 -0.11879046  1.44497751  0.10333234  0.8598331  -0.22437262]
 [-0.80698052 -0.44655055 -1.63583125  0.0951229  -0.4005922  -0.7767569
   0.11807871 -0.72223587 -0.49911705 -0.54488927 -0.56635901 -0.71148737]
 [ 0.31014339 -1.36365604  0.24464683  0.93818307  0.35773241 -0.04804492
   0.16878534 -0.82295544 -0.4292525  -0.21852213  1.02558636 -0.11131725]
 [ 0.66725689 -0.25153022 -0.05204857 -1.35502009 -0.0715299  -0.25528898
   1.11967334  0.05394692  0.07124631  0.72138296  0.13318186  0.37630485]
 [ 1.24215308 -0.24846524 -0.04969003 -0.23095215 -0.09841639 -0.20313889
  -0.64268066  0.4484214   0.41661808 -0.98661774  0.51604422 -0.0309074 ]
 [-0.34824951  0.57368899 -0.37556581  0.56933173  0.6126319  -0.6189105
   0.37461104 -0.35061731  0.21450993  0.37884462  0.28276181  0.1972966 ]
 [ 0.86565979  0.69507599 -0.36258851  0.02059182  0.7462266   0.86497987
   0.18521259  0.11452152 -0.13989911 -0.13010931  0.56185195 -0.04685961]
 [ 0.93793992  0.15246076  0.25573681 -0.21974046 -0.49243965 -0.1012603
  -0.14959784  0.86566245 -0.67639578 -0.71294373 -0.6945417  -0.81382836]
 [ 0.17407311  0.9421568   1.27768563  0.8289276  -0.23471679  0.1052262
   0.00958623 -0.82170988 -0.07776166  1.09418705 -0.67744472  0.17532297]],[[-0.73234836  0.04301119 -0.51706209  0.56615812 -0.15168738  1.43112324
   0.16983005]
 [ 0.78752186 -0.02126704 -0.56471065 -1.51002799  1.8489032   0.92490157
  -0.38292418]
 [-2.20706424  0.35565817  0.59033541 -0.34349142  1.11433191  0.02841975
   0.98650188]
 [-0.83465895 -0.97162774  0.0833729   0.27818449 -0.98250667 -0.13450306
   1.33459216]
 [-0.92517749 -1.039692    0.80276845  0.80237426  0.82462722  0.812348
  -1.53746086]
 [-0.14393047  0.418301   -0.9253588  -0.95327486 -0.98993999 -1.31928184
   0.05053638]
 [ 1.26313679 -1.10988308  1.07077533 -0.55850208 -0.58478964  1.64821957
   0.40790769]
 [ 0.40409743 -0.90601485 -1.05222407  1.05945536 -1.23516875  0.48690354
   0.50722127]
 [-0.23922789 -0.65259154 -0.33214118  1.28442211 -1.42699719 -0.49829072
  -0.88998676]
 [-0.56378723 -0.99118873 -0.77182671 -0.31360628  0.19594358 -1.53879952
  -0.09048398]
 [-1.53650514 -0.06935682  0.20208783 -0.28828344 -1.06143189 -0.67991533
   0.22526355]
 [ 0.57037991 -0.75297948 -0.34155739 -0.86827851 -0.39743217  1.08861743
   1.0742932 ]]