[[ 1.16691415 -0.21556923  0.41818505  0.43829412 -0.7428609   0.36298476
   0.10111313 -1.03059578  1.01878923 -0.87473951 -0.74678276  0.37031517]
 [ 0.06011747 -1.09853084  1.95932449 -0.428816   -0.7667845  -0.29746259
   0.09380906  0.99097781 -0.43511471 -0.11477753 -1.09731999  0.6581227 ]
 [ 0.55273514  0.65375896  0.07208178  0.22901996  0.69995441 -0.63339747
  -0.59273964 -0.41237372  0.39744025 -0.22095055 -0.95740107 -0.09474752]
 [-0.84943754 -0.22824111 -0.66670445 -0.1483069   0.04047801  0.19780016
   0.13972473  1.33716254  0.7042267   0.21799943  0.39280048 -0.78223942]
 [ 1.06203664  0.15498953 -0.09015985 -0.11510383 -0.43524742 -0.81514199
   0.2405936   0.03529009  0.48688022 -0.33890987 -0.11211926 -0.20756375]
 [ 0.43929018  0.02912883  1.43162875  0.07790489 -0.90625391 -0.49156521
  -0.40796245 -0.61018703 -0.81357318  0.62260188 -0.48142861  0.18564484]
 [ 0.30409917  0.12896682 -0.14937672 -0.31918654  1.11257013 -0.12940611
   1.30267341 -0.02972021 -1.11300253  0.0168283   0.98213416 -0.10654306]
 [ 0.56187769  0.04245725  0.13787393  1.21385535  0.78380409  0.7885665
  -0.77849735  1.17082906 -1.07573448 -0.62844333  1.18549987  0.04091052]
 [-0.16219288 -0.77784265  0.31137223 -0.27098858 -0.46389503  0.49517666
   0.10980234  0.41621682 -0.15663739 -0.06704463 -0.71152     0.63305734]
 [-1.22476098 -0.0081386  -0.4232916   0.75077234 -0.367711   -0.38387309
  -0.30709457 -0.56008086 -0.32820153  0.77259829 -1.42672377  0.60786127]
 [-0.49182399  0.66607609 -0.94250356  0.60027309 -0.23879985 -0.38662117
  -0.07714655 -0.01668261  0.88897324 -0.22859361  0.91592176  0.31443062]
 [-0.00596289 -0.44655055 -1.02360684 -0.03620378 -0.86658699 -0.61430768
  -0.5221817  -0.96901934  0.00755258 -0.64909669 -0.76303393 -0.44179532]
 [ 0.95324601 -1.0478911  -0.40546335  0.69555191  0.1217632   0.27582137
   0.8713839  -0.61130492 -0.94958635 -0.65164528  0.71659537 -0.16289749]
 [ 0.02236777 -0.25153022  0.49749257 -0.84978039  0.1098376  -1.0097493
   1.12457158 -0.30400455  0.65045193  0.25647925  0.70164002 -0.39940999]
 [ 0.85034204  0.40338885 -0.13060058 -0.72621238 -0.39682028 -0.30630872
  -0.55511354  1.08965484 -0.07100548 -0.7819812   0.45480166 -0.00487894]
 [-1.08401527  1.01627902 -0.36113319  0.88046093  0.6126319  -0.16561678
  -0.23375326 -0.21188581  0.31619626  0.88452071  0.02333311  0.1972966 ]
 [ 0.14834599  0.04784413 -0.61109859 -0.34096194  0.50552563  1.24232071
  -0.28407773  0.11452152  0.71486728 -0.39035061  1.12417274 -0.70994713]
 [ 0.78721555  0.15246076  0.25649367 -0.56129955 -0.49243965 -0.96591657
   0.14506629  0.86566245 -0.73859593 -0.2924282  -1.54925423 -0.81382836]
 [-0.31377527  1.57542084  1.28593636  0.61115477 -0.69006129  0.47972392
  -0.09749487 -0.34846397 -0.42404271  0.9417127  -0.40439341 -0.23049473]],[[-0.33069065 -0.33271826  0.10112702  0.09040792  0.70956155  0.53314808
  -0.13172936]
 [ 1.05976036  0.43051377 -0.24499773 -1.32755981  1.4556591  -0.86017256
  -1.21118341]
 [-1.0833388   0.11898159  0.37362345  0.85023153  1.04198666  0.36443474
   1.16178609]
 [-0.79275142  0.69339024 -0.12142898 -0.10458104 -0.25233969 -0.31141741
  -0.3155239 ]
 [-0.73915973 -0.95691163  0.84239011 -0.07310856 -0.01796816  1.34896392
  -0.12445681]
 [-0.27149417  2.255087   -0.461636   -1.82992252 -1.59190842 -0.93898198
   0.0908815 ]
 [-0.21584154 -0.2641281   0.92315234 -2.07393263  0.24525223  0.28705804
   1.269105  ]
 [-0.43486961 -0.52137687 -0.9754923  -0.30448547 -1.0359797   2.02711778
   1.45696598]
 [ 1.05415488  0.02624366  0.10941155  0.22439127 -1.74744621 -0.22642836
  -0.95143279]
 [-0.09695756  0.28804407  0.1850884  -0.03359092  1.04149441 -1.07520588
  -1.01656128]
 [-0.61141304  0.68769179  0.36967192  1.33104113 -1.41036522 -1.68227016
   1.15566073]
 [ 1.11154018 -1.09640638 -0.80801997 -2.16538749 -0.77783468 -0.0152234
   0.13554104]]