[[ 1.31357113  0.16224873 -0.01261942 -0.33280192 -0.49586782  0.07525248
   0.73722097 -1.14762939  0.4017367   0.56678597 -1.41960141  0.59158366]
 [ 0.28396644 -0.47595711  1.14938971  0.31774721 -0.27720222  0.08038509
   0.40292165  0.66677887  0.59521139 -1.00629048 -0.76917906  0.53546696]
 [ 0.47464788  0.63552619 -0.19451587 -0.10583901  0.45839628 -0.54819827
  -0.69917215 -0.56011006  0.43291223 -0.893604   -1.17344728 -0.88631274]
 [-0.37630335 -0.79829309  0.75182267 -0.11156289  0.30680087  0.70894189
  -0.13491541  1.10053325  0.83249504  0.17673014  0.79233905 -0.57388243]
 [ 1.03653928 -0.69965525  0.27009115 -0.41250086  0.13454871 -0.11066362
   0.08114065  0.1420948  -0.18947235 -0.10361177 -0.04208963  0.12842806]
 [ 0.42518678 -0.2930427   1.15037722 -0.3485686  -0.70301146 -1.03268775
  -0.18490364 -0.84055817  0.27294526  1.37634832 -0.71108506 -0.58611158]
 [ 0.21086388 -0.12037832 -1.44325446  0.10137846  0.94392063 -0.59572773
   0.87570247  0.28474139 -1.08571958 -0.53197817  0.62441827  0.4765149 ]
 [ 0.39461807  0.93028676  0.39054636  1.2247843  -0.35341559  0.7885665
  -0.78886641  0.73022498 -0.40133321  0.42329557  0.66030243  0.04629369]
 [-0.93821271 -1.12316419  0.45875138 -0.92528608 -0.45337231  1.34562293
  -0.00415549 -0.51022334  0.40392089 -0.72585699 -0.03056589  1.29670683]
 [-1.15533965  0.443715   -0.50653665  0.47306749  0.08668329  0.02642829
  -0.66613662  0.43020808 -0.12829431  1.02604956 -0.99691536  0.19654965]
 [-0.04722836  0.812528   -0.63541803  0.83641487  0.72985209 -0.89257471
   0.72245148 -0.11879046  1.28352678  0.10333234  0.99242292  0.25906901]
 [-0.50591009 -0.44655055 -1.83963603  0.0951229  -0.4005922  -0.52107603
  -0.08352792 -0.65245165 -0.49911705 -0.54488927 -0.56635901 -0.71148737]
 [ 0.37407766 -1.36365604  0.24464683  0.97963149  0.0741991   0.75212318
   0.16878534 -0.82295544 -0.4292525  -0.21852213  1.02558636  0.13088502]
 [ 0.66725689 -0.25153022 -0.05204857 -1.09224286 -0.0715299  -0.56021391
   1.11967334 -0.07027694  0.12241305  1.13243883  0.13318186  0.37630485]
 [ 1.24215308 -0.24846524 -0.28798963 -0.23095215 -0.09841639  0.10170283
  -0.64268066  0.4484214   0.09936396 -0.60063462  0.51604422 -0.0309074 ]
 [-0.44109131  0.87904769 -0.83410842  1.33056233  0.2155574  -0.6189105
   0.37461104  0.21346252  0.08491144  0.70862181  0.28276181  0.1972966 ]
 [ 0.86565979  0.69507599 -0.36258851  0.02059182  0.7462266   0.86497987
  -0.19288535  0.11452152 -0.13989911 -0.13010931  0.87413918 -0.04685961]
 [ 0.93793992  0.15246076  0.25573681 -0.21974046 -0.49243965  0.06916751
  -0.14959784  0.86566245 -0.67639578 -0.40362832 -0.94651165 -0.84323526]
 [ 0.17407311  1.28285032  1.27768563  0.8289276  -0.23471679  0.1052262
   0.00958623 -0.82170988 -0.07776166  1.09418705 -0.67744472 -0.24292765]],[[-7.32348362e-01 -8.94287925e-02 -5.17062092e-01  1.01342155e+00
   1.92155849e-01  9.04657937e-01  3.73235215e-01]
 [ 1.35398515e+00 -9.07941461e-02 -5.96120600e-01 -1.60946430e+00
   1.09457550e+00  1.26596728e+00 -4.77572380e-01]
 [-1.82076144e+00  3.55658172e-01  4.64666725e-01 -2.12376989e-01
   1.11433191e+00  2.84197491e-02  1.97526342e-01]
 [-8.34658947e-01 -1.32543843e+00  1.05196902e-01  8.03878328e-01
  -5.45332738e-01 -6.47210205e-02  1.30712706e+00]
 [-5.21541762e-01 -1.22647014e+00  6.51863419e-01  1.19688358e+00
   3.26311745e-01  8.73588639e-01 -1.53746086e+00]
 [-2.65033319e-01  4.18301004e-01 -1.13314620e+00 -1.19935185e+00
  -8.47288546e-01 -1.17647469e+00 -1.77310628e-01]
 [ 1.56107855e+00 -9.78136814e-01  1.07077533e+00 -5.58502079e-01
  -1.03413491e+00  1.64821957e+00  4.07907694e-01]
 [ 1.56949618e-01 -6.48527468e-01 -1.35452569e-01  1.05945536e+00
  -1.26387207e+00  1.49928750e-01  5.07221266e-01]
 [-5.96185673e-01 -4.53594696e-01 -3.32141182e-01  7.62938738e-01
  -1.11117795e+00 -1.46553082e+00 -4.67843147e-01]
 [-1.78991097e-01 -1.17482015e+00 -4.80585038e-01 -3.13606280e-01
   1.95943579e-01 -1.69679872e+00 -9.04839815e-02]
 [-1.47600165e+00 -6.40164761e-04  4.63151743e-01 -2.88283443e-01
  -9.82462658e-01 -1.61523725e+00  2.25263551e-01]
 [ 5.70379909e-01 -1.24639780e+00 -6.47387848e-01 -8.68278508e-01
  -3.72850637e-01  1.04086392e+00  7.94130132e-01]]