[[ 0.79456327  0.16224873  0.73878661 -0.38415183 -0.49586782  0.25023644
   0.73722097 -0.65478412  0.4017367   0.59621975 -1.31225184  0.57574554]
 [ 0.28396644 -0.47595711  0.78509039  0.03178156 -0.27720222  0.35546305
   0.54818275  0.66677887  0.59197275 -0.65253202 -0.81815408  0.53546696]
 [ 0.47464788  0.65375896 -0.14475995 -0.03734651  0.61369534 -0.54819827
  -0.69917215 -0.51590095  0.58000681 -0.96988069 -0.26622298 -0.88631274]
 [-0.60229363 -0.79829309  0.69089642 -0.11156289  0.30680087  0.76412958
  -0.13491541  0.82698153  0.88445556  0.17673014  0.79233905 -0.57388243]
 [ 1.03653928 -1.06011741 -0.02381632 -0.41250086  0.3485969  -0.11066362
  -0.37283723  0.1420948   0.46189551 -0.10361177 -0.04208963  0.12842806]
 [ 0.7089593   0.20399228  0.6822517   0.14303313 -0.31557106 -1.19951988
  -0.24280193 -1.33546863 -0.03840904  0.66159588 -0.96554449 -0.40046771]
 [ 0.23503891 -0.03216273 -1.44325446  0.10137846  0.94392063 -0.59572773
   0.81166744  0.23031342 -1.08571958 -0.27148115  1.02980806  0.4765149 ]
 [ 0.39461807  0.93028676  0.13787393  1.2247843   0.46628198  0.7885665
  -0.68611143  0.83241867 -0.40133321  0.18119721  0.59420579  0.04629369]
 [-0.77093609 -1.27541826  0.30257576 -1.36421227 -1.09882924  1.2437952
  -0.66517748 -0.01814861  0.40392089 -0.05201361 -0.34459518  0.8847844 ]
 [-1.14166154  0.95734619 -0.41331742  0.80875609  0.08668329 -0.0701544
  -0.66613662  0.16534858 -0.07395148  1.02604956 -0.63507656  0.19654965]
 [-0.29317635  0.66607609 -0.79232823  1.0834485   0.24817459 -0.89257471
   0.72245148 -0.11879046  0.88897324  0.10333234  0.8598331   0.45912704]
 [-0.50591009 -0.06448027 -1.99373106  0.0951229  -0.37150024 -0.52107603
  -0.5221817  -1.45374317 -0.03930351 -0.95783798 -0.54393439 -0.93156614]
 [ 0.60890195 -1.36365604 -0.14972193  1.00837217  0.35773241 -0.11151993
   0.19792864 -0.82295544 -0.69110838 -0.53515299  1.02558636 -0.19036926]
 [ 0.40922814 -0.71837301 -0.05204857 -1.04461934 -0.11316787 -0.25528898
   0.69187552  0.15001983  0.16957089  1.30220279 -0.05994694  0.37630485]
 [ 1.24215308 -0.32449211  0.18099783 -1.35125524 -0.09841639 -0.61269748
  -0.98827229  0.40982006  0.09936396 -0.5284229   0.51604422  0.0929443 ]
 [-0.38562706  0.36198515  0.0492162   0.96840349  0.6126319  -0.6189105
   0.15840403  0.13131667  0.21450993  0.70862181  0.28276181  0.53403672]
 [ 0.86565979  0.77268885  0.04251563  0.02059182  0.7462266   0.73170703
  -0.3333547   0.11452152 -0.04144337 -0.13010931  0.56185195 -0.4725731 ]
 [ 0.98975253 -0.16990302  0.25573681 -0.21974046 -1.23155017  0.06916751
  -0.35299128  0.56639105 -0.67639578 -0.86344365 -0.9424195  -1.13128021]
 [-0.20137275  0.9421568   0.96098932  0.8289276  -0.23471679  0.1052262
   0.0182613  -0.82170988 -0.42404271  1.09418705 -0.60206151  0.17532297]],[[-0.39000926 -0.22202218 -0.05261809  1.01342155  0.20804916  0.82884831
   0.70458379]
 [ 0.48244248 -0.27617711 -0.7302741  -0.97422136  1.57490862  0.26161312
  -0.02104102]
 [-1.64920922  0.43907005  0.81772833  0.41696181  1.2997247   0.02841975
   0.96462824]
 [-0.83465895 -0.91652015  0.53918043  0.11006909 -1.37031108  0.86780605
   0.52475053]
 [ 0.26974317 -0.97960291  0.39448582  1.07076421 -0.11778967  0.46544733
  -1.53746086]
 [ 0.15254278  0.5782538  -0.5646203  -0.96440692 -0.84187293 -1.27232651
   0.03303071]
 [ 1.27914625 -1.44212402  0.90664024 -0.67701807 -0.72571933  1.58924272
   0.09776906]
 [ 0.01319041 -1.73538228 -0.14726283  0.70914717 -0.41460892  0.6805285
   0.54608519]
 [ 0.77677139 -0.48409552 -0.33214118  0.971198   -0.71061437 -0.18589076
  -0.83253492]
 [-0.81877028 -1.07471328 -0.59379361 -0.79195359  0.79206032 -0.71055868
  -0.12755779]
 [-1.13246053 -0.74835229  0.00785159 -0.28828344 -0.24574267 -1.71740635
   1.47564767]
 [ 1.09258148 -1.2463978  -0.42029358 -0.80453459 -0.55843551  1.62658016
   1.48359136]]