[[ 9.24257093e-01  1.62248730e-01  3.21234360e-01 -2.66212957e-01
  -4.95867816e-01  7.94843522e-02  7.37220973e-01 -6.54784116e-01
   4.01736697e-01  3.17280008e-01 -1.48630546e+00  1.41975864e-01]
 [ 2.83966443e-01 -6.82653165e-01  1.14938971e+00  3.17815570e-02
  -2.77202219e-01  4.18304041e-01  5.48182753e-01  6.66778870e-01
   7.14996340e-01 -1.99248216e-01 -8.18154084e-01  5.35466960e-01]
 [ 4.74647879e-01  6.53758962e-01 -1.94515867e-01 -1.05839008e-01
   7.29357996e-01 -5.48198269e-01 -6.99172152e-01 -1.01700235e-01
  -3.97419147e-02 -9.69880686e-01 -9.21305257e-01 -5.95891544e-01]
 [-6.02293632e-01 -7.98293088e-01 -4.11098821e-01 -1.22442581e-04
   4.89598488e-01  4.00914907e-01 -1.34915414e-01  1.10053325e+00
   8.84455559e-01  2.23740748e-01  7.92339047e-01 -5.73882430e-01]
 [ 7.11725514e-01 -6.99655251e-01  3.00880788e-01 -8.23637839e-01
  -5.65646021e-02 -1.10663624e-01  8.11406488e-02 -1.76898798e-01
   6.20743023e-02 -4.54878869e-01 -2.07583345e-02  1.28428056e-01]
 [ 4.25186783e-01 -2.93042700e-01  6.36128275e-01  1.43033130e-01
   4.74462541e-03 -1.03268775e+00 -1.84903636e-01 -5.56076923e-01
  -1.50412949e-01  1.08716325e+00  7.63289285e-03  8.09425387e-02]
 [ 5.31191961e-01 -2.48015141e-01 -1.05708372e+00  1.01378458e-01
   1.04761871e+00 -5.95727728e-01  8.36784485e-01  1.41149540e-01
  -7.38603116e-01 -3.97076200e-01  7.81888635e-01  1.13333512e+00]
 [ 3.94618075e-01  9.30286756e-01  1.37873933e-01  1.22478430e+00
   7.51382515e-01  7.88566497e-01 -9.43906236e-01  1.23651788e+00
  -4.01333214e-01  4.40828210e-01  6.90780133e-01  5.11438746e-02]
 [-9.60803769e-01 -7.77842647e-01  3.02575764e-01 -1.26602030e+00
  -2.37792371e-01  1.24379520e+00  1.09802343e-01 -1.81486072e-02
   4.03920893e-01 -2.55793325e-02 -4.87698918e-01  8.84784400e-01]
 [-1.15533965e+00  8.43582774e-01 -5.06536648e-01  4.73067490e-01
  -2.87288286e-01  2.64282877e-02 -1.36162000e+00  5.76674588e-02
  -7.39514774e-02  1.02604956e+00 -9.96915357e-01  1.26923709e-01]
 [-2.93176348e-01  7.84131249e-01 -7.92328231e-01  8.36414870e-01
   2.48174590e-01 -8.92574714e-01  1.20328816e+00  2.44301339e-02
   1.35852394e+00  1.03332338e-01  1.31679931e+00  5.28973543e-01]
 [-5.05910085e-01 -4.46550548e-01 -1.63583125e+00  9.51228956e-02
  -4.00592200e-01 -5.21076030e-01 -5.22181702e-01 -1.23818243e+00
  -4.99117055e-01 -9.57837977e-01 -8.47378302e-01 -7.11487367e-01]
 [ 3.10143388e-01 -9.75308955e-01  2.44646831e-01  6.95551909e-01
   6.87313223e-01 -1.11519926e-01  6.18316865e-01 -8.22955438e-01
  -1.28719982e-01 -5.35152993e-01  1.21139594e+00  1.37353894e-01]
 [ 3.19114920e-01 -2.51530221e-01 -4.49658535e-01 -1.83987966e+00
   1.09837600e-01 -2.55288977e-01  7.24532319e-01  1.43439514e-02
   1.69570893e-01  1.13243883e+00  1.33181860e-01  3.76304855e-01]
 [ 1.24215308e+00 -3.24492106e-01  3.15664241e-01 -5.38065829e-01
  -9.84163909e-02 -1.96018326e-01 -9.88272291e-01  7.41560264e-01
   9.93639557e-02 -2.38806701e-01  7.31135581e-01 -2.32451858e-01]
 [-6.46361421e-01  8.50028410e-01  4.92162043e-02  1.33056233e+00
   6.12631896e-01 -7.18442599e-01 -1.07145360e-01 -1.95315130e-01
   2.14509932e-01  7.08621807e-01  2.26138069e-01  1.97296600e-01]
 [ 8.65659785e-01  6.95075992e-01 -3.62588506e-01 -2.48506217e-01
   5.05551950e-01  8.64979874e-01 -1.92885350e-01 -7.53248211e-02
  -1.39899113e-01  1.20058590e-01  6.40509989e-01 -5.53333616e-01]
 [ 9.37939919e-01  5.58515341e-01 -1.89894124e-01 -2.19740465e-01
  -4.92439646e-01  4.57192262e-01 -3.52991282e-01  8.65662451e-01
  -6.76395784e-01 -7.12943733e-01 -8.17263328e-01 -8.13828365e-01]
 [ 1.74073109e-01  7.41815735e-01  9.60989320e-01  1.28193211e+00
  -2.34716789e-01  1.05226203e-01  1.32215199e-01 -6.25866202e-01
  -4.24042710e-01  7.71060747e-01 -4.84969140e-01  7.79716608e-02]],[[-0.27497568  0.12462896 -0.4779022   0.88667684  0.35040461  2.05933127
   0.31197979]
 [ 0.66257207 -0.01097008 -0.57324471 -1.02661     1.87695126  1.04909675
  -0.90204962]
 [-1.87159598 -0.48841711  0.91094002  0.11840435  1.9536907  -0.30953065
   0.86382792]
 [-0.43746786 -0.4882933   0.09177926  0.59414089 -0.81674221  0.51164609
   1.30712706]
 [-0.26884607 -0.63041868  0.58427131  1.10148384  0.32631175  0.46544733
  -1.53746086]
 [ 0.12825474  0.10462749 -1.19622575 -1.05710581 -1.4499054  -1.14726225
   0.05053638]
 [ 1.27914625 -0.80385222  1.07937024 -0.67701807 -0.74124229  1.73469393
   0.09776906]
 [ 0.12213084 -1.00125696 -0.28034329  0.39548781 -1.18498336  0.59625656
   0.54608519]
 [ 0.45486306 -0.51993305 -0.05763071  0.74234926 -0.38857645 -0.49829072
  -0.20398494]
 [-0.98672963 -0.53428708 -1.3407544   0.21805959  0.66306207 -0.94681771
   0.33655156]
 [-1.53231134  0.21072832  0.00471401 -0.68234968 -0.93884035 -1.90434086
   0.55311157]
 [ 0.8892591  -1.75263734 -0.64738785 -0.76336029 -0.48250452  1.50629933
   1.13926422]]