[[ 0.92425709  0.16224873  0.16747862 -0.61519711 -0.47315973 -0.01507104
   0.73722097 -0.65478412  0.4017367   0.31728001 -1.58983057  0.14197586]
 [ 0.68921175 -0.47595711  1.14938971  0.03178156 -0.27720222  0.41830404
   0.93543334  0.66677887  0.48687621  0.540171   -0.61935201  0.95204656]
 [ 0.9346992   0.65375896 -0.19451587 -0.10583901  0.14811009 -0.57048671
  -0.69917215 -0.51590095 -0.03974191 -0.98245679 -0.708695   -0.81668978]
 [-0.60229363 -0.79829309  0.3006141  -0.11156289  0.77715667  1.39578839
  -0.19581752  1.51703345  0.88445556  0.22374075  0.79233905 -0.57388243]
 [ 1.03653928 -0.69965525 -0.02381632 -0.87841442 -0.16998606 -0.11066362
   0.08114065  0.03385739  0.0620743  -0.10361177 -0.04208963  0.12842806]
 [ 0.42518678 -0.2930427   1.33414196  0.14303313 -0.73651009 -1.03268775
  -0.18490364 -0.9623118  -0.03840904  0.89846794 -0.54157826 -0.40046771]
 [ 0.21086388 -0.24801514 -1.44325446  0.10137846  0.94392063 -0.59572773
   0.59347711  0.14114954 -1.08571958 -0.3970762   1.02980806  0.4765149 ]
 [ 0.77879578  0.93028676  0.46040982  1.2247843   0.01107144  0.7885665
  -0.94390624  0.83241867 -0.40133321  0.18119721  1.01263162 -0.42596522]
 [-0.93821271 -0.77784265  0.30257576 -1.22554142 -0.35618254  1.2437952
   0.10980234 -0.01814861  0.40392089 -0.02557933 -0.48769892  0.8847844 ]
 [-1.15533965  0.6404984  -0.50653665  0.47306749  0.08668329  0.48557757
  -1.05275708 -0.01501914 -0.07395148  1.02604956 -0.99649887  0.19654965]
 [-0.29317635  0.7648251  -0.79232823  0.83641487  0.24817459 -0.84524117
   0.72245148 -0.11879046  1.35852394  0.10333234  1.31679931  0.52897354]
 [-0.50591009 -0.44655055 -1.92578115  0.0951229  -0.4005922  -0.52107603
  -0.5221817  -1.23818243 -0.39654141 -0.95783798 -0.56635901 -0.66098052]
 [ 0.45720077 -1.36365604  0.29743657  1.03115854  0.35773241  0.07417734
   0.61831687 -1.110031   -0.12871998 -0.53515299  1.02558636  0.10734558]
 [ 0.07324377 -0.25153022 -0.50601448 -1.04461934  0.1098376  -0.25528898
   0.72453232 -0.07027694  0.16957089  1.13243883  0.07634464  0.37630485]
 [ 1.24215308 -0.32449211  0.31566424 -0.53806583 -0.37396646 -0.20311273
  -0.98827229  0.4484214   0.09936396  0.20373948  0.15258836 -0.23245186]
 [-0.34824951  0.82611918  0.04055936  1.33056233  0.65792874 -0.6189105
   0.32720342 -0.57496649  0.21450993  0.70862181  0.28276181 -0.13903065]
 [ 1.22318116  0.69507599 -0.3418614   0.02059182  0.7462266   0.69713097
  -0.39869877  0.11452152 -0.13989911 -0.13010931  0.56185195 -0.15814989]
 [ 1.02822164  0.05789629  0.25573681 -0.21974046 -0.49243965  0.06916751
  -0.35299128  0.5643393  -0.72449788 -0.52590227 -0.6436233  -0.81382836]
 [ 0.81164054  0.9421568   0.96098932  0.8289276  -0.23471679 -0.1057266
   0.00958623 -0.65095582 -0.42404271  1.09418705 -0.48496914  0.17532297]],[[-0.99150722  0.2116412  -0.68445969  0.88667684 -0.1256634   1.54802301
   0.50963267]
 [ 0.76414003 -0.30152214 -0.7302741  -1.02661     1.32698131  0.60203225
   0.03479875]
 [-1.64920922 -0.2964865   0.91094002 -0.12888703  0.85096752  0.13779405
  -0.00475107]
 [-0.91187732 -0.70392182  0.25363288  0.59414089 -0.98250667  0.42539217
   0.83663599]
 [-0.48745583 -1.06149188  0.4828524   0.87720782  0.99718182 -0.01506739
  -1.97814573]
 [ 0.51515154  0.28229137 -1.52432542 -1.48684492 -1.07727864 -0.93675466
   0.05053638]
 [ 1.27914625 -0.94542492  1.07077533 -0.66224736 -0.47635236  2.14636848
   0.09776906]
 [ 0.0043657  -0.82276317  0.49419131  0.66674428 -0.80587335  1.48957034
   1.08577221]
 [ 0.39210814 -0.98473734 -0.01275094  1.20865588 -1.17571893 -0.89285419
  -0.27437183]
 [-0.01226268 -0.86642527 -0.9084576  -0.69661281  0.51962363 -0.94681771
   0.49355123]
 [-1.29205952 -0.35551958 -0.20992849 -0.75028998 -0.59692459 -1.90434086
   0.74010116]
 [ 0.8892591  -0.74743932 -0.70836578 -0.80453459 -0.17378122  1.66497371
   1.23686543]]