[[ 9.31509969e-01  4.48285751e-01  4.18185049e-01  8.86114212e-01
  -7.42860899e-01  4.87279489e-02  2.68142356e-01 -1.03059578e+00
   8.69470829e-01 -6.84733708e-01 -7.78677508e-01 -2.05719966e-02]
 [ 6.43057307e-01 -9.31668604e-01  1.48856658e+00 -4.28815999e-01
  -6.65808366e-02 -2.97462588e-01 -2.40884485e-01  9.90977807e-01
  -4.35114706e-01  5.36058836e-01 -9.83833742e-01  6.58122695e-01]
 [ 5.52735143e-01  6.77956222e-01 -2.81040976e-01  2.29019958e-01
   6.99954406e-01 -5.65616710e-01 -5.92739642e-01 -5.90935936e-01
   3.97440247e-01 -3.30227728e-01 -9.57401073e-01 -5.17165977e-01]
 [-8.49437542e-01 -2.28241109e-01 -9.37965700e-01 -1.11562894e-01
   3.06800874e-01  6.08847031e-01  4.24236186e-01  1.32378927e+00
   4.91709382e-01  3.40510321e-01  2.22644571e-01 -7.82239423e-01]
 [ 1.07036917e+00  1.54989529e-01 -9.01598465e-02 -1.15103830e-01
  -4.35247423e-01 -8.15141994e-01  2.40593595e-01 -8.27051847e-01
   1.55817559e-01 -3.63564760e-01 -4.20896261e-02 -4.52898345e-02]
 [ 6.56000223e-02  2.91288294e-02  7.86182178e-01  7.79048906e-02
  -5.34095389e-01 -4.91565214e-01 -5.41590705e-01 -6.10187028e-01
  -8.13573178e-01  7.94709052e-01 -7.32568047e-01  1.85644843e-01]
 [ 2.91144608e-01  3.36604897e-01 -5.06383499e-01 -3.19186540e-01
   1.27319127e+00 -1.29406110e-01  9.62176182e-01  4.53383369e-01
  -8.50976443e-01 -2.64172705e-01  5.35114475e-01 -1.06543064e-01]
 [ 5.61877689e-01  9.96130746e-01  4.87976523e-02  8.14618488e-01
   4.31680940e-01  7.88566497e-01 -7.78497349e-01  3.75943665e-01
  -2.49954444e-01 -1.08821847e+00  7.62814011e-01  4.09105151e-02]
 [-6.42502332e-01 -7.77842647e-01  5.32250864e-01 -4.80345295e-01
  -1.02279132e-01  4.95176657e-01  1.09802343e-01  3.53592665e-01
  -1.56637393e-01 -6.70446349e-02 -7.11519997e-01  8.45936780e-01]
 [-1.04053620e+00 -8.13860474e-03 -4.23291597e-01  7.50772341e-01
  -3.67710997e-01 -7.89361547e-01  1.33299577e-01 -1.50191382e-02
  -3.28201529e-01  7.72598293e-01 -1.18438054e+00  3.61556337e-01]
 [-7.15918176e-01  6.66076085e-01 -9.42503557e-01  6.00273095e-01
  -4.12954323e-01 -3.86621174e-01  1.28405106e-01  8.05536777e-01
   8.88973236e-01 -2.28593611e-01  8.42618980e-01  3.14430623e-01]
 [-4.16022800e-01 -2.06980673e-01 -8.54389587e-01 -3.62037826e-02
  -1.00633933e+00  9.13503117e-02 -5.22181702e-01 -9.69019342e-01
   4.21623148e-01 -1.74601224e-01 -7.63033926e-01 -4.41795322e-01]
 [ 8.27770989e-01 -1.04789110e+00 -5.20339081e-04  1.01871431e+00
   1.21763201e-01  5.32146527e-01  3.08537288e-01 -5.23926750e-01
  -8.03489872e-01 -7.11931804e-01  7.16595372e-01 -3.85638323e-01]
 [ 2.23677690e-02 -2.51530221e-01  7.41965892e-01 -9.75722040e-01
   1.09837600e-01 -1.00974930e+00  1.12457158e+00 -2.74756659e-02
   3.26712208e-01  2.56479250e-01  5.64870642e-01 -4.33931711e-01]
 [ 8.50342035e-01  4.23843258e-01 -1.30600583e-01 -3.76664067e-01
  -4.52667978e-02 -3.06308718e-01 -2.64976285e-01  6.77457338e-01
   3.79691506e-01 -8.86596923e-01  4.54801662e-01 -3.28332352e-01]
 [-5.15465384e-01  8.03486352e-01  4.66746362e-01  6.57401896e-01
   4.44901390e-01 -5.44878779e-01 -1.08204494e-01 -2.11885811e-01
  -8.65987404e-02  8.84520712e-01  1.06570884e-01 -1.70354136e-01]
 [-1.18404449e-02  5.42021001e-01 -4.71178402e-01 -3.40961941e-01
   1.03404603e+00  1.24232071e+00 -2.84077734e-01  1.14521524e-01
   3.00341931e-01 -5.41522583e-01  1.18622970e+00 -7.16768552e-01]
 [ 9.89752535e-01  1.52460760e-01  5.83861596e-01 -2.19740465e-01
  -4.92439646e-01 -1.00942356e+00 -7.75859653e-03  5.24546408e-01
  -8.85779219e-01 -8.08909184e-01 -8.66594362e-01 -6.18041370e-01]
 [-3.13775275e-01  7.36583413e-01  1.11044437e+00  6.11154774e-01
  -6.90061289e-01  4.79723922e-01 -8.67583079e-01 -7.98317596e-01
  -4.24042710e-01  9.41712700e-01 -4.04393413e-01 -2.30494735e-01]],[[ 0.08231831 -0.33576898 -0.2997995   1.04468748  0.22386318  1.7621808
  -0.19282585]
 [ 1.28514609  0.43051377 -0.8447187  -1.53076258  1.13459529  0.03087778
  -0.88474989]
 [-0.63021513  0.5643951   0.72374726  0.46434693  1.95658432  0.41685905
   1.37756881]
 [-1.23727716  0.52301736  0.05146712 -0.12365266 -0.55977284  0.1396755
  -0.73302686]
 [-0.37386232 -0.95691163  1.21018071 -1.01621968 -0.44468258  0.45024397
  -0.44662115]
 [-0.34662715  2.24717412  0.02225385 -1.69217616 -1.31346079 -0.57758685
   0.42219413]
 [ 0.40656953 -0.36147819  0.53792313 -2.16614608 -0.31731694  0.26443161
   1.16905112]
 [-0.04504608 -0.75985007 -1.12116769  0.0455535  -0.861873    0.86154457
   1.17907096]
 [ 0.97138586  0.06078136  0.37613025 -0.52279853 -1.7773082  -0.81029345
  -0.84059032]
 [-0.1444417  -1.04332141  0.04093776 -0.03060744  0.53220114 -1.00173784
  -0.68146755]
 [-0.61141304  0.40808155  0.48214658  1.89944116 -1.12191722 -1.25057637
   0.61799208]
 [ 1.1153049  -0.51265893 -0.48260452 -2.02250039 -0.80785071  0.73234783
   0.17984936]]