[[ 1.78733775  0.83736484  0.78132198  0.55792892 -0.97298253 -0.18740672
   0.21946405  0.65124021  0.18124823 -0.68556488 -1.24512913  0.58863489]
 [ 0.90312314 -0.91362383  1.83971495 -1.82467399 -0.70744882  0.37121051
   0.91933901  0.38485374  0.21650381 -0.09156119 -0.92869078  0.49930308]
 [-0.10906942  0.81439011 -0.62960045  0.11917377  0.77035257 -0.3412418
  -0.87978956 -0.44701882  0.23344404 -0.52749633 -0.90144468 -0.9839555 ]
 [-0.35993482 -0.35721245  0.08456867 -0.4602924   0.47410537  0.56911631
   0.13972473  1.26693342  0.5198581   0.13600763  1.22463128 -0.76516815]
 [ 0.76329595  0.16078013  0.07344341  0.29610514 -0.18431421 -0.60275396
  -0.06447602 -0.3224035  -0.70309215 -0.69463124 -0.14987856  0.1190387 ]
 [ 0.46491524 -0.27957664  1.12076844  0.39312463 -0.53409539 -0.41675238
  -0.70592591 -0.87960905 -0.61970834  0.24374982 -0.15382031  0.2204767 ]
 [-0.57472754 -0.27527775 -1.24569033 -0.51793476  1.65414362  0.1286035
   0.42539458 -0.54621801 -1.47783515 -0.03101873  0.56267283 -0.00939989]
 [ 0.64228454  0.32175627  0.13787393  0.79465863  0.86281551  0.62161752
  -1.36224639  0.23632988  0.13101306 -0.49910408  0.94234082 -0.20697156]
 [-0.8150214  -0.05679307  0.31989456 -0.94746427 -1.23920152  0.10847908
  -1.30237837  0.49152201 -0.98127845 -0.56711975 -0.17701039  0.8847844 ]
 [-0.0398372   0.76251554  0.00631019  0.62930242 -0.37836925 -0.66204846
  -0.33257137  0.24128503 -0.19893546  1.36085696 -0.98749247  0.91992367]
 [-0.66768526  0.66607609 -1.15637241  0.78750812  0.39330473 -1.59806073
   0.56478779 -0.18527941  1.23689342 -0.63377577  1.18585732  0.31443062]
 [-0.86899121 -0.44655055 -0.9369055   0.15899439 -0.69715321 -0.55521997
   0.29305944 -1.29397812 -0.95074279 -0.95783798 -0.56635901 -0.61061551]
 [ 0.88485301 -0.69127311 -0.34278735  0.81978604  1.18602276  0.65881624
   1.11749204 -0.52392675 -1.17074326 -1.08583088  0.91425176  0.17880803]
 [ 0.28107584 -0.58523907  0.4289606  -0.93936831  1.22365216 -0.60282023
   0.11395287 -0.4593632  -0.15728431  0.78328609  0.73269079  0.92456082]
 [ 1.50781786 -0.10012409  0.02723385 -0.62486689  0.19649404 -0.14940854
  -1.1434568  -0.21600827  0.09936396 -1.33882902  0.45480166  0.02655852]
 [-0.17936446  0.82492003  0.34686866  1.1312753   0.47310404 -0.69783787
   0.36867127  0.20612116 -0.08659874  0.51471991  0.48580371 -0.00704997]
 [ 0.17911983  0.34415181 -0.35715291 -0.61718411  1.64603191  0.86497987
  -0.18516282  0.39922034  0.30034193  0.41872335  1.40742736 -0.59215735]
 [ 0.72375474  0.08370429 -0.4781895  -0.87628927 -0.56964848  0.02625501
  -0.19317621  0.55033988 -0.47790041 -1.66902002 -1.11965037 -0.89286956]
 [-0.31377527  0.9421568   0.96104712  0.27041854  0.06255589 -0.39260456
  -0.36246596 -0.51252819 -0.51416979  0.28876538 -0.56023525 -0.21829863]],[[-0.57729179 -0.72895725  1.95349103 -0.54562165  0.15559404  0.73433832
   0.17560753]
 [ 0.67323223 -0.36565103 -1.48637489 -1.29257926  0.01107531  0.0841628
  -0.72626077]
 [-0.05866942 -0.06801049  0.67870663 -0.5003092   1.60788465  0.37883227
  -0.01236305]
 [-1.02751332 -1.36956951  0.07696828  0.91477883 -0.32958127 -0.76499749
  -0.05024315]
 [-0.23966845 -0.30175484  0.39275493  1.30276809  0.94316254  0.80759428
  -0.32381992]
 [-0.58752457  2.02381116  0.14649341  0.01156029 -0.79870297 -0.3920222
   1.12418525]
 [ 0.4637174   0.29017137 -0.4394901  -1.10259732  0.91489263  1.57458242
   0.32428992]
 [-0.65742692 -0.05377879 -0.23781338 -0.42518338 -0.37498223  0.15658669
   0.5987229 ]
 [ 0.67835978 -0.20515089  0.85619272 -0.11062873 -0.61591133 -0.25139115
   0.02251362]
 [-1.30354674 -0.41144013 -1.06736684 -0.16966421 -0.52538454 -1.08444235
  -1.20532171]
 [-0.49728925  1.61425986  0.01193372 -0.77742851 -0.79643261 -0.08718016
   0.50912122]
 [ 0.56254956 -0.85680386 -1.07235737 -0.61240721 -1.15273499  0.45586444
   0.57842531]]