[[ 1.78733775e+00  8.37364838e-01  7.81321983e-01  5.57928921e-01
  -9.72982533e-01 -1.87406717e-01  2.19464048e-01  4.32359340e-01
   1.93372275e-01 -6.85564884e-01 -1.24512913e+00  9.24057013e-01]
 [ 9.03123135e-01 -8.96630194e-01  1.83971495e+00 -1.82467399e+00
  -7.07448819e-01  3.71210508e-01  9.19339011e-01  3.84853740e-01
   2.16503806e-01 -9.15611950e-02 -9.28690776e-01  4.99303077e-01]
 [-1.09069416e-01  8.14390113e-01 -6.29600446e-01  1.19173769e-01
   7.70352573e-01 -3.41241795e-01 -8.79789560e-01  3.07266636e-02
   2.33444038e-01 -5.27496328e-01 -9.97985183e-01 -9.83955500e-01]
 [-5.86864582e-01 -3.57212452e-01  8.45686655e-02 -4.60292403e-01
   5.25061929e-01  5.69116307e-01  1.39724731e-01  1.54872450e+00
   5.19858096e-01  5.60964068e-01  1.02298441e+00 -7.65168152e-01]
 [ 7.63295954e-01  1.98537194e-01  1.50392020e-01  5.43824977e-01
  -1.84314213e-01 -6.02753958e-01 -6.44760180e-02 -3.22403495e-01
  -4.16424632e-01 -2.63679629e-01 -5.63171637e-01 -4.52898345e-02]
 [ 4.64915242e-01 -2.79576642e-01  7.71869290e-01 -9.98075199e-02
  -5.34095389e-01 -4.16752379e-01 -7.05925909e-01 -8.79609048e-01
  -6.19708335e-01  2.43749820e-01 -1.53820311e-01  2.20476697e-01]
 [-5.74727541e-01 -1.46751371e-01 -1.09862184e+00 -5.17934763e-01
   2.13602549e+00  1.28603498e-01  4.25394576e-01 -6.02185383e-01
  -1.47783515e+00 -3.10187298e-02  5.62672834e-01 -2.19864799e-02]
 [ 6.42284541e-01  4.79147854e-01  1.37873933e-01  3.79036410e-01
   8.62815510e-01  6.21617524e-01 -1.36224639e+00  2.36329878e-01
  -4.06215829e-01 -4.99104081e-01  9.38620643e-01 -2.06971560e-01]
 [-1.24461380e+00 -5.67930742e-02 -9.67724531e-03 -9.47464265e-01
  -1.23920152e+00  7.52628478e-02 -1.30237837e+00  4.91522011e-01
  -9.81278452e-01 -7.34426961e-01 -5.13606974e-01  8.84784400e-01]
 [-1.73234270e-01  7.62515541e-01  6.31019025e-03  6.29302415e-01
  -3.78369250e-01 -6.62048458e-01 -3.32571372e-01  5.79436993e-02
  -1.81746323e-03  1.36085696e+00 -9.87492466e-01  9.19923669e-01]
 [-6.67685259e-01  6.66076085e-01 -1.15637241e+00  7.87508117e-01
   3.93304732e-01 -1.59806073e+00  5.64787791e-01 -1.85279415e-01
   1.23689342e+00 -6.33775770e-01  9.88359490e-01  3.14430623e-01]
 [-8.68991213e-01 -4.46550548e-01 -9.36905503e-01  2.68021525e-01
  -6.97153214e-01 -5.55219968e-01  2.93059436e-01 -1.29397812e+00
  -9.50742792e-01 -9.57837977e-01 -5.66359011e-01 -6.10615515e-01]
 [ 8.84853011e-01 -6.91273114e-01 -3.42787355e-01  8.19786037e-01
   1.18602276e+00  6.58816237e-01  1.11749204e+00 -5.23926750e-01
  -1.17074326e+00 -1.08583088e+00  1.32938320e+00  1.72016383e-01]
 [ 2.81075836e-01 -3.74308300e-01  4.28960599e-01 -8.67646272e-01
   1.22365216e+00 -6.02820228e-01  1.13952866e-01 -4.59363204e-01
  -1.57284311e-01  5.59368652e-01  7.32690785e-01  6.37541828e-01]
 [ 1.50781786e+00 -1.00124095e-01  2.72338467e-02 -6.24866887e-01
  -1.30535858e-02 -1.49408535e-01 -1.14345680e+00  2.00886724e-01
   9.93639557e-02 -1.45877708e+00  4.54801662e-01  2.13179236e-01]
 [-1.79364457e-01  8.24920035e-01  3.46868663e-01  1.13127530e+00
   4.73104039e-01 -4.01235180e-01  3.68671266e-01  2.06121164e-01
  -8.65987404e-02  8.84520712e-01  4.85803707e-01 -7.04997500e-03]
 [ 1.79119831e-01  3.44151810e-01 -4.76304942e-02 -6.17184110e-01
   1.64603191e+00  5.56637962e-01 -6.61220745e-01  3.99220340e-01
   3.00341931e-01  4.18723345e-01  1.29551025e+00 -5.92157345e-01]
 [ 9.89752535e-01 -4.94432047e-02  6.74971500e-03 -1.09264623e+00
  -5.69648475e-01  1.82606422e-01 -1.93176205e-01  5.50339883e-01
  -4.77900414e-01 -1.69182158e+00 -1.11965037e+00 -8.92869556e-01]
 [-3.13775275e-01  9.42156797e-01  9.61047119e-01  2.70418542e-01
  -2.34716789e-01 -3.52574232e-01 -3.62465960e-01 -5.12528188e-01
  -5.14169786e-01  2.88765379e-01 -5.60235249e-01 -6.41233118e-01]],[[-0.31712208 -0.72895725  1.68680171 -0.54562165  0.12669615  0.73433832
   0.24481359]
 [ 0.67323223 -0.36565103 -1.27912989 -1.46399764  0.36940997  0.19992423
  -0.27063253]
 [-0.05866942 -0.34765102  0.67870663 -0.5003092   1.60788465  0.37883227
   0.19114306]
 [-1.02751332 -1.36956951  0.07696828  0.91477883 -0.32958127 -0.76499749
  -0.05024315]
 [-0.23966845 -0.30175484  0.39275493  1.17378793  0.28036306  0.80759428
  -0.32381992]
 [-0.15931208  1.83739772  0.40791446  0.04505669 -0.65171384 -0.3920222
   1.37749752]
 [ 0.90455722  0.69389389 -0.40029985 -1.44718586  0.91489263  1.57458242
   0.32428992]
 [-0.65742692 -0.05377879 -0.23781338  0.1566921  -0.37498223 -0.07724253
   0.5987229 ]
 [ 0.67835978 -0.20515089  0.85619272 -0.11062873 -0.36187133 -0.09755707
   0.43109618]
 [-1.02021755 -0.41144013 -1.28706218  0.1785028  -0.52538454 -1.0160897
  -1.36956352]
 [-0.93087167  1.61425986  0.03272002 -0.31377773 -1.36993762 -0.35361424
   0.68133256]
 [ 0.50982047 -0.8071162  -0.61771684 -0.61240721 -1.64919761  0.52771283
   0.40948108]]