[[ 1.2317402   0.16224873  0.32123436 -0.77950873 -0.49586782  0.07525248
   0.73722097 -1.12247997  0.4017367   0.56678597 -1.41960141  0.8803398 ]
 [ 0.28396644 -0.47595711  1.14938971  0.08324646 -0.48786602  0.86570669
   0.40292165  0.66677887  0.59521139 -1.00629048 -0.82538955  0.53546696]
 [ 0.47464788  0.65375896 -0.19451587 -0.10583901  0.45839628 -0.54819827
  -0.69917215 -0.51590095 -0.03974191 -1.14989621 -1.17344728 -0.88631274]
 [-0.65254757 -0.79829309  0.3006141  -0.11156289  0.30680087  1.18775803
  -0.13491541  1.10053325  0.83249504  0.17673014  0.79233905 -0.57388243]
 [ 1.03653928 -0.69965525 -0.02381632 -0.41250086  0.13454871 -0.11066362
   0.08114065  0.07902696 -0.18947235 -0.15615816 -0.04208963  0.12842806]
 [ 0.42518678 -0.2930427   0.96830911  0.55102225 -0.70301146 -1.03268775
  -0.18490364 -0.84055817  0.6634961   0.91773534 -0.71108506 -0.58611158]
 [ 0.21086388 -0.12037832 -1.44325446  0.10137846  0.94392063 -0.59572773
   0.81166744  0.13703666 -1.08571958 -0.3970762   0.62441827  0.85626362]
 [ 0.39461807  1.18202462  0.64138693  1.2247843  -0.35341559  0.77039544
  -0.94390624  0.83241867 -0.40133321  0.18119721  0.59420579  0.06646815]
 [-0.93821271 -0.77784265  0.30257576 -0.92528608 -0.45337231  1.34562293
  -0.09117185 -0.41113155  0.40392089 -0.02557933 -0.48769892  0.42650245]
 [-1.15533965  0.6404984  -0.50653665  0.47306749  0.08668329  0.02642829
  -0.66613662  0.91625213 -0.07395148  1.02604956 -0.99691536  0.19654965]
 [-0.05965073  1.04385859 -0.56225429  0.44321791  0.72985209 -0.89257471
   0.72245148 -0.11879046  1.28352678  0.10333234  0.8598331  -0.22437262]
 [-0.50591009 -0.44655055 -1.63583125  0.0951229  -0.83874099 -0.52107603
   0.11807871 -0.72223587 -0.49911705 -0.54488927 -0.56635901 -0.84669161]
 [ 0.31014339 -1.36365604  0.24464683  0.93818307  0.35773241 -0.04804492
   0.16878534 -0.82295544 -0.4292525  -0.21852213  1.02558636 -0.11131725]
 [ 0.66725689 -0.25153022 -0.05204857 -1.35502009 -0.0715299  -0.25528898
   1.23083825  0.05394692  0.07124631  1.13243883  0.13318186  0.37630485]
 [ 1.39227756 -0.24846524 -0.28798963 -0.23095215 -0.05891873 -0.20313889
  -0.64268066  0.67804802  0.41661808 -0.60063462  0.51604422 -0.0309074 ]
 [-0.34824951  0.87904769 -0.29001565  1.33056233  0.6126319  -0.6189105
   0.37461104 -0.54409432  0.21450993  0.70862181  0.28276181  0.1972966 ]
 [ 0.86565979  0.69507599 -0.36258851  0.02059182  0.7462266   0.86497987
  -0.19288535  0.11452152 -0.13989911 -0.13010931  0.3995382  -0.52822081]
 [ 0.93793992  0.15246076  0.25573681 -0.21974046 -0.49243965 -0.1012603
  -0.14959784  0.86566245 -0.67639578 -0.71294373 -0.6945417  -0.81382836]
 [ 0.17407311  1.43818496  1.50724987  0.8289276  -0.23471679  0.1052262
   0.00958623 -0.95668574 -0.07776166  1.09418705 -0.67744472  0.17532297]],[[-0.96285199  0.04301119 -0.51706209  1.01342155 -0.3902288   1.43112324
   0.16983005]
 [ 0.78752186 -0.02126704 -0.56471065 -1.78700741  1.0945755   0.91213067
  -0.38292418]
 [-1.47689739  0.48305389  0.59033541 -0.34349142  1.11433191  0.02841975
   0.49230495]
 [-0.55151381 -0.97162774  0.0833729   0.59414089 -0.92580079  0.22343868
   1.33459216]
 [-0.52154176 -1.039692    0.80276845  0.80237426  0.45926068  0.812348
  -1.53746086]
 [-0.14393047  0.418301   -0.46304828 -0.95327486 -0.98993999 -1.23170142
   0.05053638]
 [ 1.27914625 -1.06650429  1.07077533 -0.18967466 -0.58478964  1.64821957
   0.59819299]
 [ 0.29192896 -0.91050032 -0.14279552  1.05945536 -1.37388706  0.45552294
   0.50722127]
 [-0.63128376 -0.65259154 -0.33214118  1.55387548 -0.63612824 -0.23211205
  -0.64441925]
 [-0.56378723 -1.40439887 -0.77182671 -0.31360628  0.19594358 -1.37107582
  -0.09048398]
 [-1.94744977 -0.12983736  0.20208783 -0.28828344 -1.06143189 -0.8164478
   0.22526355]
 [ 1.05616636 -1.2463978  -0.64738785 -0.86827851 -0.39743217  1.43681472
   0.79413013]]