[[ 0.92425709  0.16224873  0.32123436 -0.11615061 -0.49586782  0.07948435
   0.73722097 -1.14932285  0.4017367   0.31728001 -1.41960141  1.02195753]
 [ 0.28396644 -0.47595711  1.29923902  0.32537145  0.07806117  0.41830404
   0.54818275  0.66677887  0.59197275 -0.21237553 -0.81815408  0.53546696]
 [ 0.47464788  0.86566395 -0.19451587 -0.10583901  0.45839628 -0.54819827
  -0.69917215 -0.51590095 -0.03974191 -1.02916825 -1.17344728 -0.88631274]
 [-0.4658414  -0.79829309  0.05810374 -0.11156289  0.30680087  0.76412958
  -0.13491541  1.52728491  0.51203127  0.24968561  1.20524765 -0.08674151]
 [ 1.03653928 -0.71802541 -0.02381632 -0.12858502  0.05776952 -0.11066362
  -0.20233717  0.1420948   0.0620743  -0.10361177 -0.60638266  0.27975448]
 [ 0.60200154 -0.2930427   0.92853366  0.14303313 -0.31557106 -1.03268775
  -0.18490364 -0.84055817 -0.03840904  0.66159588 -0.54157826 -0.33998805]
 [ 0.21086388 -0.50279649 -2.29282369  0.10137846  0.93214314 -0.15173434
   0.81166744  0.33465549 -0.86206385 -0.3970762   1.02980806  0.59350455]
 [ 0.39461807  0.93028676  0.04291199  1.2247843   0.44798095  0.7885665
  -0.94390624  0.46644391 -0.28228159  0.18119721  0.59420579  0.04660172]
 [-0.93821271 -0.77784265  0.30257576 -1.04370768 -0.45941796  1.2437952
   0.10980234 -0.44689956  0.40392089 -0.02557933 -0.34459518  0.92745861]
 [-1.15533965  0.6404984  -0.50653665  0.47306749  0.08668329  0.02642829
  -0.66613662 -0.52983905  0.23399717  1.02531566 -0.99691536  0.0596894 ]
 [-0.56551804  0.66607609 -0.84279892  1.25106697  0.13621498 -0.89257471
   0.46210734  0.08443778  0.92819745  0.30335754  0.48431654  0.25906901]
 [-0.50591009 -0.70263488 -1.43194445  1.03933594 -0.14559421 -0.23847251
  -0.5221817  -0.76344285 -0.15445224 -0.95783798 -0.77288829 -0.93156614]
 [ 0.26815816 -1.47891823  0.27519688  0.3535074   0.76052755 -0.1523337
  -0.03111345 -0.82295544 -0.56783016 -0.53515299  1.02558636  0.13735389]
 [ 0.13479901  0.04831887 -0.84497316 -1.35417731  0.1098376  -0.70398713
   0.57685853 -0.4144419  -0.2815491   1.13243883  0.13318186  0.37630485]
 [ 1.25980625 -0.32449211  0.31566424 -0.32377552 -0.09841639  0.19994086
  -0.98827229  0.4484214   0.09936396 -0.55856635  0.51604422 -0.0309074 ]
 [-0.34824951  0.83960377  0.47468285  1.81052761  0.6126319  -0.6189105
  -0.10714536 -0.22818052  0.21450993  0.70862181 -0.09056164  0.63854902]
 [ 0.86565979  1.19040097 -0.36258851  0.02059182  0.7462266   0.86497987
  -0.19288535  0.11452152  0.1379828  -0.13010931  0.52381362 -0.04685961]
 [ 0.71145303  0.15246076  0.25573681 -0.21974046 -0.06824159  0.45006906
  -0.73482768  0.86566245 -0.67639578 -0.58383438 -0.8798638  -0.86732479]
 [ 0.17407311  0.9421568   1.44900379  0.8289276  -0.23471679  0.1052262
   0.00958623 -0.82170988 -0.42404271  1.01963449 -0.48496914  0.17532297]],[[-0.51204302  0.12341701 -0.09048113  0.50954392  0.2082935   1.05520166
   0.61761241]
 [ 0.98503448 -0.00806712 -0.7302741  -1.85848894  0.7360166   0.5855155
   0.16802223]
 [-2.26669234  0.84015113 -0.21642394  0.45417498  1.3203378   0.02841975
   0.60496322]
 [-1.14430235 -0.4007279   0.62387866  0.59414089 -1.38644025  0.88334683
   0.45564134]
 [ 0.02688978 -0.53600451 -0.24516592  2.24087164  0.16356822  0.46544733
  -1.53746086]
 [ 0.36371716  0.29179548 -0.77028812 -1.53163061 -1.12467943 -1.27232651
   0.06951571]
 [ 1.66902154 -0.60190783  1.08553204 -0.52583376 -0.47635236  1.41950841
   0.09776906]
 [ 0.17688861 -1.00125696 -0.62489958  0.86172603 -0.32919565  0.87931469
  -0.10119444]
 [-0.28168531 -0.879888   -0.47189138  0.86761227 -0.48519821 -0.3894196
  -0.51652289]
 [-0.81877028 -0.60137704 -0.50377169  0.49742067  0.43769412 -0.93969944
  -0.80764821]
 [-1.53503766 -0.42518766  0.20208783 -0.23785389 -0.268842   -2.20300203
   1.42502669]
 [ 1.24309777 -1.66540694 -0.50740372 -0.44623573 -0.50722786  1.62706118
   1.5966072 ]]