[[ 1.31357113  0.16224873  0.32123436 -0.76924041 -0.49586782  0.07525248
   0.73722097 -1.12247997  0.72368987  0.56678597 -1.41960141  0.59158366]
 [ 0.28396644 -0.47595711  1.14938971  0.31774721 -0.27720222  0.41830404
   0.40292165  0.30461847  0.59521139 -0.53198475 -0.81815408  0.53546696]
 [ 0.47464788  0.65375896 -0.19451587 -0.10583901  0.45839628 -0.83545983
  -0.69917215 -0.51590095 -0.03974191 -0.96988069 -1.17344728 -0.88631274]
 [-0.60229363 -0.79829309  0.3006141  -0.11156289  0.30680087  1.18775803
  -0.6011385   1.10053325  0.83249504  0.17673014  0.79233905 -0.57388243]
 [ 1.03653928 -0.69965525 -0.02381632 -0.84414105  0.13454871  0.08606893
   0.08114065  0.1420948  -0.18947235 -0.10361177 -0.04208963  0.12842806]
 [ 0.42518678 -0.48591128  0.96830911  0.14303313 -0.70301146 -1.03268775
  -0.18490364 -0.84055817  0.27294526  0.91773534 -0.71108506 -0.58611158]
 [ 0.21086388  0.22040361 -1.82453395  0.10137846  0.59158901 -0.59572773
   0.81166744  0.28474139 -1.08571958 -0.3970762   0.62441827  0.67492381]
 [ 0.39461807  0.93028676  0.20111317  1.2247843  -0.35341559  0.7885665
  -1.37317736  0.83241867 -0.40133321  0.18119721  0.59420579  0.04629369]
 [-0.93821271 -0.77784265  0.30257576 -0.92528608 -0.45337231  1.4788527
   0.455519   -0.41113155  0.40392089 -0.05726968 -0.58138527  0.8847844 ]
 [-1.15533965  0.6404984  -0.50653665  0.47306749  0.45270493  0.02642829
  -0.66613662  0.43020808 -0.07395148  1.02604956 -0.99691536  0.19654965]
 [ 0.08115927  0.812528   -0.63541803  0.83641487  0.72985209 -0.89257471
   0.72245148 -0.11879046  1.11795667 -0.14070288  0.8598331   0.42067198]
 [-0.50591009 -0.44655055 -1.99323267  0.0951229  -0.4005922  -0.52107603
   0.25987823 -0.63258304 -0.49911705 -0.54488927 -0.56635901 -0.71148737]
 [-0.05956695 -1.36365604  0.24464683  0.69555191  0.35773241 -0.04804492
   0.16878534 -0.82295544 -0.4292525  -0.21852213  1.02558636 -0.0596263 ]
 [ 0.66725689 -0.19678599 -0.05204857 -1.04461934 -0.0715299  -0.25528898
   1.11967334 -0.07027694  0.16957089  0.73464642  0.13318186  0.63870566]
 [ 0.91803307 -0.24846524 -0.28798963 -0.41814305 -0.09841639 -0.13300276
  -0.68746402  0.4484214   0.09936396 -0.60063462  0.51604422 -0.0309074 ]
 [-0.34824951  0.87904769 -0.37556581  1.33056233  0.81959037 -0.6189105
   0.37461104 -0.19531513  0.21450993  0.70862181  0.62363829  0.1972966 ]
 [ 0.86565979  0.69507599 -0.36258851  0.02059182  0.7462266   0.86497987
  -0.19288535  0.11452152 -0.13989911 -0.13010931  0.56185195 -0.04685961]
 [ 0.93793992 -0.10481892  0.25573681 -0.21974046 -0.49243965  0.06916751
  -0.14959784  0.86566245 -0.67639578 -0.44581497 -0.94651165 -0.81382836]
 [ 0.12497374  0.9421568   1.27768563  0.8289276  -0.23471679  0.1052262
   0.00958623 -0.82170988 -0.07776166  1.09418705 -0.67744472  0.17532297]],[[-0.73234836  0.38064252 -0.51706209  0.35650009  0.00720099  1.43112324
  -0.25244818]
 [ 1.13771268 -0.30152214 -0.56471065 -1.78700741  1.0945755   0.13667589
   0.10351337]
 [-2.27992497  0.35565817  0.59033541 -0.21237699  1.11433191 -0.21078915
   0.49230495]
 [-1.01846376 -0.93683898  0.1051969   0.56541365 -0.49763798  0.22343868
   1.30712706]
 [-0.52154176 -1.039692    0.43449696  1.19688358 -0.03131205  0.75265869
  -1.53746086]
 [-0.34724492  0.418301   -0.9148443  -0.95327486 -0.68824498 -0.97740724
   0.05053638]
 [ 1.27914625 -1.10988308  1.07077533 -0.55850208  0.38147102  1.60777465
   0.47291479]
 [ 0.40409743 -0.64852747 -0.13545257  0.78984325 -0.64288099  0.69427857
   0.50722127]
 [-0.41237537 -0.39069483 -0.33214118  0.88690774 -1.11117795 -0.49829072
  -0.16637234]
 [-0.83436787 -0.99118873 -1.04692836 -0.31360628  0.19594358 -1.98521044
  -0.09048398]
 [-1.59928033 -0.12983736  0.20208783 -0.28828344 -0.98246266 -1.46354665
   0.39547678]
 [ 0.57037991 -1.52673417 -0.53519092 -0.86827851 -0.05412283  1.50629933
   0.88545265]]