[[ 0.92425709  0.16224873  0.16747862 -0.61519711 -0.47315973  0.07948435
   0.73722097 -0.65478412  0.4017367   0.31728001 -1.58983057  0.14197586]
 [ 0.68921175 -0.47595711  1.14938971  0.03178156 -0.27720222  0.16147817
   0.93543334  0.66677887  0.48687621  0.18197192 -0.61935201  0.95204656]
 [ 0.47464788  0.65375896 -0.19451587 -0.10583901  0.14811009 -0.57048671
  -0.69917215 -0.51590095 -0.03974191 -0.98245679 -0.98032168 -0.81668978]
 [-0.61614197 -0.79829309  0.3006141  -0.11156289  0.30680087  1.39578839
  -0.19581752  1.51703345  0.88445556  0.22374075  0.79233905 -0.57388243]
 [ 1.03653928 -0.69965525 -0.02381632 -0.82363784 -0.16998606 -0.11066362
   0.08114065  0.03385739  0.0620743  -0.10361177 -0.04208963  0.12842806]
 [ 0.42518678 -0.2930427   1.33414196  0.14303313 -0.73651009 -1.03268775
  -0.18490364 -0.9623118  -0.16459873  0.89846794 -0.54157826 -0.87550828]
 [ 0.21086388 -0.24801514 -1.44325446  0.10137846  0.94392063 -0.59572773
   0.59347711  0.14114954 -1.08571958 -0.3970762   1.02980806  0.4765149 ]
 [ 0.77879578  0.93028676  0.46040982  1.2247843   0.01107144  0.7885665
  -0.94390624  0.83241867 -0.40133321 -0.13357333  1.25210022 -0.42596522]
 [-0.93821271 -0.77784265  0.30257576 -1.22554142 -0.35618254  1.2437952
   0.10980234 -0.01814861  0.40392089 -0.23614982 -0.48769892  0.8847844 ]
 [-1.15533965  0.6404984  -0.50653665  0.47306749  0.08668329  0.48557757
  -1.05275708 -0.01501914 -0.07395148  1.02604956 -0.99691536  0.19654965]
 [-0.29317635  0.7648251  -0.79232823  0.83641487  0.73085108 -0.84524117
   0.72245148 -0.11879046  1.35852394  0.10333234  1.31679931  0.52897354]
 [-0.9785466  -0.44655055 -1.52709524  0.0951229  -0.43392189 -0.52107603
  -0.5221817  -1.23818243 -0.4441716  -0.95783798 -0.56635901 -0.87532164]
 [ 0.45720077 -1.36365604  0.24464683  1.03115854  0.35773241  0.07417734
   0.61831687 -1.110031   -0.12871998 -0.53515299  1.02558636  0.01243768]
 [ 0.34387071 -0.25153022 -0.05204857 -1.04461934  0.1098376  -0.25528898
   0.72453232 -0.07027694  0.16957089  1.13243883  0.07634464  0.37630485]
 [ 1.24215308 -0.32449211  0.31566424 -0.53806583 -0.37396646 -0.51151881
  -0.98827229  0.4484214   0.324238    0.20373948  0.15258836 -0.23245186]
 [-0.34824951  0.82611918  0.04055936  1.33913656  0.66329439 -0.6189105
   0.32720342 -0.57496649  0.21450993  0.70862181  0.28276181 -0.13903065]
 [ 0.86565979  0.69507599 -0.3418614   0.02059182  0.7462266   0.69713097
  -0.39869877  0.11452152 -0.13989911 -0.13010931  0.56185195 -0.15814989]
 [ 1.02822164  0.05789629  0.25573681 -0.21974046 -0.49243965  0.06916751
  -0.35299128  1.38711861 -0.72449788 -0.52590227 -0.6436233  -0.81382836]
 [ 0.81164054  0.9421568   0.96098932  0.8289276  -0.23471679 -0.1057266
   0.00958623 -0.65095582 -0.42404271  1.09418705 -0.48496914  0.17532297]],[[-0.99150722  0.35816052 -0.68445969  0.88667684  0.35040461  1.54802301
   0.50963267]
 [ 0.76414003 -0.30152214 -0.7302741  -1.02661     1.32698131  0.60203225
   0.03479875]
 [-1.64920922 -0.2964865   0.91094002 -0.12888703  0.85096752  0.13779405
  -0.00475107]
 [-0.89755768 -0.70392182  0.25363288  0.59414089 -0.98250667  0.42539217
   0.83663599]
 [-0.48745583 -1.06149188  0.71010664  0.87720782  1.42035241 -0.01506739
  -1.97814573]
 [ 0.26040168  0.28229137 -1.52432542 -1.0741314  -1.07991104 -1.27232651
   0.21261637]
 [ 1.45597302 -1.25997672  1.07077533 -0.66224736 -0.66394017  2.10182829
   0.09776906]
 [ 0.31241344 -1.00125696 -0.13545257  1.00995761 -0.80587335  1.22995659
   0.58452087]
 [ 0.39210814 -0.98473734 -0.01275094  1.20865588 -1.17571893 -0.89285419
  -0.27437183]
 [-0.01226268 -0.86642527 -1.29622587 -0.21673851  0.48709093 -0.7206663
   0.49355123]
 [-0.96535566 -0.35551958 -0.4330577  -0.75028998 -0.59692459 -1.90434086
   0.96637867]
 [ 1.19233619 -0.74440397 -0.70836578 -0.80453459 -0.17378122  1.66497371
   1.23686543]]