[[ 8.95172876e-01  1.62248730e-01  3.21234360e-01 -1.20975886e-01
  -4.95867816e-01  7.94843522e-02  7.37220973e-01 -1.03502509e+00
   4.01736697e-01  3.17280008e-01 -1.48630546e+00  1.41975864e-01]
 [ 7.32958399e-01 -6.82653165e-01  1.14938971e+00  3.17815570e-02
  -5.15312365e-02  4.18304041e-01  5.48182753e-01  6.66778870e-01
   4.86876209e-01 -3.06233815e-01 -8.18154084e-01  5.35466960e-01]
 [ 4.74647879e-01  6.53758962e-01 -1.94515867e-01 -1.05839008e-01
   7.29357996e-01 -5.48198269e-01 -6.99172152e-01 -1.01700235e-01
  -3.97419147e-02 -9.69880686e-01 -9.21305257e-01 -4.03159397e-01]
 [-6.02293632e-01 -7.98293088e-01 -4.11098821e-01 -1.22442581e-04
   4.89598488e-01  4.00914907e-01 -1.34915414e-01  1.10053325e+00
   8.84455559e-01  2.23740748e-01  7.92339047e-01 -5.73882430e-01]
 [ 7.11725514e-01 -6.99655251e-01  3.00880788e-01 -8.23637839e-01
  -5.65646021e-02 -1.10663624e-01  8.11406488e-02 -1.76898798e-01
   6.20743023e-02 -1.03611775e-01 -3.91212156e-02  1.28428056e-01]
 [ 4.25186783e-01 -4.77635282e-01  7.36305820e-01  1.43033130e-01
   4.74462541e-03 -1.03268775e+00 -1.84903636e-01 -1.01904894e+00
  -1.50412949e-01  6.61595875e-01  7.63289285e-03  8.09425387e-02]
 [ 5.31191961e-01 -2.48015141e-01 -1.54478560e+00  1.01378458e-01
   9.43920634e-01 -5.95727728e-01  8.36784485e-01  1.41149540e-01
  -1.08571958e+00 -3.97076200e-01  7.81888635e-01  9.05040607e-01]
 [ 3.94618075e-01  9.30286756e-01  1.37873933e-01  1.22478430e+00
   9.65450648e-01  5.19901092e-01 -9.26485333e-01  8.32418672e-01
  -4.01333214e-01  1.58917916e-01  6.90780133e-01  5.11438746e-02]
 [-9.60803769e-01 -7.77842647e-01  3.02575764e-01 -1.26602030e+00
  -2.37792371e-01  1.24379520e+00  2.12092160e-01 -1.81486072e-02
   4.03920893e-01 -2.55793325e-02 -4.87698918e-01  8.84784400e-01]
 [-1.15533965e+00  8.43582774e-01 -5.06536648e-01  4.73067490e-01
  -2.87288286e-01  2.64282877e-02 -1.36162000e+00  5.76674588e-02
  -7.39514774e-02  1.02604956e+00 -9.96915357e-01  2.84267949e-01]
 [-2.93176348e-01  7.84131249e-01 -7.92328231e-01  8.36414870e-01
   2.48174590e-01 -8.92574714e-01  1.20328816e+00  2.44301339e-02
   1.35852394e+00  1.03332338e-01  1.31679931e+00  5.28973543e-01]
 [-5.05910085e-01 -4.46550548e-01 -1.63583125e+00  9.51228956e-02
  -4.00592200e-01 -5.21076030e-01 -5.22181702e-01 -1.23818243e+00
  -4.99117055e-01 -1.26355855e+00 -8.47378302e-01 -7.11487367e-01]
 [ 3.10143388e-01 -1.36365604e+00  2.44646831e-01  6.95551909e-01
   6.87313223e-01 -1.11519926e-01  6.18316865e-01 -8.22955438e-01
  -1.28719982e-01 -5.35152993e-01  1.21139594e+00  1.37353894e-01]
 [ 3.19114920e-01  2.55253576e-02 -4.49658535e-01 -1.09612548e+00
   1.09837600e-01 -2.55288977e-01  7.24532319e-01  1.43439514e-02
   1.69570893e-01  1.13243883e+00  1.33181860e-01  3.76304855e-01]
 [ 1.56447795e+00 -3.24492106e-01 -1.61051802e-01 -5.38065829e-01
  -9.84163909e-02 -1.62088840e-01 -9.88272291e-01  7.41560264e-01
   9.93639557e-02 -1.44122593e-01  3.77625272e-01 -2.32451858e-01]
 [-3.48249510e-01  7.21319216e-01  4.92162043e-02  1.33056233e+00
   3.81046803e-01 -6.18910499e-01 -1.07145360e-01 -1.95315130e-01
   2.14509932e-01  7.08621807e-01  2.26138069e-01  1.97296600e-01]
 [ 8.65659785e-01  6.95075992e-01 -4.18342684e-01 -3.13852547e-01
   5.05551950e-01  8.64979874e-01 -2.62086080e-01  1.14521524e-01
  -1.39899113e-01  3.94793415e-01  6.40509989e-01 -5.53333616e-01]
 [ 9.37939919e-01  5.58515341e-01 -1.89894124e-01  2.71980187e-01
  -4.92439646e-01  4.57192262e-01 -3.52991282e-01  8.65662451e-01
  -1.10485549e+00 -7.12943733e-01 -8.17263328e-01 -8.13828365e-01]
 [ 1.74073109e-01  7.41815735e-01  9.60989320e-01  8.28927605e-01
  -2.34716789e-01  1.05226203e-01  1.32215199e-01 -6.25866202e-01
  -4.24042710e-01  7.71060747e-01 -4.84969140e-01  7.79716608e-02]],[[-0.27497568  0.12462896 -0.4779022   0.88667684  0.35040461  1.7272068
   0.12035611]
 [ 0.66257207 -0.01097008 -0.57324471 -0.83878186  1.99869016  1.04909675
  -0.90204962]
 [-1.87159598 -0.48841711  0.91094002  0.11840435  0.51650574  0.02841975
   0.62203192]
 [-0.43746786 -0.4882933  -0.19746021  0.59414089 -0.81674221  0.51164609
   1.30712706]
 [-0.19049096 -0.63041868  0.58427131  1.10148384  0.32631175  0.46544733
  -1.30344682]
 [ 0.18793585  0.10462749 -1.19622575 -0.66810857 -1.4499054  -1.27232651
   0.05053638]
 [ 1.06911972 -0.94542492  1.07937024 -0.67701807 -0.29528684  1.73469393
   0.09776906]
 [ 0.12213084 -1.26762751 -0.28034329  0.39548781 -0.80587335  0.29223794
   0.97533892]
 [-0.05585496 -0.24052547 -0.05763071  1.24055034 -0.5457302  -0.84787793
  -0.25177006]
 [-0.76592671 -0.53428708 -1.3407544   0.33520735  0.66306207 -0.94681771
  -0.09048398]
 [-1.53231134  0.21072832  0.00471401 -0.68234968 -0.93884035 -1.90434086
   0.55311157]
 [ 0.8892591  -1.2463978  -0.64738785 -0.76336029 -1.1432809   1.94062461
   1.13926422]]