[[ 0.92425709  0.16224873  0.41818505  0.43829412 -0.54751172  0.71066534
   0.10111313 -1.03059578  1.10807513 -0.6548964  -1.29893878  0.37031517]
 [-0.24557327 -0.9316686   1.48856658 -0.428816   -0.7667845  -0.29746259
   0.09380906  0.99097781 -0.43511471  0.53605884 -0.98383374  0.364651  ]
 [ 0.55273514  0.65375896 -0.23931642  0.22901996  0.69995441 -0.63339747
  -0.59273964 -0.59093594  0.39744025 -0.33022773 -0.95740107 -0.53800362]
 [-0.84943754 -0.18806065 -0.45101547 -0.11156289 -0.16191276  0.60884703
   0.13972473  1.33716254  0.4072449   0.16221083  0.20248455 -0.78223942]
 [ 1.07036917  0.15498953 -0.09015985 -0.11510383 -0.43524742 -1.23818191
   0.41357173 -0.19289044  0.65841424 -0.4251887  -0.12333609  0.33719212]
 [ 0.43929018  0.5045981   0.72060158  0.07790489 -0.90625391 -0.49156521
  -0.40796245 -0.61018703 -0.81357318  0.4316529  -0.48142861  0.18564484]
 [ 0.05634492 -0.14288746 -0.36375241 -0.31918654  1.27319127 -0.12940611
   0.87042157 -0.02972021 -1.11300253 -0.2641727   0.08557923 -0.19874114]
 [ 0.56187769  0.34998606  0.13787393  0.81461849  0.17116264  0.7885665
  -0.63478065  0.53026176 -0.24995444 -0.62844333  0.47136716  0.04091052]
 [-0.64250233 -0.77784265  0.30257576 -0.27098858 -0.34116131  0.49517666
   0.10980234  0.33081938 -0.15663739 -0.13218108 -0.71152     0.1450579 ]
 [-1.22476098 -0.0081386  -0.45607286  0.75077234 -0.367711   -0.38387309
  -0.17549001  0.21058164 -0.32820153  0.77259829 -1.42672377  0.60786127]
 [-0.29317635  0.91080633 -0.94250356  0.74162019 -0.23879985 -0.14576871
   0.0290202  -0.01668261  0.88897324 -0.22859361  1.28864766  0.31443062]
 [-0.00596289 -0.44655055 -0.76882801 -0.03620378 -0.86658699 -0.01810376
  -0.5221817  -0.96901934  0.00755258 -0.64909669 -0.38675451 -0.44179532]
 [ 0.95324601 -1.0478911  -0.40546335  0.6558863   0.1217632   0.27582137
   0.69898554 -0.61130492 -0.80348987 -0.65164528  1.16088671 -0.29452424]
 [ 0.02236777 -0.25153022  0.49749257 -0.88350244  0.40344343 -1.0097493
   0.64274839  0.16178519  0.32671221 -0.09292065  0.56487064 -0.30380341]
 [ 0.85034204  0.40338885 -0.2424559  -0.72621238 -0.39682028  0.07767091
  -0.55511354  0.67745734  0.69803109 -0.51563398  0.45480166 -0.32833235]
 [-0.54466117  0.80348635  0.34686866  1.30332667  0.6126319  -0.16561678
  -0.18485707 -0.21188581 -0.08659874  0.88452071  0.10657088  0.23331914]
 [-0.04019643  0.1288455   0.29759775 -0.34096194  0.77254318  0.82261135
  -0.28407773  0.11452152  0.30034193 -0.40688325  1.76953529 -0.70994713]
 [ 0.98975253 -0.0764377   0.25649367 -0.25916576 -0.4854293  -0.96591657
   0.14506629  1.00692509 -0.73859593 -0.71343915 -0.86659436 -0.39189368]
 [-0.31377527  1.57542084  1.28593636  0.61115477 -0.59041034  0.47972392
  -0.48375417 -0.34846397 -0.42404271  0.9417127  -0.22993374 -0.23049473]],[[-0.33069065 -0.33271826  0.17535407  0.42935904  0.14080883  0.74044462
   0.06904276]
 [ 1.28514609  0.43051377 -0.66617829 -1.95044974  1.00376035  0.03087778
  -1.24789059]
 [-1.36780866  0.5643951   1.14140141  0.85023153  1.37715656  0.57868779
   0.69076004]
 [-0.87825917  0.13050467 -0.28995776  0.1145632  -0.55977284 -0.20598461
  -0.32523891]
 [-0.33736096 -0.95691163  0.84239011 -0.52946176 -0.11114864  1.18827034
  -0.59295322]
 [-0.76537954  2.24717412  0.02225385 -1.69217616 -1.28349086 -0.93898198
   0.35233928]
 [ 0.34961537 -0.2641281   0.65477213 -1.80433691 -0.09686714  0.32861261
   1.22499962]
 [-0.85658821 -0.7009577  -1.23843798  0.68125914 -1.05212499  1.34684506
   1.66966298]
 [ 0.96125626 -0.62248026  0.10941155  0.09210089 -1.48768262 -0.22642836
  -0.95143279]
 [-0.39298949  0.1503138  -0.21852277 -0.27749661  0.52511576 -1.00173784
  -0.52508167]
 [-0.70583817  0.65385704  0.8193159   1.22950575 -1.07586106 -1.25057637
   0.95153122]
 [ 0.62678298 -0.87981258 -0.80801997 -1.83335183 -0.75291453  0.23832254
   0.13554104]]