[[ 0.92425709  0.65293103  0.78132198  0.60064212 -0.50389529  0.07807274
   0.48485152 -0.2391041   0.07858021 -0.68473371 -0.94145403  0.26664971]
 [ 0.33722269 -0.91362383  1.50431351 -1.37007015 -0.20840836  0.37121051
   0.56746641  0.60859567  0.21650381 -0.26788744 -0.76201912  1.08151281]
 [ 0.10936071  1.07744182 -0.78626854  0.04168452  0.73656167  0.01697135
  -0.69917215 -0.1377923   0.01419603 -0.52749633 -0.99798518 -0.8507676 ]
 [-0.58686458 -0.22824111  0.25226521 -0.4602924   0.1457204   0.96966079
   0.13972473  0.87073578  0.5198581   0.16447158  0.89842264 -0.46282173]
 [ 0.76329595 -0.19201639  0.06680354 -0.34765887 -0.18431421 -0.81514199
   0.06011931 -0.3224035  -0.00919576 -0.71357369  0.22279478  0.41827427]
 [ 0.91468705 -0.27957664  0.85964871  0.07790489 -0.53409539 -1.09513695
  -0.34495332 -0.87960905 -0.45435355  0.24374982 -0.47238121 -0.07323578]
 [-0.39062882 -0.14675137 -0.5063835  -0.62010025  1.92485449  0.22626209
   0.02636972 -0.38581597 -1.81031123 -0.03101873  0.11270139  0.00930984]
 [ 0.56187769  0.81621929  0.13787393  0.87621851  0.90263365  0.96290411
  -0.89373356  0.36236245 -0.42461502 -0.69942628  0.88391428 -0.00647445]
 [-0.8693425  -0.14691065  0.24550538 -0.99302654 -0.86377696  0.10847908
  -0.86993     0.63140028 -0.45532804 -0.50392636 -0.11235192  0.8847844 ]
 [-0.17323427  0.22320459 -0.10548295  0.88557425 -0.41925346 -0.63312838
   0.93355183 -0.04442365 -0.22456164  0.77259829 -0.96349812  0.6595547 ]
 [-0.29317635  0.58265561 -1.24414385  0.32975369  0.19903714 -1.19706559
   0.83952776 -0.95728625  0.88897324 -0.63377577  0.45045564  0.31443062]
 [-1.09613607 -0.28127079 -0.9369055   0.01386089 -0.41205093 -0.55521997
  -0.20383024 -1.27683937 -0.66354772 -0.95783798 -0.74528054 -0.92342152]
 [ 1.05484784 -0.78955367 -0.09390567  0.63836898  1.18602276  0.65881624
   1.21709412 -0.90788374 -1.53278354 -0.29293909  0.75150864 -0.17949694]
 [ 0.34162782 -0.17199519  0.14748472 -0.90734756  0.77862692 -0.98194663
   0.42216186 -0.41675059 -0.15728431  0.78328609  0.36208458 -0.47544056]
 [ 1.50781786 -0.26653389 -0.20081926 -0.47793449 -0.39682028 -0.14940854
  -1.15908387  0.20088672  0.09936396 -0.92785705  0.35012323  0.21317924]
 [-0.54466117  0.91202764  0.34686866  0.88046093 -0.33173517 -0.69783787
   0.49790195 -0.21188581 -0.61169994  0.88452071  0.48580371 -0.00704997]
 [ 0.22035889 -0.02063473 -0.45535928 -0.34096194  1.93848156  0.52264937
  -0.18516282  0.02616708 -0.11724528  0.08815847  0.60175481 -0.59215735]
 [ 0.98975253  0.09354456  0.26372726 -1.0616599  -0.64081868 -0.3746846
   0.16240951  0.435159   -0.47790041 -1.6044503  -0.00215316 -1.26086606]
 [-0.31377527  0.9421568   0.5924539   0.53462221 -0.39795176 -0.07754824
  -0.32212822 -0.51252819 -0.51416979  0.20992246 -0.68594889 -0.21829863]],[[-0.88301151 -0.36261039  0.11638924  0.43189754 -0.0022365   0.54139196
   0.0077938 ]
 [ 0.12625727 -0.36561641 -1.02367373 -0.85745894  0.26242098 -0.10541136
  -1.11074241]
 [ 0.84713453  0.36384512  0.81722277  0.74401179  1.93219323 -0.17193037
   0.20488438]
 [-0.2606126  -1.41468771  0.14388544  0.2072774  -0.51876282 -0.55795974
  -0.11235238]
 [-0.0340043  -0.8282753   0.17739641  1.15934553  0.30740347  1.88617903
  -0.5725344 ]
 [-0.09191301  1.42177205  0.04915766 -0.38491708 -1.02925292 -0.6240114
   1.12760092]
 [ 0.61488444  0.94684313  0.12128268 -1.59242652  0.2745981   0.75303998
   0.8908713 ]
 [-0.26561494  0.15517556 -0.27662093 -0.62771895 -0.46648721  0.36979338
   0.08455509]
 [ 0.27913347 -0.97832239  0.64034659  0.09407669 -0.32956203 -0.01565359
  -0.30143801]
 [-0.97964047 -0.34280647 -1.29853435 -0.05754712  0.1485037  -0.56801873
  -0.99541927]
 [-0.29971279  1.54244607 -0.21821818 -1.20400449 -1.03846245 -0.31743077
   1.09026371]
 [-0.03848803 -1.10395211 -1.16917529 -0.20092372 -0.94950028  1.19361799
  -0.10783734]]