[[ 1.1948053   0.23990152  0.33312969 -0.08484793 -0.76365678  0.07948435
   0.98021966 -0.53832394  0.4017367   0.74827183 -1.67235037  0.30848299]
 [ 0.28396644 -0.60106211  1.14938971  0.10137373 -0.27720222  0.70794204
   0.54818275  0.80628064  0.59197275 -0.96325193 -1.09824235  0.53546696]
 [ 0.28683678  0.266453   -0.19451587 -0.30355534  0.45839628 -0.29322103
  -0.69917215 -0.51590095 -0.03974191 -1.40654136 -1.17344728 -1.21860305]
 [-0.01101856 -1.01425732  0.3006141  -0.20445384  0.30680087  1.21560306
  -0.13491541  1.10053325  0.67098143  0.17673014  0.79233905 -0.89804863]
 [ 1.03653928 -0.521514    0.16197832 -0.41250086 -0.33830525 -0.42697819
   0.08114065  0.1420948  -0.40313499 -0.10361177 -0.08233209  0.06444417]
 [-0.32781308 -0.2930427   0.73630582  0.19991259 -0.69072153 -1.03268775
  -0.18490364 -0.84055817  0.21167127  0.26429911 -0.75583632 -0.54851042]
 [ 0.3537757  -0.30533378 -0.99413605 -0.25018109  0.94392063 -0.45030464
   0.77187621  0.14114954 -1.08571958 -0.3970762   1.02980806  0.4765149 ]
 [ 0.39461807  0.73279101 -0.11422846  1.2247843   0.46628198  0.7885665
  -0.94390624  1.29104431  0.25414628  0.18962891  0.60928574 -0.36091219]
 [-1.14326426 -0.77784265  0.30257576 -1.04377803 -0.75468108  1.2437952
   0.16443523 -0.16047321 -0.35183005 -0.39165356 -0.81618484  0.77173993]
 [-1.15533965  1.1552018  -0.3637595   0.47306749  0.08668329  0.19266993
  -0.59727941 -0.01501914  0.42598653  1.02604956 -0.88480882 -0.10135937]
 [-0.09355419  0.57109022 -0.39683857  0.68419896  0.24817459 -1.375132
   0.67166279  0.28816504  0.88897324 -0.00961432  0.8598331   0.42420728]
 [-0.50591009 -0.69708056 -1.40998127  0.0951229  -0.74846937 -0.52107603
  -0.5221817  -1.23818243 -0.10972436 -1.21922627 -0.56635901 -0.71148737]
 [ 0.31014339 -1.36365604  0.70618364  0.69555191  0.35773241 -0.11151993
   0.47064894 -1.53970993 -0.46857531 -0.78806706  0.87508528  0.07689607]
 [ 0.31911492 -0.25153022 -0.05204857 -1.43708893  0.1098376  -0.25528898
   0.57685853  0.13969542  0.16957089  1.13243883  0.13318186  0.37630485]
 [ 1.24215308 -0.32449211  0.31566424 -0.05706785 -0.09841639 -0.13300276
  -1.10973221  0.51339494  0.23632776 -0.2388067   0.51604422 -0.0309074 ]
 [-0.34824951  0.87904769  0.0492162   1.33056233  0.82959543 -0.6189105
  -0.10714536 -0.19531513  0.48924641  0.70862181  0.71956989  0.1972966 ]
 [ 1.1111396   0.69507599 -0.36258851  0.02059182  0.7462266   0.86497987
  -0.19288535  0.04052017  0.3218049  -0.13010931  0.15489037  0.40760961]
 [ 0.98975253  0.15246076  0.4023528  -0.21974046 -0.29101874  0.027442
  -1.12346852  0.71318216 -0.93427136 -0.71294373 -0.90597997 -0.81382836]
 [ 0.42096756  1.01927349  0.96098932  0.8289276  -0.23471679  0.1052262
   0.33849116 -0.94251528 -0.42404271  0.74596553 -0.38412438  0.17532297]],[[-7.54915681e-01 -3.75340964e-04 -2.52333532e-01  6.29687087e-01
  -6.64045261e-02  1.43112324e+00 -9.60527818e-01]
 [ 9.52410689e-01 -3.01522137e-01 -5.24836040e-01 -1.36062785e+00
   7.92754279e-01  1.23789013e+00  4.84507462e-01]
 [-1.67512688e+00  3.75839589e-01  6.78373545e-01 -4.30782316e-01
   7.46686417e-01  2.84197491e-02  1.07499352e+00]
 [-8.91653990e-01 -2.18472032e-02  3.08542704e-01  5.94140892e-01
  -5.41891338e-01 -3.26358852e-02  1.02669955e+00]
 [-1.06067893e-01 -1.64431572e+00  5.84271306e-01  1.16658567e+00
   7.95723438e-02  6.66762712e-01 -1.44313733e+00]
 [ 2.11037174e-01  7.54428629e-01 -1.04769312e+00 -1.17922861e+00
  -1.03502657e+00 -1.08322622e+00 -3.06957228e-02]
 [ 2.15452027e+00 -3.86755770e-01  1.35671572e+00 -7.64075611e-01
   3.14976086e-02  1.41091303e+00 -8.18375477e-01]
 [ 4.04097432e-01 -1.07456964e+00 -8.88207569e-01  1.04260127e+00
   4.45196401e-02  1.24541550e+00  9.42040129e-02]
 [ 3.64992306e-01 -2.23595331e-01 -3.13058351e-01  3.25031099e-01
  -1.02260020e+00 -4.98290718e-01 -1.05320182e-01]
 [-1.10674114e+00 -8.66425275e-01 -2.39334904e-01 -1.37650743e-01
   5.56597874e-01 -1.31750948e+00  1.31231203e-01]
 [-1.22976686e+00  2.82757288e-01  1.04264257e+00 -1.35233926e-01
  -9.06028272e-01 -1.90434086e+00  1.07541636e+00]
 [ 1.46149009e+00 -1.24639780e+00 -1.01200691e+00 -1.34870399e+00
  -7.69638246e-01  1.50629933e+00  8.74303338e-01]]