[[ 1.78733775e+00  8.37364838e-01  7.81321983e-01  5.57928921e-01
  -9.72982533e-01 -1.87406717e-01  2.19464048e-01  6.51240209e-01
   1.81248228e-01 -6.85564884e-01 -1.24512913e+00  5.88634894e-01]
 [ 9.03123135e-01 -9.13623834e-01  1.83971495e+00 -1.84272767e+00
  -7.07448819e-01  3.71210508e-01  9.19339011e-01  3.84853740e-01
   2.16503806e-01 -9.15611950e-02 -1.12730224e+00  4.99303077e-01]
 [-1.09069416e-01  8.14390113e-01 -6.29600446e-01  1.19173769e-01
   7.70352573e-01 -3.41241795e-01 -8.79789560e-01 -4.47018820e-01
   2.33444038e-01 -5.27496328e-01 -9.97985183e-01 -9.83955500e-01]
 [-3.59934824e-01 -3.57212452e-01  8.45686655e-02 -4.60292403e-01
   4.74105373e-01  5.69116307e-01 -2.41237530e-01  1.26693342e+00
   5.19858096e-01  1.36007633e-01  1.22463128e+00 -7.65168152e-01]
 [ 7.63295954e-01  1.60780126e-01  7.34434080e-02 -1.90940751e-01
  -1.84314213e-01 -6.02753958e-01 -6.44760180e-02 -3.22403495e-01
  -7.03092149e-01 -2.37725573e-01 -1.49878563e-01 -4.52898345e-02]
 [ 4.64915242e-01 -2.79576642e-01  1.12076844e+00  3.93124627e-01
  -5.34095389e-01 -8.96290008e-01 -7.05925909e-01 -8.79609048e-01
  -6.19708335e-01  2.43749820e-01 -1.53820311e-01  2.20476697e-01]
 [-5.74727541e-01 -1.46751371e-01 -1.09862184e+00 -5.17934763e-01
   1.65414362e+00  1.28603498e-01  4.25394576e-01 -5.46218005e-01
  -1.47783515e+00 -3.10187298e-02  1.02804090e+00 -2.19864799e-02]
 [ 6.42284541e-01  4.79147854e-01  1.37873933e-01  7.94658626e-01
   8.62815510e-01  6.21617524e-01 -1.36224639e+00  2.36329878e-01
  -9.00035627e-02 -4.99104081e-01  9.38620643e-01 -2.06971560e-01]
 [-1.24461380e+00 -5.67930742e-02  3.19894563e-01 -9.47464265e-01
  -1.23920152e+00  1.08479076e-01 -1.30237837e+00  4.91522011e-01
  -9.81278452e-01 -5.67119746e-01 -1.77010391e-01  8.84784400e-01]
 [-3.98372003e-02  7.62515541e-01  6.31019025e-03  6.29302415e-01
  -3.78369250e-01 -6.62048458e-01 -3.32571372e-01  2.41285029e-01
  -1.98935457e-01  1.36085696e+00 -9.87492466e-01  9.19923669e-01]
 [-6.67685259e-01  5.51794753e-01 -1.15637241e+00  7.87508117e-01
   3.93304732e-01 -1.59806073e+00  5.64787791e-01  1.53934181e-03
   1.23689342e+00 -6.33775770e-01  1.18585732e+00  3.14430623e-01]
 [-8.68991213e-01 -4.46550548e-01 -9.36905503e-01  1.58994389e-01
  -1.08526139e+00 -5.55219968e-01  2.93059436e-01 -1.29397812e+00
  -9.50742792e-01 -9.57837977e-01 -5.66359011e-01 -6.10615515e-01]
 [ 9.41716680e-01 -6.91273114e-01 -3.42787355e-01  8.19786037e-01
   1.18602276e+00  6.58816237e-01  1.11749204e+00 -5.23926750e-01
  -1.17074326e+00 -1.08583088e+00  9.14251759e-01  1.78808026e-01]
 [ 2.81075836e-01 -5.85239067e-01  4.28960599e-01 -9.39368309e-01
   1.22365216e+00 -6.02820228e-01  1.13952866e-01 -4.59363204e-01
  -1.57284311e-01  7.83286089e-01  7.32690785e-01  9.24560823e-01]
 [ 1.50781786e+00 -1.00124095e-01 -3.11075377e-01 -6.24866887e-01
  -1.30535858e-02 -1.49408535e-01 -1.14345680e+00 -2.16008272e-01
   9.93639557e-02 -1.33882902e+00  4.54801662e-01  1.59007327e-03]
 [-1.79364457e-01  8.24920035e-01  3.46868663e-01  1.13127530e+00
   4.73104039e-01 -6.97837868e-01  3.68671266e-01  2.59226913e-01
  -8.65987404e-02  8.84520712e-01 -1.31595360e-02 -8.61093910e-02]
 [ 1.79119831e-01  3.44151810e-01 -3.57152905e-01 -6.17184110e-01
   1.64603191e+00  8.64979874e-01 -1.85162819e-01  3.99220340e-01
   3.00341931e-01  4.18723345e-01  1.40742736e+00 -5.92157345e-01]
 [ 7.23754741e-01  8.37042876e-02  6.74971500e-03 -8.76289272e-01
  -5.69648475e-01  2.62550144e-02 -1.93176205e-01  5.50339883e-01
  -4.77900414e-01 -1.69182158e+00 -1.11965037e+00 -8.92869556e-01]
 [-3.13775275e-01  9.42156797e-01  9.61047119e-01  2.70418542e-01
   6.25558931e-02 -3.92604558e-01 -3.62465960e-01 -5.12528188e-01
  -5.14169786e-01  2.88765379e-01 -5.60235249e-01 -2.18298626e-01]],[[-0.55823863 -0.72895725  2.03235246 -0.54562165  0.12669615  0.73433832
   0.17560753]
 [ 0.03934153 -0.36565103 -1.48637489 -1.29257926  0.01107531  0.0841628
  -0.72626077]
 [-0.05866942 -0.06801049  0.67870663 -0.5003092   1.69516666  0.37883227
  -0.01236305]
 [-1.02751332 -1.1569252  -0.21678865  0.91477883 -0.32958127 -0.76499749
  -0.05024315]
 [-0.23966845 -0.30175484  0.39275493  1.30276809  0.67877833  0.80759428
  -0.32381992]
 [-0.58752457  1.83739772  0.14649341  0.01156029 -0.79870297 -0.3920222
   1.12418525]
 [ 0.18631341  0.78491156 -0.04961465 -1.10259732  0.91489263  1.57458242
   0.32428992]
 [-0.98703253 -0.05377879 -0.23781338 -0.10448011 -0.37498223  0.15658669
   0.5987229 ]
 [ 0.67835978 -0.20515089  0.85619272 -0.11062873 -0.95467448 -0.09755707
   0.43109618]
 [-1.30354674 -0.88729269 -1.28706218  0.1785028  -1.01274197 -1.08444235
  -1.20532171]
 [-0.49728925  1.61425986  0.01193372 -0.77742851 -0.88552101 -0.57394528
   0.50912122]
 [ 0.09757914 -0.85680386 -1.07235737 -0.61240721 -1.15273499  0.45586444
   0.57842531]]