[[ 0.92425709  0.16224873  0.54702848 -0.38528182 -0.49586782  0.07948435
   0.73722097 -0.65478412  0.4017367   0.31728001 -1.41960141  1.02195753]
 [ 0.28396644 -0.47595711  1.29923902  0.32537145  0.18736072  0.41830404
   0.54818275  0.66677887  0.59197275 -0.21237553 -0.62978494  0.53546696]
 [ 0.47464788  1.03167605 -0.19451587 -0.10583901  0.45839628 -0.54819827
  -0.69917215 -0.51590095 -0.03974191 -1.02916825 -1.17344728 -0.88631274]
 [-0.4658414  -0.79829309  0.06569071 -0.11156289  0.30680087  0.76412958
  -0.13491541  1.10053325  0.88445556  0.4605624   0.79233905 -0.08674151]
 [ 1.03653928 -0.71802541 -0.02381632 -0.41250086  0.05776952 -0.11066362
  -0.20233717  0.1420948   0.0620743  -0.10361177 -0.36972679  0.12842806]
 [ 0.58066227 -0.08756733  0.92853366  0.14303313 -0.31557106 -1.03268775
  -0.18490364 -0.84055817 -0.44368916  0.66159588 -0.54157826 -0.07519496]
 [ 0.21086388 -0.50279649 -1.89622438  0.10137846  0.93214314 -0.59572773
   0.81166744  0.16627352 -1.08571958 -0.3970762   1.41959983  0.4765149 ]
 [ 0.39461807  0.93028676  0.04291199  1.36441187  0.44798095  0.7885665
  -0.94390624  0.46644391 -0.28228159  0.18119721  0.59420579  0.04660172]
 [-0.93821271 -0.77784265  0.30257576 -1.04370768 -0.52431026  1.2437952
   0.10980234 -0.44689956  0.40392089 -0.02557933 -0.34459518  0.8847844 ]
 [-1.15533965  1.0741115  -0.50653665 -0.00239006  0.08668329 -0.06505528
  -0.66613662 -0.52983905  0.23399717  1.02604956 -0.99691536  0.19654965]
 [-0.29317635  0.66607609 -0.84279892  1.25106697  0.13621498 -0.89257471
   0.46210734  0.08443778  0.92819745  0.30335754  0.48431654  0.25906901]
 [-0.50591009 -0.70263488 -1.43194445  0.88818233 -0.14559421 -0.23847251
  -0.5221817  -0.76344285 -0.15445224 -0.61084485 -0.56635901 -0.93156614]
 [ 0.26815816 -1.36365604  0.24464683  0.3535074   0.28064028 -0.1523337
  -0.03111345 -0.82295544 -0.4292525  -0.74829225  1.02558636  0.13735389]
 [ 0.31911492  0.07073207 -0.84497316 -1.35417731  0.1098376  -0.25528898
   0.57685853 -0.4144419   0.16957089  1.13243883  0.13318186  0.37630485]
 [ 1.65694683 -0.32449211  0.31566424 -0.53806583 -0.09841639  0.19994086
  -0.98827229  0.4484214   0.09936396 -0.2388067   0.51604422 -0.0309074 ]
 [-0.34824951  0.83960377  0.47468285  1.33056233  0.6126319  -0.6189105
  -0.10714536 -0.22818052  0.21450993  0.70862181 -0.09056164  0.94740718]
 [ 0.86565979  1.19040097 -0.36258851  0.02059182  0.7462266   0.86497987
  -0.19288535  0.11452152 -0.13989911 -0.13010931  0.56185195 -0.04685961]
 [ 0.71145303  0.15246076  0.25573681 -0.21974046 -0.06824159  0.45006906
  -0.73482768  0.86566245 -0.67639578 -0.58383438 -0.82980085 -0.86732479]
 [ 0.17407311  0.9421568   1.44900379  0.8289276  -0.23471679  0.1052262
   0.00958623 -0.82170988 -0.42404271  1.34601631 -0.91659073  0.17532297]],[[-0.51204302  0.19218437 -0.09048113  0.28954064  0.2082935   1.05520166
   0.26557504]
 [ 0.54944992  0.30208876 -0.7302741  -1.85848894  1.0945755   0.81947724
  -0.02104102]
 [-2.03238035  0.35218307 -0.21642394  0.05744615  1.3203378   0.02841975
   0.60496322]
 [-1.14430235 -0.76574443 -0.29545617  0.59414089 -1.38644025  0.98357613
   0.45564134]
 [ 0.02688978 -1.28702018  0.37863317  1.80691334  0.16356822  0.46544733
  -1.53746086]
 [-0.02057478  0.27453385 -0.77028812 -1.18001868 -0.93390113 -1.27232651
   0.24187785]
 [ 1.49672868 -0.60190783  1.08553204 -0.67701807 -0.47635236  1.41950841
   0.09776906]
 [ 0.17688861 -0.63451011 -0.62489958  0.86172603 -0.32919565  1.2127006
  -0.4158817 ]
 [-0.05585496 -1.15717592  0.01592136  0.86761227 -0.50624139 -0.5566331
  -0.85774691]
 [-0.81877028 -0.95322761 -0.50377169  0.02000213  0.43769412 -0.93969944
  -0.42605251]
 [-1.06240794 -0.42518766  0.20208783 -0.1747415  -0.09730035 -2.40711304
   1.42502669]
 [ 1.24309777 -1.66540694 -0.53380296 -0.87886509 -0.50722786  1.31488795
   2.2713986 ]]