[[ 1.31357113  0.16224873  0.32123436 -0.77950873 -0.49586782  0.07525248
   0.73722097 -1.12247997  0.4017367   0.56678597 -1.41960141  0.59158366]
 [ 0.28396644 -0.47595711  0.66316408  0.31774721 -0.27720222  0.41830404
   0.40292165  0.66677887  0.59521139 -1.35832227 -0.81815408  0.53546696]
 [ 0.47464788  0.75133548 -0.19451587 -0.43379844  0.45839628 -0.54819827
  -0.99687078 -0.51590095 -0.03974191 -0.96988069 -1.17344728 -0.88631274]
 [-0.60229363 -0.79829309  0.3006141  -0.11156289  0.30680087  1.18775803
  -0.13491541  1.10053325  0.83249504  0.17673014  0.79233905 -0.75021888]
 [ 1.03653928 -1.07867046 -0.02381632 -0.41250086  0.13454871 -0.11066362
   0.08114065  0.1420948  -0.18947235 -0.10361177 -0.04208963 -0.26285614]
 [ 0.42518678 -0.2930427   0.75629643  0.14303313 -0.70301146 -0.6768551
  -0.18490364 -0.84055817  0.27294526  0.91928306 -0.63447602 -0.58611158]
 [ 0.21086388 -0.10532855 -1.44325446  0.10137846  0.94392063 -0.59572773
   0.83731325  0.28474139 -1.08571958 -0.0201424   0.62441827  0.94347982]
 [ 0.39461807  0.49058242  0.39054636  1.2247843  -0.35341559  0.7885665
  -0.94390624  0.83241867 -0.40133321  0.18119721  0.59420579  0.04629369]
 [-0.93821271 -0.77784265  0.30257576 -0.92528608 -0.45337231  1.34562293
   0.27068805 -0.41113155  0.40392089 -0.02557933 -0.47733742  0.8847844 ]
 [-1.15533965  0.6404984  -0.50653665  0.47306749  0.08668329  0.02642829
  -0.66613662  0.43020808 -0.07395148  1.02604956 -0.99691536  0.19654965]
 [-0.12935865  0.812528   -0.91447541  0.83641487  0.72985209 -0.89257471
   0.72245148 -0.11879046  1.28352678  0.10333234  0.8598331  -0.10857132]
 [-0.50591009 -0.44655055 -1.59785643  0.0951229  -0.4005922  -0.52107603
  -0.08352792 -0.63258304 -0.40251759 -1.15134003 -0.56635901 -0.71148737]
 [ 0.31014339 -1.36365604  0.24464683  0.69555191  0.35773241 -0.04804492
   0.16878534 -1.21907138 -0.02078643 -0.21852213  1.02558636  0.07496865]
 [ 0.66725689 -0.25153022  0.43736372 -1.04461934 -0.0715299  -0.25528898
   1.11967334 -0.37084576  0.16957089  1.13243883 -0.01300526  0.37630485]
 [ 0.98943828 -0.32449211 -0.28798963 -0.23095215 -0.09841639 -0.13300276
  -0.64268066  0.4484214   0.09936396 -0.60063462  0.51604422 -0.0309074 ]
 [-0.34824951  0.87904769 -0.37556581  1.33056233  0.6126319  -0.6189105
   0.24106122 -0.19531513  0.21450993  0.70862181  0.28276181  0.1972966 ]
 [ 1.02205216  0.69507599 -0.36258851  0.02059182  0.7462266   1.08643598
  -0.6215854   0.11452152 -0.36662216 -0.13010931  0.56185195 -0.04685961]
 [ 0.93793992  0.40686526  0.25573681 -0.21974046 -0.49243965  0.06916751
  -0.35299128  0.86566245 -0.67639578 -0.71294373 -0.94651165 -0.81382836]
 [ 0.43729634  0.9421568   1.27768563  0.8289276  -0.23471679  0.1052262
   0.00958623 -0.82170988 -0.07776166  0.60159595 -0.67744472  0.17532297]],[[-2.36528233e-01  8.46878178e-02 -9.61688369e-01  7.44644917e-01
   2.28880477e-02  1.43112324e+00  1.69830054e-01]
 [ 6.85446872e-01 -3.01522137e-01 -7.49797816e-01 -2.09648839e+00
   1.07853369e+00  1.08089698e+00 -2.10410207e-02]
 [-1.58357823e+00  3.55658172e-01  5.90335406e-01 -2.12376989e-01
   8.23500911e-01  1.77793532e-01  6.47815094e-01]
 [-5.62312836e-01 -9.71627736e-01  1.05196902e-01  5.94140892e-01
  -1.23975368e+00  2.23438679e-01  1.30712706e+00]
 [-6.89392314e-02 -1.06149188e+00  4.97163908e-01  1.19688358e+00
  -9.18736423e-02  1.01394398e+00 -1.50758486e+00]
 [-2.34355586e-04  4.18301004e-01 -1.27410046e+00 -1.28253342e+00
  -9.89939986e-01 -1.23170142e+00  5.05363845e-02]
 [ 1.27914625e+00 -1.51532117e+00  1.07077533e+00 -5.58502079e-01
  -5.74796852e-01  1.59988115e+00  1.36847076e-01]
 [ 4.04097432e-01 -6.48527468e-01 -1.35452569e-01  1.05945536e+00
  -1.26387207e+00  4.86903543e-01  5.07221266e-01]
 [-7.54283665e-01 -5.19933055e-01 -7.92582640e-02  8.86907742e-01
  -8.36593411e-01 -3.27190368e-01 -4.67843147e-01]
 [-7.81921092e-01 -9.91188726e-01 -7.71826708e-01 -3.13606280e-01
  -2.82964236e-02 -1.53879952e+00 -9.04839815e-02]
 [-1.13246053e+00 -5.16614772e-01  1.25624386e-01 -2.88283443e-01
  -9.82462658e-01 -1.81415864e+00  7.79916394e-01]
 [ 1.05155281e+00 -1.24639780e+00 -6.47387848e-01 -6.00573523e-01
  -5.41228308e-02  1.50629933e+00  8.95120396e-01]]