[[ 1.78733775  0.83736484  0.78132198  0.19137287 -0.97298253 -0.18740672
   0.21946405  0.77617078  0.18124823 -0.68556488 -1.24512913  0.58863489]
 [ 0.90312314 -0.91362383  1.83971495 -1.82467399 -0.70744882  0.37121051
   0.91933901  0.38485374  0.21650381 -0.09156119 -0.92869078  0.49930308]
 [-0.10906942  0.81439011 -0.62960045  0.11917377  0.77035257 -0.3412418
  -0.87978956 -0.44701882  0.23344404 -0.52749633 -0.99798518 -0.9839555 ]
 [-0.58686458 -0.35721245  0.08456867 -0.4602924   0.47410537  0.56911631
   0.47747049  1.26693342  0.5198581   0.56096407  1.22463128 -1.07569054]
 [ 0.76329595  0.16078013  0.07344341  0.04405799 -0.18431421 -0.60275396
  -0.06447602 -0.3224035  -0.41642463 -0.69463124 -0.14987856 -0.04528983]
 [ 0.46491524 -0.27957664  1.12076844  0.39312463 -0.53409539 -0.41675238
  -0.70592591 -0.87960905 -0.61970834  0.24374982 -0.15382031  0.2204767 ]
 [-0.57472754 -0.14675137 -1.09862184 -0.51793476  1.65414362  0.1286035
   0.2390807  -0.54621801 -1.47783515 -0.03101873  0.56267283 -0.02198648]
 [ 0.64228454  0.68234975  0.13423876  0.79465863  0.86281551  0.62161752
  -1.36224639  0.23632988 -0.09000356 -0.49910408  0.93862064 -0.20697156]
 [-1.2446138  -0.03813591  0.31989456 -0.94746427 -1.23920152  0.10847908
  -1.30237837  0.49152201 -0.98127845 -0.56711975  0.13281759  0.8847844 ]
 [-0.62420826  0.76251554  0.00631019  0.62930242 -0.37836925 -0.66204846
  -0.33257137  0.24128503 -0.19893546  1.36085696 -1.47934174  0.91992367]
 [-0.66768526  0.66607609 -1.15637241  0.78750812  0.39330473 -1.59806073
   0.18158369 -0.18527941  1.23689342 -0.63377577  1.18585732  0.31443062]
 [-0.86899121 -0.56294496 -0.9369055   0.15899439 -0.69715321 -0.55521997
   0.29305944 -1.29397812 -0.95074279 -0.95783798 -0.56635901 -0.61061551]
 [ 0.88485301 -0.69127311  0.01060417  0.81978604  1.18602276  0.65881624
   1.11749204 -0.52392675 -1.17074326 -1.08583088  0.91425176  0.17880803]
 [ 0.28107584 -0.59733872  0.4289606  -0.86764627  1.22365216 -0.60282023
   0.11395287 -0.4593632  -0.15728431  0.78328609  0.73269079  0.92456082]
 [ 1.50781786 -0.10012409  0.02723385 -0.62486689 -0.01305359 -0.14940854
  -1.05268749  0.20088672  0.09936396 -1.33882902  0.2628967   0.21317924]
 [-0.17936446  0.82492003  0.34686866  1.1312753   0.47310404 -0.69783787
   0.36867127  0.20612116 -0.08659874  0.88452071  0.48580371 -0.00704997]
 [ 0.17911983  0.34415181 -0.35715291 -0.61718411  1.64603191  0.86497987
  -0.18516282  0.39922034  0.30034193  0.41872335  1.40742736 -0.59215735]
 [ 0.72375474  0.08370429  0.00674971 -0.87628927 -0.56964848  0.02625501
  -0.19317621  0.55033988 -0.47790041 -1.69182158 -1.11965037 -0.43879225]
 [-0.31377527  1.26283726  1.43386498  0.27041854  0.06255589 -0.39260456
  -0.36246596 -0.51252819 -0.51416979  0.28876538 -0.56023525 -0.21829863]],[[-0.68998933 -0.40160855  2.11331922 -0.54562165  0.12669615  0.73433832
   0.17560753]
 [ 0.67323223 -0.36565103 -1.48637489 -1.09146253  0.01107531  0.0841628
  -0.72626077]
 [-0.05866942 -0.06801049  0.67870663 -0.5003092   1.60788465  0.37883227
   0.38613877]
 [-1.02751332 -1.36956951  0.07696828  0.91477883 -0.32958127 -1.1144491
  -0.05024315]
 [-0.23966845 -0.30175484  0.39275493  1.30276809  0.67877833  0.80759428
  -0.32381992]
 [-0.58752457  1.83739772  0.14649341  0.10602019 -0.79870297  0.05910513
   1.12418525]
 [ 0.4637174   1.01550194 -0.04961465 -1.10259732  0.91489263  1.57458242
   0.57256422]
 [-0.65742692 -0.05377879 -0.58810565 -0.19810912 -0.37498223  0.20890055
   0.5987229 ]
 [ 0.67835978 -0.20515089  0.85619272 -0.11062873 -0.61591133 -0.04930755
   0.43109618]
 [-1.02021755 -0.41144013 -1.6066095   0.1785028  -0.70494997 -0.73948299
  -1.20532171]
 [-0.31714927  1.16560539  0.01193372  0.05344959 -0.5860007  -0.35361424
   0.50912122]
 [ 0.09757914 -0.8889688  -0.8256499  -0.61240721 -1.15273499  0.45586444
   0.57842531]]