[[ 1.31357113  0.0485134   0.32123436 -0.77950873 -0.49586782  0.07525248
   0.73722097 -1.12247997  0.21773702  0.66418799 -1.41960141  0.5036383 ]
 [ 0.28396644 -0.47595711  0.8321436   0.31774721 -0.27720222  0.41830404
   0.40292165  0.30461847  0.81855153 -0.53198475 -0.81815408  0.53546696]
 [ 0.47464788  0.65375896  0.26756416 -0.10583901  0.45839628 -0.83545983
  -0.69917215 -0.51590095 -0.03974191 -0.96988069 -1.17344728 -0.88631274]
 [-0.60229363 -0.79829309  0.3006141  -0.11156289  0.30680087  1.18775803
  -0.13491541  1.10053325  0.83249504  0.17673014  0.79233905 -0.50987607]
 [ 1.03653928 -0.69965525 -0.02381632 -0.84414105  0.13454871 -0.11066362
   0.08114065  0.1420948  -0.18947235 -0.10361177 -0.04208963  0.12842806]
 [ 0.42518678 -0.2930427   0.96830911  0.14303313 -0.70301146 -1.03268775
  -0.18490364 -0.84055817  0.27294526  0.91773534 -0.71108506 -0.58611158]
 [ 0.21086388  0.22040361 -1.44325446  0.10137846  0.59158901 -0.59572773
   0.81166744  0.28474139 -1.08571958 -0.3970762   0.62441827  0.4765149 ]
 [ 0.39461807  0.93028676  0.20111317  1.2247843  -0.35341559  0.7885665
  -0.94390624  0.83241867 -0.40133321  0.18119721  0.59420579  0.04629369]
 [-0.93821271 -0.77784265  0.30257576 -0.92528608 -0.45337231  1.28609187
   0.455519   -0.41113155  0.87529688  0.03197971 -0.58138527  0.8847844 ]
 [-1.15533965  0.6404984  -0.50653665  0.47306749  0.08668329  0.02642829
  -0.66613662  0.60977412 -0.07395148  1.02604956 -0.99691536  0.19654965]
 [-0.05965073  0.812528   -0.63541803  0.83641487  0.72985209 -0.89257471
   0.72245148 -0.11879046  1.28352678  0.10333234  0.8598331   0.09107566]
 [-0.50591009 -0.44655055 -1.63583125  0.0951229  -0.4005922  -0.52107603
   0.25987823 -0.63258304 -0.49911705 -0.54488927 -0.56635901 -0.71148737]
 [ 0.31014339 -1.36365604  0.69652184  0.69555191  0.35773241 -0.04804492
   0.16878534 -0.82295544 -0.4292525  -0.21852213  1.02558636  0.13088502]
 [ 0.66725689 -0.25153022 -0.05204857 -1.04461934 -0.0715299  -0.25528898
   1.11967334 -0.07027694  0.16957089  1.13243883  0.13318186  0.37630485]
 [ 1.24215308 -0.24846524 -0.41302687 -0.23095215 -0.09841639 -0.13300276
  -0.64268066  0.4484214   0.09936396 -0.60063462  0.51604422 -0.0309074 ]
 [-0.34824951  0.87904769 -0.66287723  1.33056233  0.57958406 -0.6189105
   0.37461104 -0.19531513  0.21450993  0.70862181  0.62363829  0.1972966 ]
 [ 0.86565979  0.69507599 -0.36258851  0.02059182  0.7462266   0.86497987
  -0.19288535  0.11452152 -0.13989911 -0.13010931  0.56185195 -0.04685961]
 [ 0.60271504 -0.10481892  0.25573681 -0.21974046 -0.49243965  0.06916751
  -0.14959784  0.86566245 -0.67639578 -0.71294373 -0.94651165 -0.73908848]
 [ 0.12497374  0.9421568   1.27768563  0.8289276  -0.23471679  0.46642889
   0.00958623 -0.82170988 -0.07776166  1.09418705 -0.67744472  0.17532297]],[[-7.32348362e-01  4.68280785e-02 -5.17062092e-01  8.14519812e-01
   7.20098948e-03  1.43112324e+00 -2.52448175e-01]
 [ 1.00117795e+00 -3.01522137e-01 -5.60850063e-01 -1.78700741e+00
   1.09457550e+00  9.24901573e-01 -2.10410207e-02]
 [-2.27992497e+00  3.55658172e-01  5.90335406e-01 -2.12376989e-01
   1.11433191e+00  7.60259145e-02  4.92304946e-01]
 [-8.14579356e-01 -9.71627736e-01  1.05196902e-01  5.65413650e-01
  -9.82506668e-01  2.23438679e-01  1.30712706e+00]
 [-5.21541762e-01 -1.03969200e+00  4.34496960e-01  1.19688358e+00
   2.58036901e-01  7.52658694e-01 -1.53746086e+00]
 [-2.34355586e-04  4.18301004e-01 -9.14844301e-01 -9.53274855e-01
  -7.60064701e-01 -9.77407240e-01 -3.32768748e-01]
 [ 1.27914625e+00 -1.10988308e+00  1.07077533e+00 -5.58502079e-01
   3.81471020e-01  1.60777465e+00  2.02515200e-01]
 [ 4.04097432e-01 -6.48527468e-01 -1.35452569e-01  7.88797128e-01
  -8.34193291e-01  4.86903543e-01  8.38996007e-01]
 [-4.12375373e-01 -5.19933055e-01 -3.32141182e-01  8.86907742e-01
  -1.11117795e+00 -4.98290718e-01 -6.68679217e-01]
 [-2.84049243e-01 -1.38538046e+00 -1.04692836e+00  1.00007162e-01
   2.48508529e-01 -1.53879952e+00 -9.04839815e-02]
 [-1.36514221e+00 -3.12917674e-01  2.02087827e-01 -2.88283443e-01
  -1.00019823e+00 -1.46354665e+00  5.94882655e-01]
 [ 5.70379909e-01 -1.52673417e+00 -6.47387848e-01 -8.68278508e-01
  -1.98775284e-03  1.50629933e+00  7.94130132e-01]]